BCAUniqueIdentifier,BCADate,BCAAmount
bca-4b5f60a8dc1377ba05eda638dfe5a175,2024-12-02,59300
bca-8ce0b8ca1e71160a9dde30c14d7e290f,2024-12-02,16700
bca-b6c1cf5574a57856b3482402599eee60,2024-12-02,26100
bca-ad445190f605475639ba6cdd277af23b,2024-12-02,-76300
bca-bf40c9d53d3a38de908237a750e345e7,2024-12-02,-1300
bca-6044409c9173835f202ae6e281c97cbe,2024-12-02,-24800
bca-eb7d60b0484dc0e9a6cad75865fffebb,2024-12-02,23400
bca-000234d6cb6def2d04c434a8c50e876d,2024-12-02,61400
bca-6f4e0e09e12d83d65caa1e3c7674d9b6,2024-12-02,92000
bca-b55c9ed81cc354987633a37e0b9d57d0,2024-12-02,18500
bca-303b2c3d680e9ca0254eb2ac12b01b77,2024-12-02,-18900
bca-3f158d23e5ba94eba31db05951754263,2024-12-02,92800
bca-c633725b52ed07082aa1ab8c6a3a3656,2024-12-02,1700
bca-c3be3f7c6ec57a8f36455cfd762fd55b,2024-12-02,65000
bca-8d02f45307f893474e6cc80a2217c662,2024-12-02,18400
bca-a61ae1121ae18e57cd5eba5fa5100f9b,2024-12-02,43000
bca-96f7d2e288a86a06cb3f79c36f29b332,2024-12-02,-28200
bca-9d96607524a82b6ead824bb3daf5759f,2024-12-02,75300
bca-b63f0531a09e2aa1c350b459f87f7bc3,2024-12-02,55700
bca-51ab4b7e9db5747eb2db4394bfe76f80,2024-12-02,6100
bca-d8833c47de516dce793d7ce253a6a75e,2024-12-02,4800
bca-d7a17ee5812c8ae09771448d21636917,2024-12-02,-50600
bca-546abef1d8c766f5ee40a269c29b2414,2024-12-02,-49400
bca-45bff402ee21e8c6425594cf6e27dcf2,2024-12-02,60100
bca-b40a4c3436ebcb079ea12a6c25cd932d,2024-12-02,87400
bca-09202dba0c15f5cf25e1c85970b30430,2024-12-02,-18400
bca-2f2688fefb3bd0618911cdf559309390,2024-12-02,25700
bca-311dc5c5511c89b4c48c0fe437ffba92,2024-12-02,-12800
bca-a65b73e82dca99ddd1c0faee2bbe5071,2024-12-02,16500
bca-dd728b88241dadee182181bd9a7ba54e,2024-12-02,55700
bca-cfc30ac430e8e90411a75b4f2ebc1c61,2024-12-02,11800
bca-eba295dcb58a3ba8afb1b76c0514fc96,2024-12-02,25600
bca-3414c22766bc4d90e42c59ce17a79723,2024-12-02,19300
bca-4515191c8e132f7774ef477273b14bd0,2024-12-02,83600
bca-60e4cafb482a0dae5a69298d8678ea1a,2024-12-02,96800
bca-d3fa8d75b900b6aa55b840c4f124a64f,2024-12-02,28300
bca-26006118fae266da8593cc920f9ba993,2024-12-02,-31400
bca-10b8632aecea572bdfce76601c40dd4d,2024-12-02,-79100
bca-d5482c5540adb465aabbe39101f0d060,2024-12-02,88200
bca-a69a5bb2c5af056d4de1062dad7afc0c,2024-12-02,98200
bca-af60671382b546fb2f7d413163ca883a,2024-12-02,75100
bca-76460ef8fe8230675e5ce04a4e766009,2024-12-02,87200
bca-8196001e2241b3d874c00c297ef32281,2024-12-02,44900
bca-01caae75ee3ff3616552d782ba7a20b1,2024-12-02,-64600
bca-47600fc2bd6e2588621ffbc57b8d4dd1,2024-12-02,-37300
bca-86087c3fc222ec6a1945150f0ab861fb,2024-12-02,-52500
bca-3ffc50a2a3e545bc28c76ec61eebc7aa,2024-12-02,53200
bca-7728783bddeccb3ded3bd60927efe0b2,2024-12-02,63000
bca-eb9e4a396c9060ba7139f0582eccb2cf,2024-12-02,23000
bca-9bf3e028921d964c46daa44801e90bee,2024-12-02,14900
bca-c87fb7745e6ed9c5a6f3651490a0b618,2024-12-02,27800
bca-ef91419f29e1d47f1067dd9bf1696c22,2024-12-02,79600
bca-fdbec7c68a2bffef2d070cfc7664ba53,2024-12-02,74000
bca-69db23adeddf96b3aa058faec34542a6,2024-12-02,85100
bca-c4e76302efcf9e9b882d9633284ec748,2024-12-02,89600
bca-8cbd38371e8419c91ba3d7d30f447c4c,2024-12-02,2700
bca-0a0792d7d1e5722558dccdcf717b4933,2024-12-02,86700
bca-02912acdf14c997dc009bc94f5041feb,2024-12-02,20400
bca-2debdc68de1fc47c4831f7e19b5d9a8c,2024-12-02,85400
bca-20028be5b4982878875fe71abe65d6d3,2024-12-02,17100
bca-d8b1c4c16495073cb325db9b6b5b21ab,2024-12-02,-73900
bca-051db68cdb172ba993254147e20f4807,2024-12-02,-16300
bca-6b294f08a2276baf15042062f96979a5,2024-12-02,-63900
bca-b785c541c9805a4c4f16a38a83837038,2024-12-02,5900
bca-17fadd227cd8b3f4fd5f61ee44d09531,2024-12-02,-68200
bca-c983c13ec54c884f73add57cdf9c1b32,2024-12-02,5800
bca-d3efb006057075a9f8797dcb4d826951,2024-12-02,-47700
bca-5df4dd25ce90f72d068913582cd2b7f8,2024-12-02,10400
bca-1abec3c8d925c8491f4ebe7c1b564cf3,2024-12-02,98900
bca-93ce1ff71a618bad96c0e09fdfd58c98,2024-12-02,51700
bca-11f5b79081b40825e2a3ce6dd03cb93c,2024-12-02,77200
bca-7b73cf6fcaa15ba127cf72621216ba3e,2024-12-02,30700
bca-43ddaf378d6228c1f36a5dc4436b031b,2024-12-02,90600
bca-d7265cd917303133a54291ec49ed6e70,2024-12-02,24800
bca-bc8d8c07fa31fdb8f18348b07386e606,2024-12-02,48400
bca-c527ec24d38db002b47f52b54d55553d,2024-12-02,81000
bca-c835310f75932c5167b686c3826471cd,2024-12-02,76100
bca-c1971c43a0edd366af9244377a6a00b0,2024-12-02,-53000
bca-5a30f952668e1bae7ea2bae00dc1b9fc,2024-12-02,-2700
bca-609c062cb2669712596e54385962f5b7,2024-12-02,83500
bca-a43d1c345a164840fe1c2082972e0a21,2024-12-02,-58800
bca-7c15bbb1ad036271095d654f46a92c5a,2024-12-02,-3600
bca-5909e9e4261b724fc3a786ccca154382,2024-12-02,40600
bca-cd5c243cfc0e20fe03d4b37505b5f0d3,2024-12-02,55400
bca-31274ebd7c4d4954e94be7fe78ace249,2024-12-02,-24500
bca-2f392cfb4a007082d6a00536ae154d3d,2024-12-02,41700
bca-a65d3c8436c6278f2b06ba322cd2493c,2024-12-02,95300
bca-6ab3c9671b7598f09c49337f4ee5e156,2024-12-02,49600
bca-f2ddeb31dbf2f179215794f80df64bcb,2024-12-02,62800
bca-0a73cde78cbe858789318e3248015f30,2024-12-02,95200
bca-1ece1c7c80578bca4a3d5065cdefc47f,2024-12-02,-4800
bca-c452a88be6d979cd80c50930fc22d888,2024-12-02,87500
bca-f5fc8bc6fee2638252fa9d2e0f4d055d,2024-12-02,-87100
bca-288d64deb994661bc2ad8f8b02071c38,2024-12-02,52200
bca-77e7f20ff278ff50ab2b723c02cddd7a,2024-12-02,4300
bca-0605e94958fde960b97343d0e1d526dc,2024-12-02,3600
bca-f24e2bb37fe798974c9eb2472c0e53d3,2024-12-02,38000
bca-931e59ee8117f06bd47c1d0d17696bf2,2024-12-02,54900
bca-a7a7e588bf7daef70143b837663d6758,2024-12-02,66500
bca-64ef336d5da5d0548e39f1bb981aecfe,2024-12-02,64500
bca-6b6d7db31778721c91bdcd28434156c9,2024-12-02,7800
bca-e425b632a238a71ccdd6cd41dd3b46ec,2024-12-02,56700
bca-4333b879df573e01ae3d436b994237b6,2024-12-02,39300
bca-151033fcd63ab5d6f35bcceb43234458,2024-12-02,12200
bca-99288388ae0224ad9f0cc4184af2fe8b,2024-12-02,41200
bca-c1d1270cab839245eb261aec12ceb71f,2024-12-02,45000
bca-edd5b8754b0771899da4aa80a06be731,2024-12-02,61500
bca-119c0a217386c4b87fd5ace1e48ddb96,2024-12-02,84600
bca-d2f88acaa5b529a3c9dcb2fb04568b10,2024-12-02,-70200
bca-e254a01957ec22110dccae0908834aad,2024-12-02,98800
bca-7709671f8047429936b4e7124455237b,2024-12-02,88100
bca-ca0ed17d623ad0e30823d5fd7fc35633,2024-12-02,20000
bca-34ce7b86e6241f638c916d587bad38a5,2024-12-02,26800
bca-dad07b2861707653323fc6de3eb592a4,2024-12-02,20600
bca-d7c70acca8a7f249c1e659df3ece761f,2024-12-02,13600
bca-0290409f3f1742dbd3382361b672036f,2024-12-02,44300
bca-e928d871dd4aafc464d35fa4a83a39af,2024-12-02,13000
bca-372241db03114d099420414a5b6615f8,2024-12-02,36500
bca-69fd8cf80919433575c00aae03c50429,2024-12-02,97400
bca-792e319ded354df17a1128863afef118,2024-12-02,94700
bca-be67c923c8f30397a47b107ee35f6c85,2024-12-02,-2100
bca-fed7fe24f8fc3a709844fc1b75886128,2024-12-02,89100
bca-038ee9eeb8043161b657d53e20630e17,2024-12-02,96500
bca-a0b6d574dc6be6b9aeb6cc9b3359c2b7,2024-12-02,71500
bca-858a0a98dd02febb01f57dc54420bfab,2024-12-02,91700
bca-66bdeac2f5fc2b84bc9460555ba89c57,2024-12-02,4300
bca-4895211de44d5596065dc00b57d32c3a,2024-12-02,-49000
bca-bfc748626da832011ed2e2aa8eb320f2,2024-12-02,77300
bca-c23f9e98a55e0494c064bb1b34016a8e,2024-12-02,55200
bca-d0d00f481befd1c30abe8de52bbdacd3,2024-12-02,-36300
bca-95a62442f3bd7ba0b0cffd84c09bc910,2024-12-02,-84200
bca-9e3c1db0d273301697cb4d19f0eedcc2,2024-12-02,80300
bca-8964634f8b0009cb24410bcabe9ddacd,2024-12-02,14900
bca-7c413644d4770d61e147a9ae676f5181,2024-12-02,-4200
bca-17ad4d4cbb0dd458cff19fe90b9ace93,2024-12-02,52400
bca-e2fdba4e442e22e9bcff4cbdf130db22,2024-12-02,92600
bca-06cfaa6f3d839bd49beff4ab659fbe6d,2024-12-02,71100
bca-fd3831b1d010f7e6c1bfc4f17bb9910e,2024-12-02,-50200
bca-67ac3b5d1f1ade196dfea8899b65fb55,2024-12-02,95800
bca-be1e69003eead8e0a9b55210d9360524,2024-12-02,-4900
bca-31d45e78d717ba5ef406f067ba14cf77,2024-12-02,2300
bca-441b8de0dbc06cd4143fb301fd895001,2024-12-02,37100
bca-f56aa4c241a9266283b69fc1f9411045,2024-12-02,-29500
bca-68d56dadc96e6c177497eb1227ed9095,2024-12-02,39800
bca-da664350d3ef773e207ea325542ae71a,2024-12-02,26300
bca-f116788a21f78044ab2047fce72c9d9a,2024-12-02,93300
bca-512545bec751a26eed6fb052a521e4c5,2024-12-02,47100
bca-f6f9907bba205e53b228e9e52417a4e3,2024-12-02,56300
bca-2232d61681360034036bd8540573abcf,2024-12-02,-66900
bca-7f17ab2ad22be5c69cbc22b75aa7a180,2024-12-02,91900
bca-99375d7395eacbaa1614f0a635bd9476,2024-12-02,59900
bca-d92964c6954019b8bdea0bca2f9683a4,2024-12-02,49200
bca-3dbe52a25409ab29a96fe7c10e3b8bb8,2024-12-02,50800
bca-2acc0b149418d58fc6eb118dddc1937e,2024-12-02,95400
bca-8805982ca0501fb1c2fa08f639d20169,2024-12-02,86600
bca-b02e633f6d5ea4036ff7432017b3be61,2024-12-02,98100
bca-b08320f3cfefe4c4078bb3cbbbf38d82,2024-12-02,82300
bca-5c298df76b35e5a7781e4704f11ccd78,2024-12-02,96300
bca-a256bfbd19d2f541552133bf32134772,2024-12-02,13400
bca-4351e2ab88ae6151cd0c7a73b3450085,2024-12-02,-94100
bca-d9a8840db09226b3e77109a9df90fd6a,2024-12-02,97400
bca-13626fc3cb3e2d62ba648efcdac0d96d,2024-12-02,33100
bca-6a4d1a85d93fe27ae82c3d95b82a081e,2024-12-02,-71000
bca-c63fe3baa48d204d9e0e06c3e5788c7d,2024-12-02,19100
bca-873a5742a65600298ffd2d7dfa284381,2024-12-02,71000
bca-88db846405b8db6ea647322371a29ae6,2024-12-02,59700
bca-dfce3ddc633662c9b302202090c071d6,2024-12-02,66000
bca-9fe298c4161b547b8945a877d29a222c,2024-12-02,86300
bca-2f077b1d260a1a7036c2d00cfc57daa2,2024-12-02,-4400
bca-c91090936d111d4b0d4e0da722798b55,2024-12-02,-76700
bca-c8f2027647042c7d178fdcaaffeaaefb,2024-12-02,73700
bca-0308dc617f01618628aa2488feb9cb72,2024-12-02,18200
bca-e91d3d4326ef68196836b34dfafb4a46,2024-12-02,15100
bca-bccb6f7eae9c722fe2e35073284150a7,2024-12-02,96900
bca-4dba84abb28cfebbb02176dd78bfac6e,2024-12-02,68000
bca-f312f5162101deeec353d6750448884b,2024-12-02,4500
bca-1210e2557596d261fc8548e9b5095381,2024-12-02,58000
bca-c6d28753105e1d6855324e2dc2d1997d,2024-12-02,96900
bca-12a3864afe71429f15a112690fb54869,2024-12-02,39200
bca-750c7f29f173603aa03ab672232ddce8,2024-12-02,-32700
bca-1ac51077f1adb9da65862c2aeaff6d97,2024-12-02,97000
bca-bacb87ab695489e08dfcb9540a183bdf,2024-12-02,45400
bca-7f1780afc6c403644f06ce59e561767a,2024-12-02,83400
bca-10393be461f7a40252e3239ebac13da3,2024-12-02,1800
bca-673a5f2bd46034429718b6d56a81fe9a,2024-12-02,-99800
bca-93d28c4cb9e017b38f3188b94e782915,2024-12-02,95700
bca-6a7b619cd6a738f866f7adbc477765ea,2024-12-02,95400
bca-e1907acef9a13645e4975e3e2b68c02c,2024-12-02,-85400
bca-cf9c3c09455c5094b91735fd12de4f29,2024-12-02,47600
bca-c3f2e994701a08ec47a0318154b37d53,2024-12-02,98500
bca-a7d07da15a281e11e7dd17b12d02ec96,2024-12-02,27300
bca-8058598d5aa64a2bdcfb8294cd368455,2024-12-02,56100
bca-52d012c5245032833e38a1437e61e7f4,2024-12-02,49700
bca-2321078ade70d8ed4677f35f2d62ace0,2024-12-02,1500
bca-1d1c5ed05e18169ffe1dce9b71f49a0c,2024-12-02,-20100
bca-7a93be03bee7d5d948224b3b6622bd9f,2024-12-02,92100
bca-e0c3f38311d224629a792e2257bc48fe,2024-12-02,23200
bca-3e4be4f731302c1b6d635719c26aabf8,2024-12-02,-13100
bca-0be519db62db714ba8773bf2bb97f433,2024-12-02,92900
bca-b3a482de25ce8d5e0b46ac27de2e562f,2024-12-02,34600
bca-e61c499dd8f688a83b4e7ebb261b1ff0,2024-12-02,65400
bca-d218422b41197c159797119ca416c03e,2024-12-02,-55000
bca-973475c415f01992ccac10b7f3db8753,2024-12-02,-57200
bca-2903432c68e4d7d113f0e3cbda52c6b6,2024-12-02,75400
bca-ab6f97426a7b0eddbfa545ed6a573731,2024-12-02,45600
bca-9a6fc1b566497553deeb7973bd064783,2024-12-02,-29700
bca-f5f3c5824b53491605d8b9c3dc847ea3,2024-12-02,6200
bca-f9ab74e0cf0adad5842a9a00cb19a100,2024-12-02,-18900
bca-06ea5baa5acd9dd756b70dfdea604f08,2024-12-02,65400
bca-0bf410f5572189d4c0fa2074d608e8c8,2024-12-02,28200
bca-24bce0d2d1a6937450a5c3a8a9dc6b7a,2024-12-02,69800
bca-c1fb9408b91b91f1bf619dfa049f814b,2024-12-02,-54400
bca-81cf0a988d3b9c4b437e775b16453275,2024-12-02,84500
bca-f418b2ea6a6398545616e5aa1add2b39,2024-12-02,64400
bca-a9cc5475759f93dfaecad46c1dd0f59d,2024-12-02,51400
bca-31e831b6b11420bb9d568f1a49238420,2024-12-02,2600
bca-cb1f9bea3a750577ad407f1a20ca83f5,2024-12-02,72400
bca-5f8fe97f4d5285914e10ad58614bf086,2024-12-02,-21000
bca-d91a3336ed4d7119f72ee573c1bae8fc,2024-12-02,-71600
bca-24de0bb943334fa4a973b7597d17c2c2,2024-12-02,58500
bca-f53c40dda15aa9e11af45451304411ab,2024-12-02,98900
bca-700ddfa9a3321d45a4bb609ce95bbe31,2024-12-02,95200
bca-3f855967535793bcb80dfe3fcd37dc0a,2024-12-02,91200
bca-7846ad71367dbeb548b3699f08d5cb3e,2024-12-02,-98900
bca-52d5dcd806503d03bf7e36a031fb4238,2024-12-02,2400
bca-a4b7f8e6dcf4b77325d74de43d3f7a0d,2024-12-02,-15400
bca-7d6caae794d712656c5e593f22f90746,2024-12-02,22500
bca-4b58158ae7b8a6751a0f7d6ebd9f4cd7,2024-12-02,6400
bca-db8c64bbbc5031a508906f42aa3e5892,2024-12-02,26700
bca-0a1b22ed3dc459223b63ba3a590732b9,2024-12-02,31700
bca-25d1fb90217795254d1fa2990acee74b,2024-12-02,47000
bca-a3a89c560496051b1e33910884ac9db9,2024-12-02,55500
bca-bdb0f5e3746713a3c833a93ebae6afac,2024-12-02,-22000
bca-4a46bab0fc47c1e6e1400dd06e73487b,2024-12-02,55400
bca-d74488babf445ed7ea7731d1af19e3dd,2024-12-02,-69500
bca-877420866e60b233469fc489c12c3ac9,2024-12-02,-65100
bca-24f792d24085c96dc8b10079eb9ab22e,2024-12-02,-79800
bca-7392a30cf46698d8a9ccdce757bde632,2024-12-02,30800
bca-526eb25c6c30acc58246f01ce03bcd11,2024-12-02,37300
bca-97b2c174d7fad32b332a414aefe0d901,2024-12-02,-84000
bca-f2c953601f9fbccce3bc8ca2f9adebc0,2024-12-02,77100
bca-4834f126f4bdc7e1cf19ae990d82ef20,2024-12-02,24600
bca-b3686c9f57f39a76a48ee7e88badb630,2024-12-02,-40000
bca-a8306e6ef4aa4836558980c5bf34db4f,2024-12-02,69900
bca-d516f322f6e571de9803e2c9761bc19c,2024-12-02,47800
bca-e6fb54d74608778eda6d4dd20cedc0b1,2024-12-02,38400
bca-91da24daa86b4f5d23337d7857fb653f,2024-12-02,66300
bca-c1c5414c0b561a282613b1d44ad578eb,2024-12-02,48900
bca-232409ce2d97ead5e5d3c6bb0d195f75,2024-12-02,-98900
bca-04baacf2401183ff8cda657950d29721,2024-12-02,21200
bca-a5a1289035ba7e84bb08f9a1785cd02a,2024-12-02,31600
bca-5dc621f44664b14fe7ffebbd0a0df005,2024-12-02,19700
bca-cac3abad022149ab35b22342be718672,2024-12-02,97700
bca-6ff4f67dd38e5779cfb5a81660e79bd6,2024-12-02,33300
bca-49534097c1d2fd5afa7bd67efc83e3c8,2024-12-02,-70800
bca-cbf33f117f7bed8dad6e24af21b31fa5,2024-12-02,6100
bca-ef9790f104117729138b47b6537ec56f,2024-12-02,51200
bca-9331dce10cb9a45ef4c05d5fd98228ee,2024-12-02,-88200
bca-28220ea3487e5b632db0172a06eadf9a,2024-12-02,49100
bca-b3c1d7eaae5f2aa0b373a039d5691d91,2024-12-02,94000
bca-13e6b1d716c87d3e9d680a65bcc9b333,2024-12-02,72800
bca-e266f74609fd075bbc531b227872b0ae,2024-12-02,27200
bca-52e6b10b171926a970a7944e0b6b4bdc,2024-12-02,22800
bca-4975ab73dd2db840d3e111495a078a11,2024-12-02,-99500
bca-ba36695fb38cef7af7274363e2b91184,2024-12-02,47700
bca-3d539dc7fc69c2ec9338287514de7ffa,2024-12-02,79200
bca-fbe2fd5d248c30fd3a569f36884e2211,2024-12-02,-11700
bca-edb0800e100d04a087f70c3a5bab73cf,2024-12-02,99100
bca-fa658a5ed8dc9b624b3a96cdabb9214f,2024-12-02,33300
bca-b26efc27243dd001f03606351ccf28d3,2024-12-02,-95700
bca-427550cc69cf83c85e251e8daa57823e,2024-12-02,27400
bca-1561964e4d0c11b1549774a8dff3339d,2024-12-02,95800
bca-b41d05da81d1949a37ba6b0c3b8b844f,2024-12-02,30900
bca-7a88e8ede30fc1c9c4f05ec8e13a2b6c,2024-12-02,32700
bca-90f90d24f310853faf75abb0b89dc785,2024-12-02,-63000
bca-b10858af8a6ef457481cb4938d8f67ef,2024-12-02,97600
bca-fff9249651d1da95cd5b61f8ba8e5098,2024-12-02,65600
bca-1f01e703651792f317161e3331be8e89,2024-12-02,83200
bca-f4cfe94b8ff9d8fb74ffd32beeba3712,2024-12-02,-89200
bca-9dddda9434c6dace67a93ea21853ce41,2024-12-02,-41400
bca-1980cce5a0c06f84de6a991af5fce563,2024-12-02,56800
bca-0f7a61c3793a9fb429f67d358998cdad,2024-12-02,-40000
bca-20408bc126f6989e7fe89eca99e28ed0,2024-12-02,29400
bca-0a5e31b83ab58e2f64d9a5d8bdca6a2e,2024-12-02,28300
bca-ca2ff9a2af96387c36425201c9a0de54,2024-12-02,59700
bca-6d5bd1790bdeca618cc91b91776e6ff1,2024-12-02,-51300
bca-d4bc25d1074f3aa5e008d45d1d0b4293,2024-12-02,-72100
bca-f1c9beae7204040b85f0ffb157d133c2,2024-12-02,21100
bca-1e03bf7cbbb2d52fd0b44b04341947ff,2024-12-02,-56100
bca-5993d4b6b86badb3b5a380b0d8583989,2024-12-02,34200
bca-d3f3b3da62fd4b6b1f83786d13d8bfc9,2024-12-02,76700
bca-ac9ec33a4b57e5ec26c21f98280a7b2e,2024-12-02,96600
bca-f0bacaabbcb6d1c8426739302145d5cc,2024-12-02,99300
bca-290fcc94cab6bb5efd79d1474fb083ea,2024-12-02,-86000
bca-9bdada5a1c37f7c8bb408a8bec9e036d,2024-12-02,60900
bca-506906baf8e7a0d72fdca14ff1f0dc2b,2024-12-02,57700
bca-dafaff239c7b2703f4b642aaeb9018e1,2024-12-02,68300
bca-77757522e48d191dbe4533c2f7ab493b,2024-12-02,-62500
bca-20ca2c7354bd671690b7e2ad68d836dd,2024-12-02,50800
bca-a19b01131f45ad7620583fd30e390af5,2024-12-02,72100
bca-44f0abe45c3bf73604c7021dd9bcda61,2024-12-02,21600
bca-de6e257fb07d5a754577c8f658203a79,2024-12-02,68300
bca-c008bbdc21df473d8d310c9c104c6b05,2024-12-02,9400
bca-05830f446640814568ee42a5d7ad5e51,2024-12-02,67500
bca-ed2fde2d0f21c7e883260d5fea97ef79,2024-12-02,14900
bca-07c828d6591b1d9e94c2d404ee2dab88,2024-12-02,-43200
bca-95a3915572e2496d599b0bca1656fdc5,2024-12-02,-88800
bca-b23f6e5f4399d73ffd1381f60f3cd8a2,2024-12-02,-15100
bca-fa4747d97a3e60198d87dbfaa6691817,2024-12-02,21500
bca-7e59328805b323ea17a1b5e9ac9939b8,2024-12-02,97400
bca-14485fab5a2c735c94314e72a7a45023,2024-12-02,40200
bca-5580a671e8218728c362e9979fdfbf5f,2024-12-02,94700
bca-568d49155289ce82b4845840d330cab3,2024-12-02,59200
bca-0816aaca81c809052461c84d528e9c84,2024-12-02,-14900
bca-ad7d00bae1e12831ebb53aefc2628c29,2024-12-02,42800
bca-b4261aa7f60c9376d594b9c15bf86a94,2024-12-02,37800
bca-87b4a5fa187b535c71957f8a2d6dc7ed,2024-12-02,-46800
bca-27b102041d3fee4d9f2cb3fd9bfc48c7,2024-12-02,19800
bca-3aad7fada2ecba7b1989b8e9026be512,2024-12-02,-23700
bca-29d3a9b1bb6a9b15b643119178ba3463,2024-12-02,-93400
bca-d9e745f7d4aac7de08400d4d012a31db,2024-12-02,8100
bca-8ec49a427348447827a83a36e3c2bcf6,2024-12-02,41400
bca-81af367d41e534f3d47d7e3c70d7ce9c,2024-12-02,25200
bca-f2fb4132dcccec429e283e4fa8d462cf,2024-12-02,89300
bca-aa083c19e71e6e153d284bd344ef2606,2024-12-02,38200
bca-3c3c8c3c500bd8ea7c8c9498a16c6501,2024-12-02,61100
bca-74758e7741467e52fe0cdc927a74d30c,2024-12-02,-21700
bca-92be0efeeb138212d89f2a1875081d12,2024-12-02,-34100
bca-d0bc08d46abe410103c7fb4beba89f2f,2024-12-02,-28000
bca-57d5760b89ddfa8b79489ddad9b1b10e,2024-12-02,-48700
bca-56cac8b1d19e489d35593a8a93ffb41d,2024-12-02,28000
bca-f9ab70dedcb18573f6d77d5f52ff2f48,2024-12-02,43900
bca-4c8b896d0ef0ee952b90cd0976a7b273,2024-12-02,63700
bca-ffeaad2140275dc20b0731cd30f7303c,2024-12-02,13600
bca-2d580644e8427d0c65f02de50ea9f377,2024-12-02,57500
bca-421c5af4beaf223c74499f8fafc79de2,2024-12-02,31100
bca-42b4bed1f141ea21ed0894b2d0d850e0,2024-12-02,-90600
bca-b3d1a29a77cff725299b7e2f08eba69c,2024-12-02,82300
bca-6eaa9a70ed3636ff5fe84db64d831adb,2024-12-02,2100
bca-b2ca4152c14220174de42aa808e54c08,2024-12-02,-93800
bca-ac643aa7bff68459feb8c45b50da38bd,2024-12-02,-28700
bca-78fae12b8517e844d20715640e6d39ac,2024-12-02,11400
bca-11244afb8517d7ed1bfc9efcb44ae54b,2024-12-02,60800
bca-ab0f4014a1a51930d42aac6ed49fd3b6,2024-12-02,1000
bca-3aa91ee914d11d4cb34e307b9309f7a5,2024-12-02,-54200
bca-fdcb74a0e938dc54c593dae2f5f1ddd2,2024-12-02,91700
bca-16edfece4483ae7a85222c5a6d97328b,2024-12-02,45700
bca-2688913dd58a8c24b6db9b0516699a93,2024-12-02,88100
bca-47759c2fa82ec228ddac089644b322a5,2024-12-02,-62500
bca-bd283f09e66f66c7b58a60d1e0513ea9,2024-12-02,-14900
bca-f11e577d31b54e47a624bb35ba1aa280,2024-12-02,4200
bca-770b46af6b0f63abc188077ade770ca1,2024-12-02,63800
bca-3b35f14f3927f7a5b5dc901b91fe4a56,2024-12-02,-29700
bca-21ba9cfecefcd8c73e102e58c7c45392,2024-12-02,89000
bca-9c09ff46f84d5ea6c0f31820bbb1c80f,2024-12-02,-92100
bca-eb702e330c150b9b338af1c9bf156141,2024-12-02,12000
bca-666dbcccd9b0e31950980cf3c3af52b2,2024-12-02,62400
bca-4ac16c024bab2731b01128125ffc488e,2024-12-02,58500
bca-1e221b0c38d148101420bfedc6d4aab9,2024-12-02,74900
bca-dcd4d3791ab4a109bd914ae7ae060263,2024-12-02,55500
bca-a963222a87f4de30befdc439fc4f0ee5,2024-12-02,79100
bca-94cdc919426925cc7d5407f5662452fd,2024-12-02,61300
bca-cc59780b177a3936d7d2f152da2e4fc0,2024-12-02,27100
bca-c7c9b0694b5b4ea496c0081486ef7fa8,2024-12-02,62800
bca-63ef7a8e83811ba339c059d05393792d,2024-12-02,24700
bca-fe591ef0e533ecafe96e516d065e663d,2024-12-02,91700
bca-e5308fc75c7bf309999e34473bb13f5c,2024-12-02,2400
bca-4508649ef19c3c5bee476691c4359a3f,2024-12-02,86800
bca-3d734102536ac52de2ed07382b6c8fb8,2024-12-02,-15800
bca-e958fa2f562f9cfe0e49de7f18bcb3b7,2024-12-02,25900
bca-cd2f153b9c075d03163bb98079c7157e,2024-12-02,19800
bca-06a49c2b1b661543ba99b4e9dd3d5c97,2024-12-02,-18400
bca-3690b70c7c60083eff9a126cee2d82d1,2024-12-02,-95100
bca-5d0a599bb20a3826aba5e976dd7208e1,2024-12-02,88300
bca-abe01d9f69c7bb70785e2c2d58d85180,2024-12-02,-28100
bca-ec5bc3fa30c1448aa8d4f4a37dec4c8e,2024-12-02,33000
bca-a4e8a1447ec84890899fbd8a69e4393b,2024-12-02,28900
bca-c2376dfcdb79c99522afa2e31d70d153,2024-12-02,66300
bca-324bf2b3bce5b7d39900213323496aab,2024-12-02,-85000
bca-3d6a9f2e25b846aba518907188ea3bdb,2024-12-02,73900
bca-ab2a4748625251f3c74f0eadc316a2f1,2024-12-02,21100
bca-5fd7fab79198df350889c07ab0d90a4b,2024-12-02,-63100
bca-0f48625a92d9c0f9c8bfb08165cbf8f4,2024-12-02,-8000
bca-e4abdc28c14863025800df168a276eeb,2024-12-02,87600
bca-3a6eb9aa4e9e9dfc1a4972b04eb5867d,2024-12-02,54000
bca-35fcf854a7a725a37fedbbb47889d1a0,2024-12-02,-11000
bca-fb559528ecc57b0733461436071647a7,2024-12-02,-11800
bca-8463e324facda76ffec3a2edf6ef402c,2024-12-02,-52800
bca-63705597a280f344cd400ff6d85144e8,2024-12-02,11400
bca-65e6f5be201d0adc56362f29a0884509,2024-12-02,98400
bca-0dbe5936c093d77480fd7fd5f54c7c0c,2024-12-02,78900
bca-405f80e266e2e0a229ef56c8a94c9703,2024-12-02,67000
bca-d39492d03e4baedf7e3a586bfae1bde1,2024-12-02,-7900
bca-531116de2405dcdc6775ecad2d5bf8a9,2024-12-02,-30700
bca-a130c84b93f86aa8d4819765a359d76b,2024-12-02,77900
bca-b3964bda52f6e8d6229c9231f31e9ab8,2024-12-02,-9000
bca-282aee1c1ddac74825b7d00bce479655,2024-12-02,80200
bca-d265533a3bab46f2e07d8b66fdfb862a,2024-12-02,74400
bca-cda6998a838f4d9672d875d0a7857b23,2024-12-02,19300
bca-a91a3e30f35e191fcf9a52c03fe2fb3e,2024-12-02,98500
bca-b89c7409e00f9de60d9a8e0e6ecf74e9,2024-12-02,-21900
bca-762ea170f88bd12ae164116f9ed0cf1b,2024-12-02,-32400
bca-68016dfe10cb38e206fa2c9db971c5e2,2024-12-02,6700
bca-a66937ba98e97aeae0b02d79487d69d6,2024-12-02,21400
bca-b57e2220bbb6a0792461291d52310f82,2024-12-02,94700
bca-0a06a6d6f20f879185e8eac63de2bf88,2024-12-02,57100
bca-7d14c33e7456b4bd60191cf1606c52a3,2024-12-02,65500
bca-12243f0b6b8082bf5f13ad074c3bbcf4,2024-12-02,69600
bca-9e1cf77fd222f3b16e1e052c2cd5fcfc,2024-12-02,58600
bca-430b75668a3c7ce9fffb85e0e86791e7,2024-12-02,89500
bca-5455965e30775ae26b7800a074c21439,2024-12-02,-53600
bca-3119136ddd3076db8280fa6f74f35547,2024-12-02,90900
bca-57483cdb17abb3ebdf0b110a0ccaf55e,2024-12-02,93400
bca-c2311a50abda9924c86c4adb22c5d132,2024-12-02,75900
bca-853e5bdbc34d245c4050546612f1d45f,2024-12-02,17400
bca-8952a135603d6f768324a4be20ded60e,2024-12-02,85000
bca-66df2ac61e3314697d4e513b60d51152,2024-12-02,96400
bca-3bbe472c74873aef7d8575a64c7a0be3,2024-12-02,70500
bca-c05245bb160c128f8365ec46fdecd82a,2024-12-02,59100
bca-57a8043e2fce586308f406176aa7c30f,2024-12-02,47200
bca-24c517a74503bf289a0af0b2b43f3456,2024-12-02,-22400
bca-53eb21a9d96273eac346e4bd99b4293b,2024-12-02,-39700
bca-5bec24ba1351ed28059ad1c1e6d4db9d,2024-12-02,83500
bca-2851e71fea83fa049d72c194450f4b9c,2024-12-02,-68400
bca-610d20d8fb5011c243c481499489c747,2024-12-02,15600
bca-4953efa1e8c98a5f4ad8c0c9984648b8,2024-12-02,-14100
bca-248ffdc0045998d7584a0405c150275e,2024-12-02,51100
bca-78781928be5bc8583b5ee7478a102c2e,2024-12-02,53600
bca-ca5529a3b1a2dae976f343a96903c83b,2024-12-02,-21500
bca-e21b741286ec77f5b3cf5b93a025a68d,2024-12-02,84000
bca-7fe4575947ce81d25c8815768a0e9b42,2024-12-02,61400
bca-6a3b0d75f08fd0a9df96dbd39fb3b7a3,2024-12-02,-29200
bca-e850eb0085c3f39d1fa58b65ea98a292,2024-12-02,29800
bca-d093dffaba726632c3c1fe4f7b5cbbea,2024-12-02,52800
bca-2fc14fe35578f7c614027d59093dc5cf,2024-12-02,-89000
bca-32681123601134b5213a769c23804176,2024-12-02,27800
bca-0568dbd0b6b5c92a1d23718634050474,2024-12-02,99000
bca-687cfeec3f53c453351b55492724f48c,2024-12-02,40600
bca-0c440b4128610403f88e2e494e751af5,2024-12-02,-82700
bca-8ee3429e1caeebe1a2d74d9647e8638d,2024-12-02,37900
bca-f152fc512fd09322ff28a5ea0dcfb656,2024-12-02,-93100
bca-2cdd88b76cef97a1e56ac1aba6afd489,2024-12-02,11000
bca-a3fd7894708d08060a9af6cebf07bdfc,2024-12-02,31600
bca-98c9504da2dd4cd15fe3de7e7c179a96,2024-12-02,37700
bca-e5fe0f5faa824734786c76ee9b5fadc9,2024-12-02,-32400
bca-95407ad4fcef6bceae00be429b394cd4,2024-12-02,29400
bca-f98e5b6d0ca2a92be07862f3dc52325a,2024-12-02,8200
bca-ab45d178c8dee02a7d69c9ef3c2fbf30,2024-12-02,78700
bca-4992bd8d7aff43ad391cb1e7e09c03b9,2024-12-02,73300
bca-d336ffd1fd7fc1ab0c9f24970f2469ef,2024-12-02,-63700
bca-538c11a794399b1484cbc78cd99b759f,2024-12-02,2100
bca-241b19f4e2e61d84d0779a4e7ed0da20,2024-12-02,53100
bca-8409c89d971dde1d3905d2178f2c2537,2024-12-02,-82300
bca-e6a14dfccd5aa13538b99e60e311d0b2,2024-12-02,-50900
bca-4b541c93de406514cb3b7d4247128015,2024-12-02,90100
bca-e16c679a4b2052b00fd303c4b3b484ac,2024-12-02,82700
bca-5b015623a57048bbeeef4660ad434497,2024-12-02,41000
bca-492752fdd5ae47f6d7fbb6341f3ce413,2024-12-02,-33000
bca-8ae605f3b45304a71c0c9509ea4a7de0,2024-12-02,-66900
bca-efa1507beccae9403f5a554b061d58b9,2024-12-02,5600
bca-ccbe005a683ad5a0273e495d464be18e,2024-12-02,2300
bca-2b921c1ae7cdac3fff35affe3129da55,2024-12-02,97800
bca-6d66c614b01f7d94c1a1fdce590483ff,2024-12-02,93800
bca-2d93a8b5a44360cf7cc8452a97759c01,2024-12-02,24400
bca-6fa7e8d68550e212b973f4b782fe183d,2024-12-02,42900
bca-c0bebf07838a8d4646957dac6159c010,2024-12-02,92500
bca-ba90f6a53b6e27d4af8ac91449b0c45d,2024-12-02,93200
bca-a2e2dbc57697db9170b4a2825de29e66,2024-12-02,5700
bca-013d63d4d2e7d1159df9aea05cda3d6c,2024-12-02,55100
bca-9528cea232848c9ebb11b562920fa4ce,2024-12-02,-72400
bca-dd0366226237c13cfe7a4d55fc6479e4,2024-12-02,83400
bca-3acbc8a4b721713fd92adc782ad6eb2f,2024-12-02,38900
bca-27a5794df424057f149d0fff40206429,2024-12-02,17700
bca-05567874e50dd1ee36f8adc3369f0437,2024-12-02,53000
bca-01ad6e17c86841e3892dcf66d760012d,2024-12-02,42600
bca-bc5688814853785f4dba4bd7e218a02a,2024-12-02,20600
bca-0f72f102f2757ad2ff4d9d9bd80b3c6f,2024-12-02,13700
bca-dbfdeac5a1cb3c8151efaba849b1c596,2024-12-02,70600
bca-5d0a9d06ebf96201f128c52323f6bee1,2024-12-02,51400
bca-0f0d9dde708f569f2a85e012ed709e8a,2024-12-02,98900
bca-78798a5461a0f8f4c642df0b0417a172,2024-12-02,59400
bca-3e19a89acce9e7530093bc28e7fdcea0,2024-12-02,70800
bca-70e87021dd22ebf461f5609adc41f66d,2024-12-02,37100
bca-459a616a000a1f24aa0d30ef98623bc3,2024-12-02,67400
bca-4cf715b40e973a181bf332ceee92c760,2024-12-02,-10800
bca-a3064449fc2aae91eb8f0b1de9089ec3,2024-12-02,61900
bca-5c46ca3eaf8e29244861d36615c2ade7,2024-12-02,33900
bca-4d211c67a829f6397bde24b6b7ab9cc2,2024-12-02,32000
bca-c94310a814f54d25af2f2bd0347a8f7f,2024-12-02,29400
bca-72b8b61cf3a55b2d6c05c56704c13192,2024-12-02,25800
bca-34285149bed7f698d364ca3e4bd36d0b,2024-12-02,7300
bca-70674bda010fc11496852cb354ed4af5,2024-12-02,-59500
bca-d083ed25adbb39dbd52951a05252bf2a,2024-12-02,93400
bca-c51d092b973ace9b9bffbe0f998dd357,2024-12-02,-9600
bca-20955ce06118e9ae687973884ad28c31,2024-12-02,-33800
bca-dcd0c4c5f7866c50f48a011b9a1a335e,2024-12-02,-7400
bca-88b859e78f1f0a5cdcfb495aea52ae85,2024-12-02,72600
bca-5b2cb3a5d5b4e4932c4a058fcf69281c,2024-12-02,71500
bca-846838c9312b62f6f6d22c52c57c6af8,2024-12-02,37400
bca-3bdfaa56dee54a8425e0609da7d643fa,2024-12-02,60500
bca-591846196dee83f5383025d98aeb3061,2024-12-02,31500
bca-5a5fad6355e23eaa8d59abf741e680df,2024-12-02,64500
bca-b50a424e9c96d4ec57f375a10bdd3b78,2024-12-02,66500
bca-d70d780e4f936cdad21c4077727a5c4f,2024-12-02,23600
bca-3339d2854963534d4e9a9147bd7af79c,2024-12-02,88900
bca-a886f2db3514c0e1ea1ce558453c7a57,2024-12-02,-41200
bca-1aa9daf789ad150afd00c79837b8251d,2024-12-02,-91600
bca-4f5c70fff1fc4c257aaa0f780502d914,2024-12-02,57800
bca-c8367ae988f6b2bab0d6775a7bb0be73,2024-12-02,14400
bca-cfefa3ac7bc6c91cc30ec54fc51e29b0,2024-12-02,-14000
bca-87f471fed1a14fe543b15bbe74afead9,2024-12-02,-9400
bca-c8928033dce459f1267b173ed3c6f94b,2024-12-02,-58200
bca-9b70c72911873d49d1c9833490779162,2024-12-02,67600
bca-3984a72d27868789585e18d6214faa96,2024-12-02,9100
bca-504bc0fc383d3678c5ab2621da201af7,2024-12-02,85200
bca-0f56d73a3a1b23803cf8279032ec6a9f,2024-12-02,54400
bca-416b238fc1fd2a1905b8889e366237b1,2024-12-02,87300
bca-57abee2b909b9e1077c7307e3d61c573,2024-12-02,46900
bca-dbe23791a2584fcb274f97282be240c6,2024-12-02,15200
bca-f6911cea80409ba39f088c5c53360da6,2024-12-02,20400
bca-b96485765347a2c278b9180c86a2ab33,2024-12-02,32400
bca-5fcaea83a56f7a7142fcff56305061f6,2024-12-02,-52000
bca-4e136dcba755913fac37a00a85c2ff7e,2024-12-02,67400
bca-9e7b7dd181e3d0cf2a07e317b399130f,2024-12-02,41700
bca-159622232f88bb7089cee3d4b375fab3,2024-12-02,84200
bca-3e9ec8fe13af0a1292f880bd75812fa7,2024-12-02,27700
bca-71db7c8bcdf2855ea60def71b5d3c1cf,2024-12-02,66000
bca-953066148a6ba8cc6c179ad41844f653,2024-12-02,97300
bca-e1955ccdf7196e815a88887f988827ea,2024-12-02,16300
bca-9e730527c0986d96dc32b52eb7bc8eba,2024-12-02,-41900
bca-74f5d7d3af69e95760e2195d1fe114b6,2024-12-02,62500
bca-0e267dbcf611cd07d7ee61b9d9bd5b8b,2024-12-02,96600
bca-50091dc4aa95613a7da6e3ffb8151c95,2024-12-02,75800
bca-69c3d27e284838e92f01319f318fdc52,2024-12-02,54800
bca-9fccadd768af438730a7e50fe382baf1,2024-12-02,95200
bca-886773fa7dd44f5ea31e12e1fdef58ae,2024-12-02,-66800
bca-d2f9ec36b8f39bf5843f4ffce6f7ff45,2024-12-02,36200
bca-20412deb925d1c589e530f3e1e147e5e,2024-12-02,-77100
bca-103dd4a1a2b29b315dcf337cffaa6ee8,2024-12-02,18200
bca-27b9843011628e52ebbef816fd342743,2024-12-02,-44100
bca-d66669d1ab5a36d7274bbe726f507271,2024-12-02,31800
bca-9342933295bfb69fc55280bc2a691dd4,2024-12-02,42300
bca-e62324d34b9f82d5f3bc9fc7a707ade8,2024-12-02,66700
bca-74153bc3dad80d0e5ca732f7f289e857,2024-12-02,6700
bca-547ae61d97fceede31ded6a05e1262b5,2024-12-02,46500
bca-2af0b535bf6919a2428e7d4a7e988f91,2024-12-02,65300
bca-4656c93bdd7002843a0143d678699209,2024-12-02,44200
bca-22db69d68609295b128e322379bedc20,2024-12-02,81900
bca-778680c06dceb567b414c732ea494130,2024-12-02,64300
bca-78db513067121b886d20e5e5e4ab4ad0,2024-12-02,35100
bca-3ac3b2c803ea1f070bd972c4beee8cd1,2024-12-02,45600
bca-5112d7ad61a221f1ac2ceb08cf3b3b9a,2024-12-02,93800
bca-67c429381b11b79613a1a39666bfea07,2024-12-02,96900
bca-553d053535374d3dad0300773cfe73c5,2024-12-02,16900
bca-9f833ac34a38a4c46fc92eca83119ac8,2024-12-02,-62000
bca-5db23c77a8353fa61bd10d1ddd2cc330,2024-12-02,-19600
bca-a3ea066af8aec508d23562145d3bd1cf,2024-12-02,82100
bca-fd22165997aef12c0bee6def8d07b622,2024-12-02,1200
bca-1fda5236e331d512a26ae065ee176c65,2024-12-02,-15100
bca-b0c8158dfe1415e906ef650eb4eedd5f,2024-12-02,27300
bca-284ae35877671709fe8619ecf38dfd54,2024-12-02,-2500
bca-a3be9b02e7b9e541342f41f5cfc9c3c4,2024-12-02,-79500
bca-781c33b3dc75091444b9e879346604ff,2024-12-02,2800
bca-e174d65d5ef87050121d4f18e04f35be,2024-12-02,77300
bca-442dd18ccc0d5247bd18e1fc401dcfb9,2024-12-02,81600
bca-82bf3aa39de9c1c6d44ca6a5fee3acf3,2024-12-02,66100
bca-58667735434fd63d67eeace4e7a28de7,2024-12-02,75200
bca-c5d903a1af95b0540e9ddbec5cd5c207,2024-12-02,65300
bca-e11c4e5a44eaba4858f5a812347a2f98,2024-12-02,16200
bca-4fa110fa643f5a0cf0364723ee2757aa,2024-12-02,-31900
bca-9def63f69b120ea51f26d92a2c630611,2024-12-02,35700
bca-837a4712092d396ef3d171eda9db6f42,2024-12-02,24200
bca-98713b14a5f3c7c1ae5d9d471093c7af,2024-12-02,-34800
bca-22bfa24f500623d4c444ca2a05cef068,2024-12-02,96400
bca-a2506872055458e13421cd2798c88f95,2024-12-02,-68100
bca-7906129171bc1bd436f3a8a605453426,2024-12-02,3100
bca-e37808531ad09448932a2b78489430fe,2024-12-02,25900
bca-9dc92558863afc921e4a2ea5ab12fbb4,2024-12-02,-93900
bca-a0b5ffa147b379f03df879984e2556ae,2024-12-02,67800
bca-4f668d2b826ae339f7df3fdc62c56aff,2024-12-02,48700
bca-96ec7b55849e0f53c6019e3afdabe5a6,2024-12-02,88900
bca-b12e57d66b36de52e191bedd1aa9bc7f,2024-12-02,-55400
bca-ab87669c444da513eb6af75bcec585c8,2024-12-02,19000
bca-0f71c7a9dcf35073746e532672ba333c,2024-12-02,35600
bca-f0de77e3b852c16be700335f39521436,2024-12-02,46600
bca-6dc6465b8f4e309707d5201316188664,2024-12-02,85000
bca-4bf592c8c5f73ea3b806b045188b3c52,2024-12-02,3000
bca-b65a161c997ebe528686eced571200b4,2024-12-02,-70400
bca-ab63654d3d64ef4b802e5327094e4300,2024-12-02,96500
bca-e9c97a001b5b03d96893b27dba18672e,2024-12-02,26900
bca-a7afe674fe98201a0236f2cabd0710e4,2024-12-02,96900
bca-fb95ab0f097fcf38546530c040bc5dc7,2024-12-02,21900
bca-ada875d5c30c809923f8ddeffc2672a2,2024-12-02,8800
bca-db762c4effd8c4ba0ffb77274ab4e19e,2024-12-02,60100
bca-0a3618df2e2c37801b8d51cfef892c24,2024-12-02,29400
bca-9dcdcea952f67bb79e32b76d9f82647e,2024-12-02,72400
bca-4cfaf5f0f60a5a2d96a17153325eed26,2024-12-02,-95300
bca-a1e0978786d344b3278a26544e4ad023,2024-12-02,89900
bca-41502ed093da514a8a71e600232c7bc6,2024-12-02,46200
bca-b1b7eab4230124b6f006031c51bf03dc,2024-12-02,78200
bca-2a8902d041903b7284cd23d38cd2dfc4,2024-12-02,56500
bca-31522a577561f915ea42bed9c54a2314,2024-12-02,15900
bca-0ca0e5bbde7e4d6b4c50b398c59b8616,2024-12-02,-9700
bca-e8efdb68b8bedf357be775a6b75c4723,2024-12-02,56200
bca-9590d0a8d0e08e25a850df06f2a6c0e8,2024-12-02,66500
bca-8681adcd32eb00c4aac56b5225e992dc,2024-12-02,27700
bca-c30a31fe2f22e3abbe05e83ebcb5232a,2024-12-02,2900
bca-2de46cadd76cdb565e03c3780da81923,2024-12-02,49900
bca-9cfe47818d35c49f02390e5c59610997,2024-12-02,-27700
bca-9f1e096d77b4e45b48aaa5c5ae7b175c,2024-12-02,-87300
bca-84913685acdc6c2e953ad92db98730f1,2024-12-02,34400
bca-39207e05ae432aa75daed9ac5cc814d9,2024-12-02,16900
bca-199d4d12328304fbd1f71fe90d51524a,2024-12-02,29100
bca-eab832ecef2eb20a1f4a31507140a5ad,2024-12-02,86600
bca-45f423882b3d4bae49481286eaf05bd5,2024-12-02,-71700
bca-dbf4a729904917d5444b052bcf1320fc,2024-12-02,-20800
bca-fcc49ff891b4a7795a11ad42c200fecd,2024-12-02,35600
bca-c3592d0921ea5493e65b4ab4da77dcb3,2024-12-02,58600
bca-6a114cdfeb1d1acab41d51635e5c0f87,2024-12-02,-24100
bca-60e5b34c452e3c7c241c77cb90454aa7,2024-12-02,-59400
bca-8aa51fdc0eb6fb98133bfc2bf0a65f65,2024-12-02,86400
bca-63d1677e202ad3de0f9aafca074742c2,2024-12-02,-14100
bca-caa0545d8f5def6942e77da4d4737d45,2024-12-02,41900
bca-510e9ada28b787f95bae04dd27476dff,2024-12-02,49300
bca-59cd73973e48ed1542f2e0afbab6b119,2024-12-02,11900
bca-e103e1c61a4a4ab3ab66c1bcd5c80fcf,2024-12-02,21000
bca-c5fd898efcd6ba3dfcc1110af5cc0682,2024-12-02,70100
bca-6d272f21f081f95479a1fe543b5acffe,2024-12-02,60800
bca-7ac73f5687e9b555e550a9a58aeffd26,2024-12-02,-90400
bca-7408e2b190bf18ae1f68715f17f8d309,2024-12-02,32200
bca-d10851fd7fb7a70ce8fa6d38818a27eb,2024-12-02,30200
bca-5436a73e03bef22b1c7514a2a6ebe656,2024-12-02,39000
bca-23ee061a621e6044e318920622d4f8a3,2024-12-02,32600
bca-5a081b7192682f366d7279f1063f61f1,2024-12-02,98100
bca-b07471dca78bd57ab0914d897ca0abd6,2024-12-02,85000
bca-bd6302fdfcb85dbc114060b1f2ea26fc,2024-12-02,16800
bca-d4da9a068959178c1a9870f3254facba,2024-12-02,56700
bca-fe99179a1f3b59ceb8e341096c8908d3,2024-12-02,49700
bca-1fb024080ea4fcd990bc863ec366c9ba,2024-12-02,34900
bca-ac0060b5357030871a71790150a4e4b9,2024-12-02,27700
bca-554c96811ead2f6035a1d6f54cd16f0d,2024-12-02,-98200
bca-f49ad4ab5debe4410ec49bb8acf23c92,2024-12-02,3400
bca-cf26f4abcc93e19984529e98f7138758,2024-12-02,85300
bca-6b3f4b4f0e87864854e333cec28d7b00,2024-12-02,-23000
bca-95511489b3227440fca487f965599b11,2024-12-02,41100
bca-c529344f7d60d3659545e26de5db7648,2024-12-02,-97100
bca-32c9d5025b44311f7104c6662a6d60b4,2024-12-02,18300
bca-bb4d80f8551fb60ef4da124928911e44,2024-12-02,51900
bca-c1c4b0635018d477e36041e3d2a64035,2024-12-02,54300
bca-5037670da2381c36ce12f7a79b840bdf,2024-12-02,78600
bca-f75e368827b452fa34dca494b8e030a7,2024-12-02,71500
bca-f47de436e40a0cc20ec5fcced2f94a8d,2024-12-02,60300
bca-e456aa2eaa50a1fe731913ab3763d63c,2024-12-02,66800
bca-19e9c9089a9080e32a08a8ebae0035c8,2024-12-02,89200
bca-c08cd8c119a640d40933c070c1af7701,2024-12-02,-54000
bca-996a577d12e1a006a4f17e1becb31195,2024-12-02,68000
bca-ecd156ba834055fa2ab55da05a1d4ce9,2024-12-02,14300
bca-17c32964f5dd6688baa739c49f7c6bca,2024-12-02,-7500
bca-b1e9993f8909c02933ee7395803a0ed6,2024-12-02,84600
bca-4bcd48302f66402ddc7baf373340d4e9,2024-12-02,11000
bca-56020a9440696d7ba3beebbf0a01af6b,2024-12-02,3600
bca-2bb163a9659cd83974272cd064e95db6,2024-12-02,-37500
bca-e7005d28b764c6d43cddb0810160a9f0,2024-12-02,69800
bca-da6cf260089aca832538cd9166d3a159,2024-12-02,40500
bca-d202d560db8ec626591ed5faca632fc4,2024-12-02,29300
bca-5459b42bcc756fa234bd8a73219b3e8c,2024-12-02,91100
bca-d2fdb6e3ed59443ca327d286b5bf8bea,2024-12-02,82500
bca-7c366c357431edc8907fab8c6db88dec,2024-12-02,50400
bca-5e4f1621f2572b1699ce4635fd27e9ec,2024-12-02,85700
bca-e5848185bea47fde2adb452a5a684413,2024-12-02,-59500
bca-9b130f6f944fd74e992d755470010605,2024-12-02,-29300
bca-c77e2a6b79375f002a6d4510267e056b,2024-12-02,17100
bca-4d09ba1b50818ab509b202a2d7a21f97,2024-12-02,10000
bca-0d98b08b6d03eae7aae3fcd43d03fa41,2024-12-02,-37200
bca-aa294873df10da4fe57d4d83509ac0f9,2024-12-02,-94400
bca-bc9fe48499e9a93e4bb4877880fc41c8,2024-12-02,81000
bca-4ca698c7738dfa50dca21bfdfef5ab92,2024-12-02,50600
bca-564bfd76aed56fafba7936a5bd3133b3,2024-12-02,24000
bca-6ac4522565557ff8570561cf1aa4d771,2024-12-02,49800
bca-8d72b5b6b63294ac345af41233077c20,2024-12-02,26400
bca-43ad3bd50f54d29d41e2091c875d162f,2024-12-02,80600
bca-c35a603c78f0ab15c6d5841969a49ea7,2024-12-02,67800
bca-720fab561c645e33413800524a2174fa,2024-12-02,81800
bca-7cac827a83881022e25e9de54f420f9e,2024-12-02,69100
bca-27da30dbb2ec0f0993106bed9c954b0e,2024-12-02,23600
bca-cf471d04e717e3d20d77a31c8c434689,2024-12-02,58400
bca-07e3c74cb0218f9b1c44e78b2f74a430,2024-12-02,9200
bca-52ca6902e7c6e38f35ac34adda7443f1,2024-12-02,13200
bca-9785a80836def1c1359fa8506e0e8fc6,2024-12-02,16100
bca-97c4068612dec05304900e2b0eb23bf8,2024-12-02,10100
bca-7f26ae080ac900481b80733c041e4808,2024-12-02,-88700
bca-c5fba4a3370d210d05b628228f1444d9,2024-12-02,64000
bca-7d1fd8d7e5b28016d593678bcc47bbcc,2024-12-02,-58200
bca-1568e0a7f8d1cab0b21bd84ec987b6c6,2024-12-02,51500
bca-9a4b254a2314269234e96104c5e52b57,2024-12-02,81600
bca-5d177129082b05fd2c5a68db360f06db,2024-12-02,90700
bca-9aa4b4986299b180755305d3e40a7f6e,2024-12-02,-47800
bca-fb800516e23dac493aae2f2ab778f954,2024-12-02,-70100
bca-7c0633a7ad544b7a77415bfb42b59fd4,2024-12-02,-56200
bca-722beec086ec8e7af14b8b7464c17dbe,2024-12-02,-84600
bca-7311b250168ca93efa79f3a7f2944daf,2024-12-02,59500
bca-889c68a796ffd02792c894683496d294,2024-12-02,33000
bca-6dec935175696b27f7bf968b20070a7a,2024-12-02,73000
bca-93845621d3a748e25cf42798f7b5ecf5,2024-12-02,57200
bca-b8f4e139c09a2da36b9994f85efb963d,2024-12-02,-42000
bca-922e954ba9e621ffb1fc62b399404183,2024-12-02,-51900
bca-1356519cfda3d5a5404458b2063945b1,2024-12-02,55800
bca-22366819f1237a5b65baaee825f2d9f1,2024-12-02,91800
bca-30129cd9138374395185543968cfcfbd,2024-12-02,33500
bca-a1b3d3b5ef615299fc3170240ea4ed77,2024-12-02,2600
bca-b3b8619d8e61bf2ead787ce71eea39c5,2024-12-02,27300
bca-b2c74b0e506b013b1f1890521d898643,2024-12-02,-39300
bca-cef4bb1283a8ecdbfe1db70ef13db261,2024-12-02,-4700
bca-edb364f700d246f467e47c06003734c7,2024-12-02,-60400
bca-8aea0e7b9ca0c42c861f8756ac670b16,2024-12-02,83200
bca-f202a0f1a7f07519eb70fc64c1b81593,2024-12-02,41400
bca-a6feece18d1906c4446d1f460e5a1e54,2024-12-02,32900
bca-8a3b95022dace64f8ee6563f2fec39de,2024-12-02,10200
bca-47c0e0a39b24b529a117990c98804420,2024-12-02,49600
bca-9be02b4a1bbad8ae05262c361d8c6601,2024-12-02,72600
bca-3d146dd810f761e54ec79dd1f079b49c,2024-12-02,41400
bca-e5b40bad76d0021d946fa07c04a38804,2024-12-02,46800
bca-9c6e3c921264f118df2279a200d9ac8d,2024-12-02,98700
bca-9f1bb6d267fe2191e305847c9fb446e1,2024-12-02,96000
bca-b4ec0ec0306445d3a5fed5aca4d7eb6b,2024-12-02,5900
bca-9e7ce32a109e374c9800d72be36a78b4,2024-12-02,46200
bca-ce52bdeb23d0a16e63b4711de092b3ce,2024-12-02,20200
bca-c5f0f23fec4d6cae58f30b3baa9ee687,2024-12-02,55300
bca-47402007194ead8c2dbc248f541878cd,2024-12-02,95300
bca-3e34bd8260a1bf833bfe5913797acbff,2024-12-02,81400
bca-bfe9972298d67d89e6371626fe78b283,2024-12-02,77800
bca-bf5b4bed54c2a68dd3cc02dc535bca31,2024-12-02,88200
bca-c97e430a16482038f102f54c5b835dab,2024-12-02,-27100
bca-cbcb8deddc00c968920e14a51b6b061b,2024-12-02,66900
bca-d97eddb982c294cd332de7dc1979ff01,2024-12-02,52800
bca-dcc7f0877fb1deeecc3535a92af90411,2024-12-02,26300
bca-f7fef154f9e765d22d8203a4587e35fb,2024-12-02,55200
bca-47671661388775c54239c48db83c5dea,2024-12-02,91700
bca-6b53a9c1698f6060629ecda8602c8380,2024-12-02,-96000
bca-845de8898722eabfa6b2c709021a726f,2024-12-02,15500
bca-c9696a26bfffd54d73bcd8d19760a3a7,2024-12-02,50600
bca-536552bea52b19e2bb329cb2b92bfb51,2024-12-02,60700
bca-5c9ef48475d88feffa6adf78bbd592f7,2024-12-02,53600
bca-10833575d5c754ece86154f3cdf4372e,2024-12-02,26000
bca-bacaa844dc7a5824bf3e4f94998c03e1,2024-12-02,60100
bca-a269c873f3c84eafd1d7ee70af3c4c92,2024-12-02,6700
bca-92acc482846593c499f60234bdd46565,2024-12-02,77900
bca-3cd615feb1633b32340d71584677c80d,2024-12-02,38400
bca-475644809f8a4f59f3a4903c668b6354,2024-12-02,42500
bca-5d474fb21d7bbf9fcf1b0c3d38beba37,2024-12-02,47800
bca-0910d8efe7ec51d286977ce48d6c1278,2024-12-02,94500
bca-0b70ff3dabbfe641fb7bc68ff7330000,2024-12-02,-25100
bca-fde2152c0965b08b47fcb85c904eeda1,2024-12-02,38300
bca-92570f9fa8e173e1ef134311374ca0e2,2024-12-02,22800
bca-631e499e200db456a54e13c0d1a8cce0,2024-12-02,-54700
bca-1a7e71292382922c7d37538382526828,2024-12-02,29900
bca-876cbf7cce75aef1ec9a75b1f5be2bd9,2024-12-02,71100
bca-7563fb63455691f856b8bce67229bc8b,2024-12-02,27000
bca-4163a46fb285b8b0b5d62fe36c2fd785,2024-12-02,98100
bca-8d9415a19ec0d677b3dcd035ce312f8e,2024-12-02,25000
bca-7030556e1971d067728827ef06517ec5,2024-12-02,63700
bca-fd61f476bf631bd5461ed45482dd2902,2024-12-02,69400
bca-f0fd2b7d117bf9725affb206420dde86,2024-12-02,86400
bca-e95f8433d55c09f29e4ceecf248feac3,2024-12-02,9700
bca-f6633e10fe566943687daae5d3508044,2024-12-02,-81100
bca-ed4b29b17098af66d7b729073fe9c55d,2024-12-02,84100
bca-2e83890fb87f58757d37603e7589fa5b,2024-12-02,-42500
bca-4b4a46acee3f399ddb6c3ef9bd9f382a,2024-12-02,30300
bca-bed9b4163a0264bbbbd71df8697053dc,2024-12-02,98200
bca-724c5b3526f3e82f098dd19d451b556f,2024-12-02,-28000
bca-243e47243b01ce13ef4567a176b52467,2024-12-02,8100
bca-47e981fd9341a313f3f29b9dac87011b,2024-12-02,34800
bca-7349d13d168e4d98ab468fa09d8cabdb,2024-12-02,-93200
bca-cdee326dc6eeb0de2e11ce1fa52ca797,2024-12-02,49900
bca-06339a8c2d3cc8c32de3cb8ec2fff8c0,2024-12-02,11300
bca-36a35ac913dc008be2449505eaea4d7c,2024-12-02,61500
bca-5ade2213fbc16762db5d1b6466e9b4ec,2024-12-02,92800
bca-aab9e15568431006773ad8cbde748250,2024-12-02,55500
bca-4273e4958238c3940a7ee4a456650846,2024-12-02,42400
bca-4f93a2f27f26334dbf5230326d09863d,2024-12-02,56600
bca-611be33a454a49712cf04daf88863111,2024-12-02,23600
bca-a47b54239a389dbdc9c4bc9993eaa1e5,2024-12-02,49500
bca-9bbf1c0b5cdb571313237b9e19c26a93,2024-12-02,53000
bca-3c90905d25559ec3d5132c5ea48dbce8,2024-12-02,80700
bca-5e6b78d5935eb08b84c0efa34fb69352,2024-12-02,91300
bca-e7f79842306be3d3adaa221403f3af8b,2024-12-02,56500
bca-0c34f581b349224774d6118469a29d8f,2024-12-02,9700
bca-dd3907c237f2aaf429ea926016fdd952,2024-12-02,62200
bca-c488c04f0b1b7d11a09dce5f4792cc01,2024-12-02,-29900
bca-fddc58b1dc9c50eb998379d3a7b4ca9e,2024-12-02,60700
bca-55fe35c3a72bf34ea693bac16c06d368,2024-12-02,51300
bca-50d0eaab1fc48721fc6318078734970c,2024-12-02,76300
bca-de1ea848ce4e93732d2d045da6a1937c,2024-12-02,67500
bca-c03d7aa433a47e8e9a97918c231065e0,2024-12-02,70700
bca-1f0ffed5a6707455297ca1c9c839a638,2024-12-02,-11700
bca-c186cc9f0bed6f4af31779fc3cb5077d,2024-12-02,2300
bca-67aa5791411a99cce035398179591dc3,2024-12-02,77900
bca-a56af990756db13c1b3e3a22156add6b,2024-12-02,27400
bca-a29e726ee71158a1397a54dbd140d670,2024-12-02,-80800
bca-c81c055cdb32e4659fbb9b5add897ce7,2024-12-02,-79300
bca-a4d527f575bde7a174f6426bcef28337,2024-12-02,16400
bca-c763b41bdffca09178504d153e054c02,2024-12-02,86500
bca-a4082146685602887c77dea7752c40df,2024-12-02,54200
bca-c5a3cfdee2d06a03eb8e6c865538a304,2024-12-02,71700
bca-94849c8f9dfd635c03ad81dfc987d48d,2024-12-02,23400
bca-410da212946b7c95fe4b49cda4378dae,2024-12-02,63900
bca-b75bb803574a730851a0928300d09cdb,2024-12-02,90400
bca-dfd347dc50a29b4f6e13baf3d9fb980c,2024-12-02,-51700
bca-11e824ae8af01b9bfd5a5874ee016005,2024-12-02,4600
bca-dbe49fa2987217a7fe60b8fe7ec84f72,2024-12-02,32700
bca-10f278c555a262aec2eb885d6d245b97,2024-12-02,-64200
bca-c075b9b430513ab827a5e38c0f695da6,2024-12-02,41400
bca-709dbca4b0f587a5bc4c23ef6b6d42a2,2024-12-02,57300
bca-78e3917517817f1b09ce617f68de5fe9,2024-12-02,19500
bca-88d76421c91a2847b67979356e38c09e,2024-12-02,86600
bca-99f40e64399f2b3d64aff071385ed659,2024-12-02,8400
bca-21332e73a59ae6f688eca120db99f41f,2024-12-02,-4900
bca-f38ddd0a4a41b675d0e734046b3ea4ba,2024-12-02,-11700
bca-f7fc33780229c568c614fd5c8c01b59c,2024-12-02,-16500
bca-d894bcc1f1abe3c1f98e50ea42a5bcfb,2024-12-02,63900
bca-578523458d28cddb9242a610b0ceab7f,2024-12-02,27000
bca-1d14432769c05ea0b14be55b5a239887,2024-12-02,78600
bca-c83ad828213bce4dd09230174401e58c,2024-12-02,43600
bca-062e28cb124e9fc6b0ddf773f431b03c,2024-12-02,71500
bca-840174e3b55855a2c6e1c60c3be81a49,2024-12-02,18900
bca-b6576ed5021421c934834aa423dfce9b,2024-12-02,31200
bca-c4665cf5e6db15bbc35366e6ca3d83bb,2024-12-02,69500
bca-5bd41e124aef5fb74a5ab74ae74511f9,2024-12-02,44300
bca-953e846b2b6b95674118930332e7736c,2024-12-02,90900
bca-0a072dd9880b4235303a5a117d8d1016,2024-12-02,93100
bca-8c429a866ffb414b3acc652b26dbb153,2024-12-02,93400
bca-fc2bce88eecdb11a0330bc39c234dd8b,2024-12-02,35000
bca-f63e8521a07b3543624cad124e5da10c,2024-12-02,50800
bca-f560bdb6484d850f83308138922d8baa,2024-12-02,78200
bca-f8c2f3f23fab309f0697f42ea420515f,2024-12-02,-65500
bca-5f62b1293308174f779864503ba38e39,2024-12-02,95000
bca-3e90728a96afce212444cde8074b08d2,2024-12-02,46900
bca-cb5e41bc54af4199d6b2dfe93b0408d9,2024-12-02,41200
bca-acd57b353561f7c4f696eff4f2fb7bb6,2024-12-02,-17100
bca-93ede02bd11f41bd26d168a2e8dbdfbb,2024-12-02,64600
bca-132b06af99292cc6cf2bcad6c821ebf7,2024-12-02,27700
bca-712d6b8c3a84a44e606f291e7cceee74,2024-12-02,25900
bca-5a345fb9c85d7184b4c205d2cbe7a2d0,2024-12-02,87300
bca-ffbbc8518cf7c97b684cb0bd655ecac4,2024-12-02,60200
bca-3d0df0b48654b8a205b20a245ea8ee33,2024-12-02,13800
bca-038e71f853cc736d7b07cb1d2e804144,2024-12-02,-64600
bca-0d78d50362311a4490e6fd5dcebcf541,2024-12-02,83000
bca-eb038b334763ae07abfcfa3e1ebadea4,2024-12-02,83000
bca-8578354ebb694c08a5d0b5543d6302bc,2024-12-02,46800
bca-922d2a3a06233d33fdce8b957eb2991a,2024-12-02,-33900
bca-61bcaf9a9b9612490c9ed8fec583a367,2024-12-02,77400
bca-3aff56b7fb2536b080921e3f06282c84,2024-12-02,12300
bca-a2df4fb65c656be46151f42c361b3b90,2024-12-02,48300
bca-f4c8231a58e116467754599df52896b2,2024-12-02,79000
bca-8e31f2087b58791ec4d1d5d2e863c0e3,2024-12-02,84500
bca-99cebdc72e2a2b4d5147231f1df763ad,2024-12-02,92800
bca-5e25091411ecf97df2924c8171229a83,2024-12-02,61400
bca-d0d807c3543c99ae2802c3f7b93343ca,2024-12-02,83100
bca-b53b0f747bba04d0d5e40c5582bec1c2,2024-12-02,5100
bca-25f9a590dfaf413194aa447dea12d941,2024-12-02,18300
bca-3c42486f71ca30f1ecd388fcce10166e,2024-12-02,-36800
bca-2596aa9f9e71634179a9a7d4e3b572b3,2024-12-02,77600
bca-97127913c1a35ea2d00089092db1ab15,2024-12-02,49100
bca-978045deee7c7f956eaf7f08b732c0cf,2024-12-02,-96500
bca-91756a6582420f45d83aa2de32144e7d,2024-12-02,66200
bca-7b76c375523fe2b9b91e3957f3aec24b,2024-12-02,20700
bca-0f705fb410c7b511bb0af38bf17c2e86,2024-12-02,9900
bca-2edd1541e21db542cae791e180889178,2024-12-02,34200
bca-57a642041c222de13ec5c0dea47930d3,2024-12-02,68300
bca-d2ce812f0beb71a5f1dd0319c31cb34f,2024-12-02,-50900
bca-ecb517ad2804a19d01b588d84499d848,2024-12-02,80600
bca-78620749994e007955d4d5d21f6eef86,2024-12-02,-26500
bca-b565cd496ea8a13ec99f5de9b3ddbd22,2024-12-02,-77200
bca-27a0225c54d1b81be786bae9a0d47473,2024-12-02,20900
bca-1c38c9cf7fec57d01714f02cc9f9ff2a,2024-12-02,14600
bca-97d9fc9795446ab3878893f3ac17ca32,2024-12-02,-20400
bca-04d9e5458aa5af065f3a2dab19821216,2024-12-02,57600
bca-da1576cea80ea5c4605c2c6fcfb3edfe,2024-12-02,-60100
bca-3d701eb77a923e3601bca2cca5330f24,2024-12-02,91600
bca-a6d824b8d68c0d4858b1f22df7bcbc8d,2024-12-02,97900
bca-99a89be31a8ee338da2a7218ea9ee4cb,2024-12-02,-90500
bca-74cd29a6a4b026355fe3c2635bae5130,2024-12-02,71600
bca-2220bf2557f7aea39836b7cbcaa951e8,2024-12-02,-35600
bca-aea9533f865d7c6d3b47cce0c4d5eb14,2024-12-02,53800
bca-146c83bace617bcc229943b4b8ccf06e,2024-12-02,73500
bca-ee14c8144aee5792d0d145efdb932472,2024-12-02,86000
bca-21beea6ffd4fb4b462dc7e53d3f818ba,2024-12-02,33600
bca-ffb19401a4c6a58474b6f4b7f8c4cc9b,2024-12-02,19200
bca-c0a3a5ef5fb3fffc777448642fd8c9cf,2024-12-02,-37100
bca-b49c803d1bf8eaed8ecaf3aa0e9e2f41,2024-12-02,21000
bca-23fd356723ebfdece0a1db58b1b31d53,2024-12-02,42400
bca-b8a098fc1acc4d630444b3a3a68205a0,2024-12-02,32400
bca-775fef68eb5ad5226b20d26465cbb704,2024-12-02,81200
bca-1afd0b1a6cbc98e12614abe5fb6e0fac,2024-12-02,83300
bca-0cd6bf2d3f9f78d988f052b4804b0d28,2024-12-02,95100
bca-65df2adbbf8eedd249e8679948ede93d,2024-12-02,69500
bca-c77c1b07ad87ad7dd2470a1d8d0702ab,2024-12-02,-47600
bca-997e101ea61b187133c5bbe7d55327a2,2024-12-02,27600
bca-4b650d92b9be5dd5bad067b353358ec9,2024-12-02,73200
bca-a2bf78d2489dc901f3bb67c03f73fe66,2024-12-02,68800
bca-32d0fceab3be443ffd53f6d61ebc2bee,2024-12-02,53700
bca-bf77bbd8fc1e6e975eb40d253e0c68d4,2024-12-02,-31100
bca-150166f7745dd0c1415b0e611fe775cf,2024-12-02,-58000
bca-e8209e3f020cf8d7b4f3c11790a320ab,2024-12-02,13900
bca-8bce32d5cc857189f21ef4ccd07ffddd,2024-12-02,20300
bca-d00c65a8d46564c067cc2022871fce08,2024-12-02,-53400
bca-8142afae92db7cff498051eb0f5b3891,2024-12-02,89700
bca-83deb4016e0c7b98805ce51cf1a685c3,2024-12-02,46000
bca-1979a1a766993ffb36bd8f7da2231f4f,2024-12-02,39100
bca-628803fcecdee888fada968713d1da52,2024-12-02,45000
bca-91ffa2d284c8649ecb59fbad2c554ed7,2024-12-02,47300
bca-c071ac9f407b5630e3cfd7c2d3ce7499,2024-12-02,17100
bca-2e840f69abe4aed576348efe12cc4226,2024-12-02,-33600
bca-7a6a8a109a0cf489d66ae6bfc5677d42,2024-12-02,19900
bca-e0bec6384686337bb0b167e1a2984e02,2024-12-02,48600
bca-2e1e8d817b26d5d40059d725041f9889,2024-12-02,-42900
bca-676cae41655409064fec63d7fff731c0,2024-12-02,38400
bca-7f0e19c8dee83234c8b74ea5ed5aa8f2,2024-12-02,45400
bca-1cf38343cb7703fb1602441fd11203dd,2024-12-02,-65600
bca-d1db5fa1aafc60455bfed078b5cfb712,2024-12-02,-1700
bca-00a616c0f5d678073fc9b0bbf719d829,2024-12-02,21300
bca-ea8474ef636525de9abe126fd558d86d,2024-12-02,1500
bca-faaf9c50e3812f2f1eb6bd8ddef6b3fc,2024-12-02,-43400
bca-0b49296da07121040149c12c00c60453,2024-12-02,-65400
bca-424bae35325c47c7c42d0b5db91a1d3a,2024-12-02,-81700
bca-57fe129eee783d971af130bfc2669fcf,2024-12-02,28500
bca-4ab5ec567ba5127ab89fd966851ea3ee,2024-12-02,75000
bca-ae77bb30df5b478696c2feeedbf41a67,2024-12-02,87500
bca-af5b212e1efb319781f2c4c4e23a46d7,2024-12-02,26800
bca-1b725240d0dc134bbe8118cdfef1f0fb,2024-12-02,-87100
bca-7820ada53450bd559cf7a3690c800399,2024-12-02,-73800
bca-2c4facbedb7afb149d1b5f6a5b68e648,2024-12-02,40700
bca-5693c905c02460626881eb67015a816f,2024-12-02,92000
bca-35aae797d30550b9e2fc588bc39a7d54,2024-12-02,-35000
bca-e604a2c669358f248227c4915c858244,2024-12-02,17300
bca-19e4fbf59b25bcc478882005f65520a1,2024-12-02,-52000
bca-72fa6fb9b8a3be2083884a1f86c587ee,2024-12-02,66900
bca-203a0f1c0f98b1c99af6e50a5dd14b70,2024-12-02,-55700
bca-edcfb428614ca13329dff418c5a37f7d,2024-12-02,-6000
bca-79b7320f91b634f9c706b462aa9fb2c6,2024-12-02,-52400
bca-38513ee415cc67065c813275e7860a1d,2024-12-02,32700
bca-167733ae6a54e31739efc081eea040d4,2024-12-02,-55400
bca-0b99d7af7403acd5cb06f2f267303ef6,2024-12-02,18800
bca-90d163c96c3492ac3135d776c606069f,2024-12-02,65700
bca-d4cc69ce46402100e121d9c783ef8ef9,2024-12-02,83500
bca-0d18db165108ebb4777c870bc3e0a57a,2024-12-02,-65700
bca-c6831e502064ce92615c5572153e9ea3,2024-12-02,82300
bca-6ce5cbb9c39dca71a2ec9710eaaead98,2024-12-02,28000
bca-5fddbd0efcd2905744ae124817be595d,2024-12-02,22300
bca-d63336ca1479b2090aca763fc082246b,2024-12-02,-84200
bca-65bbcc700ae5887e751c65aca6adf31f,2024-12-02,69600
bca-5c53b7e9e8d1e75a8cd7ca52fcb9b966,2024-12-02,-62600
bca-9146ddf63abaf4eb492566263f807876,2024-12-02,21000
bca-05bffbc023a9b5153d14af5101ca56d1,2024-12-02,92300
bca-ef13edf8759c5ff75bcce055e6213208,2024-12-02,-27800
bca-c8eba52e9294fde0f28fb34a47b0cd41,2024-12-02,85500
bca-dc9a3726ed3f1928ad3e039438259f8e,2024-12-02,-47000
bca-72871ce5070910fc23341bfbaed4108d,2024-12-02,57700
bca-0e573c91a89a65f3f348b1e489de7a0a,2024-12-02,-7200
bca-a072b8b1bdc439d89d60728ef7829dce,2024-12-02,13100
bca-d94078123e7d93797b61263f276bd59c,2024-12-02,-16200
bca-f566e0aef31d7fe1e5a1e34dc586bddd,2024-12-02,80500
bca-e6ab1dfd273351d261557a9472c7bc66,2024-12-02,99000
bca-4d328f5452b444d9ad83851f5e7f1880,2024-12-02,45200
bca-04fcf8130f9f6efe0e4fa003b457e289,2024-12-02,70200
bca-787a3eba355b82fb1f7cbf20e2cf4ac2,2024-12-02,64000
bca-1095c0218b1a2f8ce36e3d286286e494,2024-12-02,62900
bca-1d7c53cfec03d0823f15beed7eddcadc,2024-12-02,43700
bca-a88fc17c426f14c1924319389425e65d,2024-12-02,29600
bca-5051f4bb35590868eec6071a3f868a2a,2024-12-02,41800
bca-b93bb488e4786d5b7f1d1f0e2a8bdc26,2024-12-02,55000
bca-e72faf964da4d813ad66007b00ffd2da,2024-12-02,-79400
bca-4dacc937a425d73c6bbe732040548b91,2024-12-02,5300
bca-51d6ae26d01e0a878f1fa14f32bd44b4,2024-12-02,84300
bca-c1797b1338f3841f3c8d1471f70a88fd,2024-12-02,62400
bca-c2515d3516fe77da7507d6615f53de6f,2024-12-02,-21400
bca-84eab4acff2dc13c0220b3899f7b27ae,2024-12-02,46800
bca-9d4ddba80aa424eb4c12222d2018a0c9,2024-12-02,75000
bca-142974880795dfe736a88d86809fbc2b,2024-12-02,-68000
bca-10d158cfafd6d4bbe3650ca631c9c67d,2024-12-02,-12700
bca-432ea20ac975b1a96f83f1324a94ae28,2024-12-02,47000
bca-ae1ebcd4a412fd58cca74398d5b7ab82,2024-12-02,64400
bca-b40284597d280e8082d59f72842740b4,2024-12-02,41900
bca-591eb5817cb682e3d20243f13a91ea09,2024-12-02,10500
bca-7af867f888b4139c355bad97b9db15b5,2024-12-02,26400
bca-cdd518c439c5f89a3140776740bc4c1f,2024-12-02,95100
bca-281d6b163f9baa0804ce81d961ca3813,2024-12-02,28700
bca-5d17112e30d0fa9790e2ac35a91b72e6,2024-12-02,79400
bca-8a75ef0644b93b897e56e62319d6e56d,2024-12-02,80000
bca-2268efb56078f51e7dc2ceeac50212a0,2024-12-02,30500
bca-eb03623104ea55985515136d88051718,2024-12-02,61400
bca-d64d4ee5fe985f8a23821e6ef9440ffc,2024-12-02,-99500
bca-699e37e16b976ebc32a0e0f009b37f84,2024-12-02,34200
bca-9fb2f80cf3e619ea63dbe9c48de8d0ee,2024-12-02,2800
bca-222c153eb9b42ddd8d2304e90ee0449b,2024-12-02,30000
bca-98a81d2ee6f943fe08f9b2b19dc38f6d,2024-12-02,29800
bca-da23a404f3444818d51c9d2843e5f492,2024-12-02,-31300
bca-e952fd9d1d91ee517c7888840009ea22,2024-12-02,60900
bca-c2d8d9656482c25836dedb5f68301acd,2024-12-02,12300
bca-639d8c1bc76004b0bd9aba89b625a8e9,2024-12-02,46000
bca-0917a78dd994a7f7952cf4af32b6bb43,2024-12-02,41600
bca-07fa8a873cfcc0f7802d9d3e00ee33e0,2024-12-02,-99200
bca-f9f96185df96908f3e515ae17deae938,2024-12-02,84500
bca-a6b46cef757f29070349f549f31bab2d,2024-12-02,80300
bca-94d5b65db0d19c5b09b80ed2f56009b3,2024-12-02,-72000
bca-cbdd80917f9a3a077018ee43429bd85c,2024-12-02,-52400
bca-e9bd61065ec5b322e09dccf3d7f232a9,2024-12-02,35700
bca-158b8269309bf2ee599a4aee3a814e76,2024-12-02,92500
bca-651cb3faf5690198da58a45a5a50ddec,2024-12-02,46800
bca-6950db6cc0f6e187cbb495aef76681eb,2024-12-02,-31300
bca-be90e4a036e816ecd4008f62b8f52fb8,2024-12-02,33600
bca-9e426f03f908f2e34959966588090a8c,2024-12-02,-27500
bca-fd718f6cac34d976254c4a803e2d60fd,2024-12-02,-9900
bca-078d036630d1b9ebc8d166805576c4a4,2024-12-02,98400
bca-3cb40e4142b3ecb72d38669483bb2717,2024-12-02,90300
bca-8203afc95640f71ddf003b834a4c711e,2024-12-02,-44100
bca-c783d9f7fe05e9b3f318cb58a66b74aa,2024-12-02,19100
bca-3799704cca6967a0e87d89d506cd9929,2024-12-02,62400
bca-5722bd1914e896a8c8e3a4b5b556a59a,2024-12-02,25000
bca-7dd934ce63b4cafb7e11599f636c578e,2024-12-02,27500
bca-8c71e0885ec55be2b0416913586f76e1,2024-12-02,12300
bca-a2811e300f44abd4ff76f85da2ce9a37,2024-12-02,-26100
bca-a969fd82873418d9578623234b2eb60c,2024-12-02,62200
bca-0bcb2ff2dd4353e3456d321a3d04d025,2024-12-02,-2900
bca-d89e23a6754f2683b3df9e7ea6a1bd10,2024-12-02,-75200
bca-d8cb1a0d86e45c0f0825b0e910c12763,2024-12-02,58400
bca-6cc6453b1fc4b2c7b8e585b4b317f450,2024-12-02,43200
bca-6ecf0af404705ddd22eba50d484e5eb0,2024-12-02,13500
bca-fe313fe6d2aaf751f89a21ca3305b6d9,2024-12-02,88000
bca-474565f88135ae599e4897b05d55f820,2024-12-02,47400
bca-000c4502630fd76f70bb35a3343f7bdc,2024-12-02,63200
bca-057caa41d66cd187e41aaa664280f76c,2024-12-02,38500
bca-46d1b329dc14a5eef3f04cfc0dc108d4,2024-12-02,-44500
bca-023b608bee2a05c38ad0412acfca1dc8,2024-12-02,34100
bca-8e199c3a2c3e72f323b7778bb8e86e57,2024-12-02,8400
bca-dbb2f9b485fb3602e886105e5fff1f35,2024-12-02,91200
bca-77a344a75056f813ca7c75f2946840be,2024-12-02,37400
bca-b857ee8b05e00aea847e68fa5749bcfb,2024-12-02,77500
bca-1fbb95b0d9c4b3211c7cb228f302a120,2024-12-02,71800
bca-69d256256c8a43203450b8480b185987,2024-12-02,43400
bca-3c0d1a0dbbbfb22accc3d5ee67bd117d,2024-12-02,48100
bca-6fbe6a16d000c2efa5dfced5cb9f8ea7,2024-12-02,75400
bca-37be9222ed0f618686ce88c7fb60012e,2024-12-02,64000
bca-7cfd6839c424c2a08cb554442181938d,2024-12-02,72600
bca-d0bd90bcce57dd4ae86352fb7c0fdb28,2024-12-02,99800
bca-0fddb69011a133016d653d9ff23e87e7,2024-12-02,28600
bca-6f0eaaca1170712334955ca4a8ad1869,2024-12-02,50500
bca-a920604d5dbd96e4502b95f7a80c7849,2024-12-02,61500
bca-734b6040e434d48288fef8c9355d49b9,2024-12-02,68700
bca-7be2b9bbc3d09fa58e662df133527b07,2024-12-02,54500
bca-6883c2a278601afec0a1c150b132b80e,2024-12-02,-79400
bca-48444a2ee86110b5419ca0fe3f8010f2,2024-12-02,76100
bca-5221d3114e6b2b635980b47a28ccc669,2024-12-02,3200
bca-8da0382422d4ae5d5c6c097e30ba55b9,2024-12-02,71500
bca-b5c5eb06b139920a85e53387684a2a00,2024-12-02,24200
bca-97d13843c08df0ebdb0f92cd72b43a4a,2024-12-02,72100
bca-60befc6b7b5d13949625609a5e1a3ec4,2024-12-02,11500
bca-a7ecb51de5066808393b2d04066aed5a,2024-12-02,-89700
bca-0185bf0cea8dfee3c1b3571bfd4892d7,2024-12-02,63000
bca-6bc389414673834aafb3070a6537b93b,2024-12-02,3800
bca-7dae6b39a04b164aed1eb6a07c44fd72,2024-12-02,77300
bca-35fa5db4d0209debf51318afebb27a6d,2024-12-02,38800
bca-72ef0d46ab4de070b62bf42b0b8bebf1,2024-12-02,44800
bca-eddeea0bfb243a6be7f84fff07e90b2a,2024-12-02,50700
bca-ffcf35c282fec225a7c75e0d781c4d93,2024-12-02,9200
bca-f534a32b5b23ec3e7c8249e204787454,2024-12-02,75800
bca-7346fb3effa5688f5aef51f29dbdcd58,2024-12-02,43500
bca-30f09216b504c1a9f833a54a1c1b1ad5,2024-12-02,44400
bca-fc3fa087a4a727f26f6ea561d8855c9f,2024-12-02,59900
bca-b9ad28f30f3598f3f40fded18707769a,2024-12-02,28700
bca-2ee42224ef8e2eeb8964a043daea94c6,2024-12-02,47200
bca-689d4ca9018389fd6ce1d891253911e6,2024-12-02,-17900
bca-71072691b2a1a37315f8562d69d918dc,2024-12-02,27200
bca-7512eb279f7d361e1e7f335eaa8139c3,2024-12-02,6100
bca-a8ffc80c0ebe01f74ac4b50b4d2b1046,2024-12-02,-66600
bca-5fa98b70118be6861699086c35fa5e52,2024-12-02,70900
bca-1759ccdac1396a9d3b281dcf62d80d30,2024-12-02,63600
bca-76f01d26fc3de47b57617a2082605f33,2024-12-02,65600
bca-f3a8463ce7cf8643227c593638de2ec0,2024-12-02,-32000
bca-bcb21428446a4b9e3bf879d29def4b72,2024-12-02,82900
bca-0b6d9e93e29aefc533ca953871464f60,2024-12-02,76700
bca-e21659c492b81e85b4fbba0875d57b4e,2024-12-02,98400
bca-1d955b72a96a93ca8d73d582f34c3533,2024-12-02,28300
bca-7e1eeb832d815fccaee70b95ce8e31b4,2024-12-02,-93200
bca-4b5cf2bdb9055cfa3096c9a3c57fd676,2024-12-02,89700
bca-0cdbdafa8c4f88c09903b7fe6d52b6fb,2024-12-02,1300
bca-73f89b826dd8b77ea8d9e068ca269c40,2024-12-02,98200
bca-82bca415b12bc8c8c122fdcfa95b9cec,2024-12-02,60500
bca-2c799476193c743e14018d31423b020e,2024-12-02,-35900
bca-9c1668a502c3fc7600900f65f6fce162,2024-12-02,59900
bca-b34a9f56ff590688f11b62a49895dc60,2024-12-02,42900
bca-24c3e933d77606c1c5f9584aeadbf0b6,2024-12-02,77500
bca-42beefc18cc96b9604cda54e64cc05a0,2024-12-02,12100
bca-f83bb4382b6dbd5fbd1d06d4b73d6052,2024-12-02,32000
bca-44b409afb59412d5783649ef8c888e69,2024-12-02,41900
bca-353b62fbe92be9b183a9d0bfb69ea750,2024-12-02,35700
bca-c0148d6dd066cf2dc2f4e1d662460946,2024-12-02,50200
bca-a3bce646a5065b7a5a192b6f06e3450a,2024-12-02,-99400
bca-7ac05710b2408c77575e683059720973,2024-12-02,68300
bca-03d70e7046d72a9582f4e29cdf294785,2024-12-02,-87200
bca-27e2b04a8c677e1d6d1feab3014b6597,2024-12-02,-97200
bca-a1cd7ea4aa194d7d7f9024b29ad14ec7,2024-12-02,-56500
bca-834da64fa718cfe77d9252474fd84282,2024-12-02,74000
bca-1ce5326deab85642486722d57081243b,2024-12-02,98400
bca-3f7d55fac8535ecba35ba92bab05a401,2024-12-02,93500
bca-6245d1460feb5662ea613e2491f23f41,2024-12-02,30700
bca-84f248ca57a395df2b55ca7e68ab5c3a,2024-12-02,41000
bca-c0a0db314396abe14155ef210cb30e86,2024-12-02,-72100
bca-6dd018547be49c1ab30840a6a36c7f01,2024-12-02,-46200
bca-2f63685c6cf8cd7534e6b55dae0ae768,2024-12-02,81700
bca-dd3e5161435c3b91aac276157c70df99,2024-12-02,37400
bca-ffdb6d7927a2838d21626936ec0d80a0,2024-12-02,61300
bca-a06ec66c8b762e75436309c4b36eb65a,2024-12-02,-73900
bca-5d33dcc4c74556759fc98566a325dccf,2024-12-02,94600
bca-154057f15a6413b8b54c2bb0e8d49acc,2024-12-02,-82000
bca-86d332bf79e03426d7ac033117ced0fa,2024-12-02,52900
bca-21617844cd41ef800c5fa18e40216f4e,2024-12-02,-36300
bca-cf54f855c349dec0e36465dfccc3f5db,2024-12-02,57300
bca-eb6b871e38e1da15a4e3ebcac7c77bc3,2024-12-02,83600
bca-0805ab31232dcb916619c3ac58bed9ef,2024-12-02,39600
bca-897c638fea8e8826f868411b5a056f60,2024-12-02,-41400
bca-9ef525c07253a53848611a72393ca799,2024-12-02,26500
bca-f991b1b258f7b8058c34a7cdbcae8144,2024-12-02,81000
bca-6a9b3e2b91c2093082dd815a0ffed201,2024-12-02,53700
bca-660c4f507516d0770550411bb71e9260,2024-12-02,-81100
bca-a16b16ed71f095e8c6b1d39c0f22a1c1,2024-12-02,49300
bca-099efcbb46090727eca9b84a49e14f35,2024-12-02,32900
bca-236dcb71b9f63d301ea21e418279f91c,2024-12-02,15900
bca-f85c4f5678c6250d7c5f90e4da8e7dc6,2024-12-02,83200
bca-93fb04a770dc66d11c6a42e2c42b3fc2,2024-12-02,1500
bca-11964379b7eddcc7e562038ba8f43501,2024-12-02,61600
bca-db2066fd0a8287c198410e7fc57f7865,2024-12-02,30000
bca-f7800d7cb4ef2d8d668aee1c337537ee,2024-12-02,-72900
bca-22d2c89d211a894e97c9f11ce6e36ca3,2024-12-02,-15600
bca-fa6c65e6eec6a22d3cd84ebc3ad1de60,2024-12-02,78500
bca-494e1a9bed3ff8fcc351bf2ba84d34a2,2024-12-02,32500
bca-d682507893d2155c86fe064349219841,2024-12-02,46800
bca-61588b6d4a7f55cfd1a5e043fde35513,2024-12-02,43600
bca-a9306eac6eb1a192efd7f50f197a8db2,2024-12-02,65400
bca-bf025ad6158696f025627fc2bdb313be,2024-12-02,52500
bca-349c08ba89425befc0cad3932065c45d,2024-12-02,22500
bca-6015db7a8c2e3fdef57786bccbd366c9,2024-12-02,17800
bca-a290ce46f42fa661b25b30ccefd93054,2024-12-02,4800
bca-3ea51eec24869d0f06ac3bb761fe37ae,2024-12-02,47800
bca-0bcc0845a81c07a899ab28f824d23fc4,2024-12-02,39600
bca-1a51dd3a1e89b6fc18948dffd6adb5e0,2024-12-02,77700
bca-aa64fd7d60f2bc120036ea5d5114d564,2024-12-02,38000
bca-4bbbf184f17ed20d0bd31bab052a7683,2024-12-02,31700
bca-9e2a9157688e15334cd52921b1e00767,2024-12-02,71800
bca-d0a1e18520b955a94eab09071aa9ef2d,2024-12-02,-66600
bca-6fc681bae84e03d2a22b362edc3b2de2,2024-12-02,-88800
bca-dc56660ac03f905ea9807e61da319aae,2024-12-02,93600
bca-c7870409062a514bb9cca7b258b7e708,2024-12-02,-48400
bca-77bc93ca71122fde411a96f7b73d0a8e,2024-12-02,59200
bca-2a926678d790c4388f2f8dc69ae03241,2024-12-02,81100
bca-894f371b2385f63af520c707eff931c4,2024-12-02,-64200
bca-899efc21733e0900ad59c62fa2379e15,2024-12-02,75500
bca-0bff69612337d42e3744eef55ff405c7,2024-12-02,87100
bca-70050a781c1245bf15f69a8d4982fbc5,2024-12-02,90600
bca-597416a8a0fe847037acda00da9d2709,2024-12-02,30600
bca-e2eb54640f85c4622d709b63cd63c262,2024-12-02,14300
bca-7abe53ccd80d86038d9c631f0fb98d10,2024-12-02,41500
bca-2f5252c7a3b7692a822692634de7258b,2024-12-02,-32000
bca-593864aff044fd5be04fcf037a79397c,2024-12-02,70000
bca-e30cbb36c93fb16149c7bb1e312356d4,2024-12-02,-8300
bca-738527a32db3162f20b685323f6ca3c5,2024-12-02,-73000
bca-62bbd07c7f8a2bb71caad9e78ef5b758,2024-12-02,-12300
bca-0b26e468587607d75cfc6a8c72a621bc,2024-12-02,22300
bca-9ac1a9c358edf4cd805da32da24507db,2024-12-02,66800
bca-6cef24ac5b4aed1bde6cb7278b88e615,2024-12-02,20300
bca-147a026a37659651bec67cc9fdf97ae7,2024-12-02,63700
bca-606d2901aebf0d7bb891c63dddb00d5c,2024-12-02,96900
bca-50bdfa725cc2b0f891edbf45059a9db2,2024-12-02,8200
bca-d1ab69a9280e7f4fe9c1901388e97131,2024-12-02,73700
bca-7d3c294de774efc79589ee82ecf932d0,2024-12-02,52400
bca-054ee440d9d25a7628945f5a5887fcec,2024-12-02,73200
bca-5953b5396ce9eb0882427852b2614d02,2024-12-02,86600
bca-fcba2aec37c187e83da93d4d5f0dfba7,2024-12-02,-4000
bca-37334e63e326fcebdb1e8f61fa6b8829,2024-12-02,69000
bca-203dfc681fe939669a9b6fb98126f34f,2024-12-02,51200
bca-50eedc370c1102c0e94db2cbc877d90d,2024-12-02,83300
bca-40c02f6af35853fba6157ca9f098d1da,2024-12-02,88700
bca-3f3c6b224b57c40d0813d5f367991d6e,2024-12-02,76100
bca-671c924f71c7ca7738d0d0ab60e8c4f0,2024-12-02,-19000
bca-19bceed116d76943a6f9028776061911,2024-12-02,46000
bca-c2b8d26e1ee0ddaad5b62a754a59394e,2024-12-02,74900
bca-cfc86241148d2ad989b1362306604fc3,2024-12-02,1600
bca-3c80c8e79e6f33598ad870ab690e39a7,2024-12-02,31100
bca-2df10aab6cdfcff5f315fc868c7dd695,2024-12-02,61100
bca-cf52bf65dc87810ba62789ff5e7edd89,2024-12-02,10600
bca-8f4800e96df848765e0679e5d1536386,2024-12-02,-31600
bca-fe27c69d24b622f01f462bcb441eb2d8,2024-12-02,18300
bca-aa11061a76d758401ca492a530eef3e7,2024-12-02,54500
bca-df4257a6d6e992efdafc7322731820e7,2024-12-02,-10700
bca-aaa89b8b81c567b172f023afa7a96d9d,2024-12-02,16000
bca-fc14b867830ea40918da9edc6ced2372,2024-12-02,40000
bca-eebf92d1e9532b4bdb85c04905de8dd3,2024-12-02,57800
bca-69e983b0456c3e61368292d0f65c1059,2024-12-02,-75100
bca-212c0719447ca4ee36400aab0d5c9a99,2024-12-02,21800
bca-e736f21ec8014cbf9d8e94d3939d4b1f,2024-12-02,53100
bca-ab558e0ade1e0b0be775be67f4f92e62,2024-12-02,71600
bca-a7cb60eba17fc265f194c175b1381813,2024-12-02,35200
bca-c0a474538d13e422fdfa71764905bb5d,2024-12-02,80100
bca-f00784e9b13bc4821f1cdfc4ba4c41ae,2024-12-02,10800
bca-333a6679bbec22c0b0a6a7483dbb5328,2024-12-02,57400
bca-dc1d60d4fe4bdff7660bbe9a6f0bf9fc,2024-12-02,66400
bca-a62ae7b1911658076c609a350322ce42,2024-12-02,36600
bca-49babca051d45823b4b4df8f129d01f7,2024-12-02,-40000
bca-d72bbef7259270b87af00cc1384ac294,2024-12-02,48300
bca-4c1b538b359eba9a78b83c5644fa541b,2024-12-02,76600
bca-0bcf33644cd5ab85ee7b9b366ab17e82,2024-12-02,5300
bca-bdbd630caca426a834344d85042bbf51,2024-12-02,51600
bca-d03e523bd08ccaa7aa44c0ed0acc374c,2024-12-02,63400
bca-353b0f9d241a700b700fd48b01bcb78c,2024-12-02,17100
bca-38ea2fa1914208820cefc2591270f2f8,2024-12-02,-8200
bca-028af3f97e1994e2850d27c9764f53a3,2024-12-02,-26100
bca-3eeea5ff5bbf53c072fed0e70b5f781b,2024-12-02,-34000
bca-52620a55431a1b25f0cb8fdf160171cb,2024-12-02,-81000
bca-80fd9c37ea65268f060993f047c23353,2024-12-02,11300
bca-eccfbc1f5f2a277a2a1d324fe5491bb3,2024-12-02,90700
bca-6e8fc76429f7c3c7c0fc644cd8ce3898,2024-12-02,8200
bca-a90a62f55552bc2f4afa354c44e5aeed,2024-12-02,-88300
bca-92ecc4fd24ae9c7231af00cc2dea5383,2024-12-02,39900
bca-3737f1be60cf42a0ee5b4fcd66d1952c,2024-12-02,-34300
bca-9d143288aa7d13c6096f167de0f75c26,2024-12-02,38500
bca-6c51c71e5264b909fb0bab2463dbcd14,2024-12-02,90800
bca-316f7d3fffb5adb0f1473c04b8a926ee,2024-12-02,12700
bca-9c0d20e842d405a09b904b78337c7329,2024-12-02,63700
bca-6b5e7090788b223b10d34a66bcf04f70,2024-12-02,8700
bca-0aab5ef9736d6bcf210b70e3c3f1ef71,2024-12-02,99500
bca-fabb2232d246f51239c7bd05357694b6,2024-12-02,-62100
bca-338e0643cba8ce9a4812bd02bcfd99fc,2024-12-02,86200
bca-d64cf88e673389c37d71154061231952,2024-12-02,44800
bca-9f2db7d77c9f4e17307186f8969d2356,2024-12-02,44700
bca-3c17117254343d14c18251af18ae21ee,2024-12-02,39400
bca-faf614a9eb6edcd268fe5b7ea62fcbba,2024-12-02,-21500
bca-ca76dc9e9970a9ddb1285458fcaf0558,2024-12-02,97300
bca-34e92786f7da4f9813456e35567ae0f2,2024-12-02,66700
bca-8d05b0a72aaf48c497264c92a9f22983,2024-12-02,79500
bca-151f62bbdc6b9d9fcc28c26d8d42fb7f,2024-12-02,38600
bca-346ad22ecf0d2b90e6b89ff2c0c96750,2024-12-02,7700
bca-800d5214c0e96c2463869694c5bc9636,2024-12-02,74500
bca-4b850babffb0512ff61a60fe5dafcf56,2024-12-02,27400
bca-0f872c6e8faeacddf3a27d6533d957b9,2024-12-02,-13900
bca-4e2cc775f8757c071bc9974bee6416ed,2024-12-02,67100
bca-0f0200e6d374d42e5277a1751be2d71d,2024-12-02,-87700
bca-417dae4047d405bc43032fd683a7222f,2024-12-02,-71400
bca-502b83d40c0f25555f7181f879d11b71,2024-12-02,76000
bca-a70f6c9868bf78194bfdbd0e063a0cdb,2024-12-02,57600
bca-2a8d9eb12ba7d02c289c3bbcb95c92f3,2024-12-02,61000
bca-a4766bf786f823796c35edbd6e3f52fe,2024-12-02,-13600
bca-04510562a7d8a7478d4a6ead587cd914,2024-12-02,6500
bca-df979639ed6935163e54941bc65a33f8,2024-12-02,-4000
bca-c63c25c8ee642a6b6dd5f4ae9d22a78a,2024-12-02,84100
bca-166488b05f2e5cf8ecc69660d0e157f4,2024-12-02,-87300
bca-f6a872eecb933116ef93cb254f1f755e,2024-12-02,63200
bca-b666f208c79075066084c8a6bd4c7bc0,2024-12-02,76600
bca-f06e804a4e336d04af0bbe98505c80dd,2024-12-02,-41700
bca-8098dfa27ff98170ab672cfbcbc18fa3,2024-12-02,9200
bca-f863469b3a289ae5c09b9f9cf1616bb2,2024-12-02,84000
bca-57d0f174fdc5c4cf995871533c39bf1d,2024-12-02,-99400
bca-343d9d1cdeae62d6171f1efb4e5e147c,2024-12-02,10200
bca-bccd16ceb97f20fe2d798dd22249da57,2024-12-02,66900
bca-445103af0bc1ec5f09ea0937fa12c1db,2024-12-02,82400
bca-ca78466e4eaa08c20b2b5f0403eec40e,2024-12-02,54800
bca-5245148d7e73e0b30d3415b99cc3a72e,2024-12-02,-26700
bca-f9bafac7aae675f1a0901c3464dc0ebf,2024-12-02,28500
bca-478c4b8e0a3b6cbbf4c1ac656444c616,2024-12-02,33700
bca-031bfe7bd3095bc42860e1605929d4b5,2024-12-02,-42600
bca-0cebc7f24dd497c427466c7b3b908ad0,2024-12-02,-79800
bca-037b351c843482b904dd11f2644cd57f,2024-12-02,-31500
bca-71d4aaf723dfd367f07ef6c6193432aa,2024-12-02,41000
bca-ef4729c07eef353541e7d84201f427a4,2024-12-02,-55400
bca-c62b5e0c816522fcb09a5103dafcefaa,2024-12-02,14600
bca-0135fd4da1c5e35fcf28100ac9ca4852,2024-12-02,-44800
bca-fb3baa548e6b8564d18a3976aa5c93dd,2024-12-02,73700
bca-4d867b7f1dcc0aa3b6677c852470ba6f,2024-12-02,71500
bca-ed8414f197444c91c1aa3d43332e1ee8,2024-12-02,60000
bca-3cf004b311f4a622a92671d51038e4d0,2024-12-02,5000
bca-a0bf40113a99ecc40cab69f9d10f0561,2024-12-02,62600
bca-c95180aba4579e71d3ebb665ba73eb15,2024-12-02,20800
bca-c0b2b0ad25c5ea566731242c29c8efc6,2024-12-02,5400
bca-1736891ea28fa955fc98f873c93e39a6,2024-12-02,5200
bca-7cb73bd054b3a7d6071851e9fc89bf7a,2024-12-02,92500
bca-baaa6f2346cd96d8ec93be82e20cf987,2024-12-02,99100
bca-6c3aa80603c6900a661009e4d0f5f96f,2024-12-02,99200
bca-dd86ed15c829df3eff595599a438ae51,2024-12-02,-8400
bca-f09b5b998a68c0f810beecb57c6b4016,2024-12-02,58500
bca-63c9e799f660cca0431720188be45131,2024-12-02,30400
bca-17e6c92f016cf167f3d0525607162f78,2024-12-02,-70200
bca-45d34311cdf7b7d179cc16cd0114b6c0,2024-12-02,48100
bca-fc615acedae56016e4f517e084618604,2024-12-02,-85600
bca-7e36a21771dae650e666e5f3e84ed8db,2024-12-02,-94900
bca-ac8ebb6b8461b11fbf01bd4e6a74a60e,2024-12-02,27700
bca-a2e3cd0800b828fbfa0cd57f41990a54,2024-12-02,-71400
bca-9a36a945c2e38dff4b1f004b6d073378,2024-12-02,-96600
bca-5d935d246b1e6a7c29a2689243241612,2024-12-02,35500
bca-0f117c707af7daedc924ef9d830b909e,2024-12-02,72000
bca-6d03b3eff6616cc9af314baf025ed84a,2024-12-02,69700
bca-889896ed43ccd862f34a1210d9daa078,2024-12-02,79600
bca-897bcaba6beaacf704873ee1cc465cae,2024-12-02,51600
bca-722c3fc5d27685af920585bc1fdb031e,2024-12-02,19300
bca-970556173876ef6d7526bf2baabedec7,2024-12-02,91700
bca-888f93d77055168a45784d875b631f8d,2024-12-02,-5800
bca-ac7908568b89efdeef3789f82fcf1330,2024-12-02,40900
bca-b807adf1fa92e8d2128cd0fe76247cc6,2024-12-02,-91900
bca-655b5d0fed3caafda79515ffff21c099,2024-12-02,70400
bca-b11e13b5453cfa64882050ca576ecc61,2024-12-02,27800
bca-fc907fd3d1ad5f3d7abd61082298ae8a,2024-12-02,-5300
bca-b3c13f7eabfb2a957b9d2ea16504d9af,2024-12-02,68400
bca-ec390c54c985a3e3c056b5babaafca30,2024-12-02,52600
bca-5a8026f0cf5b596fa6893694aca224b8,2024-12-02,-27800
bca-e1821720dc2f0a7656b984c5ea8fffcf,2024-12-02,50100
bca-9952cfecaea39f27a0c3e4d79e9ee404,2024-12-02,57700
bca-16e9db7faa48a3a38a87ca32ea60755e,2024-12-02,24600
bca-c589f2ac18e94e7ea52d48eeb2608211,2024-12-02,87400
bca-ea8e3ec09c94f55e2845be3b3b3feb37,2024-12-02,29300
bca-51d6d6f5f9e279cbf5fc6cd29d5b6adf,2024-12-02,-14400
bca-7fd8156822c3226dbcf395e71c879470,2024-12-02,-27000
bca-530aec24d02688f51b3d3aab59ffc1d4,2024-12-02,75100
bca-8acf83c19d55dfa18b6518001619bd71,2024-12-02,54200
bca-56dd45e08f3cddd0f3d9dfa7ef2a73bb,2024-12-02,77800
bca-7ba2fe7ff96bb788ece1f77739250511,2024-12-02,81200
bca-670663f38e8721453f881a55249402d9,2024-12-02,-69200
bca-92934ce6e77f317b7ee08b758b16c4ad,2024-12-02,95300
bca-8289940b5bf7262a03452e1fd01e5630,2024-12-02,60600
bca-428ce5d87ac0bf50e484dd6647ed4e19,2024-12-02,64200
bca-07a6c0d346540fee8db628408b8a821f,2024-12-02,50100
bca-8517523adf8ab1ab5df3bc2b348be02d,2024-12-02,65000
bca-9395b3bf146954bbfda34929ac9d472f,2024-12-02,-97100
bca-56cea173cb80269f0aa755d8b7a9f441,2024-12-02,24100
bca-c9b159b6a0d65dc83c78f5a4ea852fd1,2024-12-02,41300
bca-0b396f7b7dc9a26a01828ce31d1f31d2,2024-12-02,26100
bca-820abaef8916c13583a5fe0ecd78001f,2024-12-02,2000
bca-add366823e457aab7668dd722d95d232,2024-12-02,34300
bca-b9fc75d4c3d95bdeac45c12a812701c2,2024-12-02,93900
bca-db4f1232a554003f76855e9462930d91,2024-12-02,-95800
bca-88fa92d39dd992840685d853b29e90d7,2024-12-02,65000
bca-f930399117ef7b939ae172e4a102e0ad,2024-12-02,51100
bca-81492bf700801ad27c08b9eb9a5ebb98,2024-12-02,-24300
bca-54242258f61f9e326152708a4570d13a,2024-12-02,33300
bca-87e8416dfd0af55129b2eaf1a05b244a,2024-12-02,-47600
bca-ca828a7be0a2ae1b1b129237d105b32c,2024-12-02,9400
bca-b7777a171f0c9eb6a1a64a49765e377a,2024-12-02,91800
bca-2cc31fb2f523dad9cbbc22584be68c58,2024-12-02,76500
bca-9b9670e8790411c5107054ee8adeeb53,2024-12-02,22200
bca-d7d854c920634049b4f53efd898b98f1,2024-12-02,42500
bca-a37df8b526504147622359334867efbf,2024-12-02,5200
bca-0142bd07402bc66a7e9c7bda11944591,2024-12-02,96000
bca-5a287c0f4bdb82955d25c9071dced241,2024-12-02,17200
bca-d5c9ceaa6660bc46f48cea095599964f,2024-12-02,-56100
bca-303c67c48bf9561586456f5421fd1220,2024-12-02,-93300
bca-18d47c89c9a22d21ceda2c8907f73f7a,2024-12-02,-1500
bca-97037cd3d20b42c184d8c7fe07a57802,2024-12-02,24000
bca-149bf7fee71d6f32d2dd82e45c8cbc8f,2024-12-02,26500
bca-7c7afff67086c1f52b28f149dc658b48,2024-12-02,44700
bca-a9ad2538ce6c8bb00f7559082a035d97,2024-12-02,32700
bca-b8f6b10fbbb694f9ce8a932fdd9aedcc,2024-12-02,-92000
bca-35d8a6cdcdf5d60a939d5a9a4c491d54,2024-12-02,56100
bca-1a40a9c61b161afed6decab9cfe3c84a,2024-12-02,90900
bca-2ad738d9a94fb1cb5d7933bac78a8a4e,2024-12-02,99700
bca-3b14133aa59dc9fe3ab8f84998ccbdec,2024-12-02,40300
bca-bd29ebb1551b3b52d000f09ea8a56dfe,2024-12-02,84000
bca-b96c4e1401a06de54c640d3993032278,2024-12-02,11500
bca-72d4600352c3b824fc10070ddb2d6de6,2024-12-02,68400
bca-3ca6dcd7f69fda789c4eb044c99f1747,2024-12-02,10200
bca-759cefb13237a167043760830d6fe68d,2024-12-02,-23000
bca-94e3b2c75af0b1beed8f5565f5993433,2024-12-02,24100
bca-6e72a1d42691ee6faba22a76e92a0956,2024-12-02,7500
bca-3f42f6cfb87cdbe7a262c883c1be09da,2024-12-02,42700
bca-54a38a4b9a2ab171c6570ca5b8ec552f,2024-12-02,55600
bca-2d5c51732a7a2d34cfded4a8ae2385ec,2024-12-02,20400
bca-f1b700c44117e4cf9916922d65822a99,2024-12-02,14600
bca-65a05a56747d3bcd43b737cf1d5a7241,2024-12-02,93700
bca-c26c19c1b2af238331c3c7abcd00a4b7,2024-12-02,17900
bca-4a12ae1267fad4f3b009176030c415c7,2024-12-02,43900
bca-b66d6c2d23d0da70e16bb6f392362d8b,2024-12-02,31400
bca-6e80d2fb582ffcad93909b312170eb4f,2024-12-02,10600
bca-1fcb3dc4be712752a67b274299e777f5,2024-12-02,79900
bca-15584ad7ecb04aa9e224247b225111b0,2024-12-02,-93800
bca-3d141f8b89fa47a2f069d818fa632b15,2024-12-02,27000
bca-97fd7d5138874338fb8cdcea76a1e43c,2024-12-02,4600
bca-66872cca86e553c65ff4eba10162a58a,2024-12-02,60200
bca-7679e622c763f583dcad6d050282c920,2024-12-02,37100
bca-3e37cbb0859b76712b4b651ad05f649e,2024-12-02,68900
bca-f4f59243adc7a9e5e599840670410664,2024-12-02,24700
bca-a86da7dd3c0d6bf95c5a361a8f29539a,2024-12-02,62900
bca-7f115767e4efb795de8c264d9bc7aa91,2024-12-02,96200
bca-7bccb190b8c01384e212d22217ef199b,2024-12-02,51800
bca-5de9397f4321d67cf7838a77b72aff63,2024-12-02,47000
bca-fc6b90d97410d616ff12d85e4f2c39fe,2024-12-02,34100
bca-832673c7360a972967bcd539bac64e34,2024-12-02,33400
bca-d6326674bdea6fcfe2f9a838d43096bc,2024-12-02,49200
bca-cf26cb4fa08b5c047d5e68ecc4b7b0e3,2024-12-02,-37800
bca-cdeb976dc7386f6deff915df91a3e7f5,2024-12-02,87300
bca-0d42e6a95fd2dea63a93feb8c0b9dd0f,2024-12-02,1200
bca-89ce57228ecebd481d14198d7456df0a,2024-12-02,36200
bca-82501b9f9fb44c549e8b9017ec8476e6,2024-12-02,-60600
bca-c74388a81ab9f27fc2143892300a4937,2024-12-02,92100
bca-a407f2978409e3c8b6bc8878f32a5152,2024-12-02,59800
bca-d6ead2bdb7de8d567afe29ef765e2fb3,2024-12-02,90400
bca-89c2974be94cf15734fd35f38c427cbe,2024-12-02,77800
bca-98fea2ebffb48aa8e2a0feed197e7a7a,2024-12-02,95600
bca-3a24c8d6c013832da533b83f2d1be996,2024-12-02,10500
bca-a5a74b7f9d2c3bc3e47c20d197e8bde3,2024-12-02,12100
bca-2ee3aa1d094e530ec0adb03ea0db052a,2024-12-02,53600
bca-a7844ab6d13a9ee8221ae809f79c7c30,2024-12-02,-10500
bca-ab5076861294251a7280d082c545bfe5,2024-12-02,94200
bca-b46cc64e952db4ee3b3c4e2980f04c87,2024-12-02,51300
bca-c37e9f662b583c7bea20168f7c33ec40,2024-12-02,88400
bca-6923a7b38206fc8e5daa888da9212f1d,2024-12-02,53600
bca-02a8b2ab1f29f55b520168873e62022a,2024-12-02,-60000
bca-f045d53f91c54412648327f7dbb93321,2024-12-02,38200
bca-4df188be8d9cac3acf2ef63fa9a76e85,2024-12-02,60100
bca-279cff0282c874c971112d93a5e304cf,2024-12-02,19000
bca-a850f9fa4c0f93260d1f6b1b2ebf6c0a,2024-12-02,22100
bca-5a59e8a597b519c3cc4ed6a6436ced40,2024-12-02,99700
bca-c95a6cab30e0cdec06a3693c40ce6dc5,2024-12-02,83700
bca-9da2dae2da8f4c77b693d2a7c5565c79,2024-12-02,50700
bca-8fb2dc8bd41e476adf17d8fbc30a95c1,2024-12-02,81300
bca-1d65b9d80e953d6e56c1380f1921ac7c,2024-12-02,-76800
bca-f1eb00c3fa57c1eba46a24e17417084b,2024-12-02,66200
bca-42331575d66fadba3ecda622a2a8f4e6,2024-12-02,-24700
bca-4e7accfde759d75b0461d6fa20f488ae,2024-12-02,75300
bca-c31c22ae4e2c1181cd23cc8a63b6a64f,2024-12-02,36000
bca-28e81e8635636d200576601848a9180d,2024-12-02,96800
bca-faac9c47f051db888f372ad3b2540ae3,2024-12-02,10200
bca-3cf71cc65cc399708961a917270c4e12,2024-12-02,95100
bca-c860337d65e912a966bb50de2123e3d8,2024-12-02,69800
bca-9ba05666ce0b0ad1689f894d7cc19347,2024-12-02,12900
bca-9d4e9da23a7be25eeee52db42347cb7a,2024-12-02,22800
bca-f307fa47be02e513b9a5b9890ecec35c,2024-12-02,-65400
bca-fffb77944bab4eadb2f557a6304edabc,2024-12-02,91900
bca-9ff18908b6adfb71ac03b16067b4466b,2024-12-02,87700
bca-f9e84af670966eddfc0e3218e40d1f57,2024-12-02,93700
bca-4b52c4e04943ade2d038f1e0e474b203,2024-12-02,-58500
bca-2d8d4454386d48b7e5aaef2ba3a25fb9,2024-12-02,81100
bca-d45102d0c4095b5a4664c2b662882bd8,2024-12-02,-5300
bca-bda29091210467ac3df6d40070c8552e,2024-12-02,23300
bca-b08559ea161ddd1a9b0aeefe8a329220,2024-12-02,27300
bca-9840c1e8845cda6ac4f9b2c22c710f9d,2024-12-02,96200
bca-543b2d0130bd0de168a3fbfc0bd5ae95,2024-12-02,12000
bca-e55ea38946c3a91ec90484f042df9126,2024-12-02,67400
bca-09802f2527473101a0fb5c96cbaf56cb,2024-12-02,48800
bca-3c4f68291d8f90331dab9707fa059091,2024-12-02,47500
bca-6ff553d57898c3124cac37993d5e03ff,2024-12-02,-94000
bca-9801ca9b492c240a31a4b2a0da3d65fc,2024-12-02,81300
bca-e70f4c29bf41087bd788008cd67219ae,2024-12-02,2200
bca-8afa01d5f96e4d2b92c9be5ff83e81a3,2024-12-02,67800
bca-ae6a2a9f5766a6bcce82342d7ea7a9b4,2024-12-02,85100
bca-a8d30ecfc60f652cfa8a41cef182dd71,2024-12-02,-80900
bca-a99451f1bf81da65896fb85d83c36fb4,2024-12-02,87400
bca-833ff4307b5931e9a31c5031c0f5a8a7,2024-12-02,51500
bca-537beca1eb9a1da949faf6d68b212650,2024-12-02,12200
bca-7515939619b5e3647803dbfae205a94b,2024-12-02,-79500
bca-63347ba4b74d1c8758d5b84500e08892,2024-12-02,44300
bca-d63cf880be44d835f41fdfd680b497f1,2024-12-02,77900
bca-fda21ef96c5013bafa3acb34d315f67a,2024-12-02,32400
bca-100737e192ed52fdf774fea3165d73fa,2024-12-02,45600
bca-8475b43012745e67bc7bc2999322e4fe,2024-12-02,9200
bca-b88316c0c93ee6ef8a62dc7c65a67621,2024-12-02,8100
bca-ebd8479d1c6d74332353ed655d69b8d0,2024-12-02,9700
bca-87486dfacb5551b716f7ef3ef70a0824,2024-12-02,51700
bca-e3014f42d531d1b934d2f135290bd3a6,2024-12-02,14700
bca-f40f030e69b32481f449bdcf7cdd7ab5,2024-12-02,47500
bca-da4c7ff73e8f9e33ad15585555d1e449,2024-12-02,32300
bca-d21c57aa5b9e023420ebe4f84ae6cfb4,2024-12-02,15000
bca-363be11351fefe1df145580e68842f45,2024-12-02,95200
bca-8d7d5a4ea9d621fa37871852d474f9c9,2024-12-02,64200
bca-9a7a8e4e19464faab1b3008550f64428,2024-12-02,92500
bca-2e24f22063a1ff9bca2998b4c4e7cda2,2024-12-02,99900
bca-3584dea10e453a1a3c248a49a44aed6f,2024-12-02,21500
bca-379da3ee6f01864b3b0892e0c8987aaa,2024-12-02,85300
bca-3d6799ac52985f6a19f2c33af6282a28,2024-12-02,80700
bca-8d7fff277da06128c73426f81a86c4f8,2024-12-02,24500
bca-9c7d19ad514bffe2a0353cd25183fed6,2024-12-02,35700
bca-105b2d9471dbabe0b767fa213c1be530,2024-12-02,77200
bca-90807f298377b9314180c694a159a96f,2024-12-02,34100
bca-30dd393e977706df0eb9b240a6fb4559,2024-12-02,10700
bca-b5a6abd9c7f3f99435b5199c5267b609,2024-12-02,60700
bca-a37e317374aa84a07d8a4913a745ba7f,2024-12-02,27900
bca-1b83208b4e9ab984599c47649e288ba6,2024-12-02,81300
bca-758f1daf79428cea717adf94ae24d72d,2024-12-02,50900
bca-517554a2538a1bce3b0f4de75bc78069,2024-12-02,35900
bca-22964bf8d036081115b86d2c74f44105,2024-12-02,-15500
bca-3dd6df5c942233255fedad591e048a07,2024-12-02,-56200
bca-a6dc74b307b392999ae71b086ce5b10a,2024-12-02,67000
bca-b62d792db2711aaa4e1c40e9e43461ac,2024-12-02,-46200
bca-4db47ac234b1b3e3823f7508a55d3ac2,2024-12-02,-54900
bca-a8e4c3caed2816d3ed7d3e7724c39e54,2024-12-02,12300
bca-923c89313ea3d0ca836d0ba0d315ac36,2024-12-02,73500
bca-31b052864777edad7b95fc62a9c8d181,2024-12-02,73000
bca-0f13ea297aadc1fcd6fce98d33ffd049,2024-12-02,-75500
bca-87108408715ea2e4afc9b1a17b28f5fa,2024-12-02,54400
bca-52e8c14e9d300a8ed28e4aea64915a13,2024-12-02,47000
bca-70d638861dcd00592ecc45a83b2e0d4e,2024-12-02,55800
bca-9aaed772e55142c6d98e6c64919c2696,2024-12-02,38500
bca-defd00210d9e80a27986d6f323143cf2,2024-12-02,55700
bca-9ba3602ef71973a52499a11f34bb9ca9,2024-12-02,-42600
bca-927bf7550384bdf3752ea0e4af01a3b2,2024-12-02,-18700
bca-fdadf3479da7f48903f91328dc624678,2024-12-02,-58600
bca-14cae1fab0bbbaa7a6dc5bcffdb1a879,2024-12-02,98600
bca-07c7ecc089feb0d2e03d5f0732b03507,2024-12-02,3700
bca-807e69274e970d2d730e06d1514242e3,2024-12-02,37600
bca-2bc12325dfac6f6f8bd5c72a6952284a,2024-12-02,73300
bca-5bf81850308b56c6cb2f445a8e5d1fcb,2024-12-02,99500
bca-b1515b1f397d65cb4d0c561949f9fe5e,2024-12-02,5600
bca-218a746d7225003574af28261e31d323,2024-12-02,71900
bca-eb465d7402936d8c6a2bec50aaf24b38,2024-12-02,-21300
bca-c214d99af064a7b05a500655db27b9fe,2024-12-02,83900
bca-47d8276402ebf872019005f5ad22ea45,2024-12-02,14900
bca-23b64d1a237b3916a56ed340a67110fc,2024-12-02,16200
bca-a61d11ad320b92f2b3707a3154dd2987,2024-12-02,47400
bca-3af4a4998c56667e4b4ad8a2cbd1ff7b,2024-12-02,62700
bca-6e76bcb35b8359c0b48c25a4ababeec6,2024-12-02,67500
bca-87833f7fad282c592e8983fae8bb47fb,2024-12-02,50700
bca-919fc863ceaaaf691372b7017d5ce61f,2024-12-02,64400
bca-51a5ba7f0a957ddf9f4cfb7174a5d0b2,2024-12-02,-71900
bca-c03405b9cc0f1f7cf82ced2ec6e814c9,2024-12-02,44900
bca-6e276c9b5e332347eb2f2b0513c25236,2024-12-02,-27300
bca-acd3cce586055607bc319736197a6e59,2024-12-02,-96400
bca-b9683a56d42a1af7ef32c8af552f051f,2024-12-02,73400
bca-bc3692d584ba34cb927752273df38649,2024-12-02,6000
bca-57f30274784aff0457025067322576f8,2024-12-02,26000
bca-148dbf185fc41d50ac8db59b43dd8005,2024-12-02,22700
bca-7d8f87fdaeb60f96b5f7282f39c0d94d,2024-12-02,86900
bca-72aad02b0dace8aa1bb3334fb009043e,2024-12-02,4200
bca-f5db8a41674e683a174b9a114572f837,2024-12-02,67100
bca-5fab2f8e1925742487878c0e38ffa9a8,2024-12-02,10100
bca-1f99d0b6c085b62a987de04c101c6816,2024-12-02,60300
bca-7da736fab73fe8934cd0b331c76992d0,2024-12-02,42600
bca-f3d10e86cbabd0d4a29bb783677494b0,2024-12-02,31300
bca-cc60de09788396af2540a6915b28c688,2024-12-02,95300
bca-8b8f39dce12a4f6a50c606d0338af40f,2024-12-02,21100
bca-d55af1e61467609c11edfbf052924ea0,2024-12-02,-81600
bca-4c051353b1199de04b3388dc04e6697c,2024-12-02,19400
bca-6ae565ce7c4862392044e0cf3a88f743,2024-12-02,16800
bca-fa31c6a336be34c9bf71e575de7791e9,2024-12-02,2100
bca-0bc38d303f8a844b79f17e57d7a82a07,2024-12-02,90800
bca-563272a99fce516b5c6ed0aa9209dcb6,2024-12-02,-19000
bca-28c4f321929564b77b41d3f565182b23,2024-12-02,19500
bca-6c2b6bf4f42a225930ffef25fd1916d7,2024-12-02,54200
bca-a03125755e6e24bfd0100b236633db8f,2024-12-02,80000
bca-bcf821a93cbfa9822a71ccd19a37012b,2024-12-02,58400
bca-dba0a0c3a2bc4d31603fbf1d50aeb3d5,2024-12-02,21100
bca-354834075a38e6b88d219b49a7138d89,2024-12-02,57100
bca-27937e5f9077b8219eb2d274659e0e6a,2024-12-02,91000
bca-739bddc4da5b9fc70ff964efff55faac,2024-12-02,-31400
bca-d1d242b791efa1e3059e747aedcc25f4,2024-12-02,2200
bca-94d51619d4f52668486e27ee6634809a,2024-12-02,56200
bca-a912590fe7d510d6f212ee7a0a001011,2024-12-02,94700
bca-4c83438c120592ec6cf0503de0350c66,2024-12-02,6400
bca-6131eb8a9f7ae8d4a09bd28f77903c53,2024-12-02,54800
bca-28e688434501dddf0e8e683e8b8ca18b,2024-12-02,45600
bca-fa88ab6ee0f732f06c4ba9c3768319f7,2024-12-02,96000
bca-d75f08cc684ec76a8c44100fd8b6be7d,2024-12-02,26800
bca-dfc68775b7b26bf71d6b3bcb2c8d6e3d,2024-12-02,63100
bca-014ea5ad64e688c6d14cd299d18a2af2,2024-12-02,-12900
bca-7ad0a245033990f5866bb3408165f08d,2024-12-02,87300
bca-51c970b50f1f916bcb95021cd8ed226b,2024-12-02,60600
bca-a4e5b592992aa85d0f51ae9edc05fb8f,2024-12-02,91600
bca-d40100cc582793c2fadb27edf31110d8,2024-12-02,75200
bca-3f036d4eabec45633f901230fa79ac55,2024-12-02,44400
bca-be716b3bf589e901ed2e27bff20e38a9,2024-12-02,32700
bca-1df5ef5693bc8b500c608a187c31efd9,2024-12-02,45700
bca-5bfbad9c4a98579f53df9f7531f6b9cc,2024-12-02,43500
bca-f274953ee5804e388762fb9e1251d5c8,2024-12-02,-79600
bca-b4f25bc0614f6d5c0c7386e78ac1f57b,2024-12-02,46800
bca-b3323e3cd0e02f75f918eb566be7e2d5,2024-12-02,35900
bca-3fa99ce4503b8e6309a8c4644702c8d5,2024-12-02,11300
bca-65421a96b52445eb5b1dff3a0d4eda1d,2024-12-02,44800
bca-c11881cf360605e03fb408decc3e7d6f,2024-12-02,11600
bca-a9760a30b6298de3b8938789ac60a03e,2024-12-02,48400
bca-a9df649ca5ee8fda6a657d4aa3ed4bea,2024-12-02,92200
bca-01233c9faf8a16430fac389ea9438f77,2024-12-02,59500
bca-5364f27e7005ae2b74da727dd563dcaa,2024-12-02,-1800
bca-23b98dbf69e9da44c734a3536aeae95a,2024-12-02,81300
bca-38a6e7934e8ff2b5ccbe47d20e6e6788,2024-12-02,63300
bca-6b42d8b5a4d7d239d444f6e2727ae744,2024-12-02,-84900
bca-c54b19c804694dcc939c80abbe96d4ca,2024-12-02,75200
bca-6294b2bbb33de1647dc150a043dac462,2024-12-02,22900
bca-a5bd6ef02d083acbbbe016b8ad93df0b,2024-12-02,-62200
bca-3a9f9687b21e1ca86e290c062fba7007,2024-12-02,63700
bca-5313ca369a216ca15526b40ba55a4208,2024-12-02,31400
bca-53ceaa86b9106b96c93cff1865290b33,2024-12-02,49300
bca-0549a58d42e520dfe492c9d48c6fa483,2024-12-02,-60300
bca-b679cf03093e8cf6bfeb5238cfaa086f,2024-12-02,-97600
bca-c3a2da1cc4d5756ad9b5448f8fa9bd25,2024-12-02,45900
bca-dcb3e4287766f2fd88875637109507ab,2024-12-02,69700
bca-71da83478a0970b6f428fc228352244a,2024-12-02,-96300
bca-69d5428eae9fca53f392a897d0cdc28c,2024-12-02,5900
bca-6754c3c6721a59981cc63b2415b626c3,2024-12-02,-46000
bca-bb73fcae3d29032c21948197f49b5f3a,2024-12-02,68600
bca-c0d74b2c294773bef59c4e66c6d44664,2024-12-02,47500
bca-f5dfcdf752593683e2c83bb3eae4db69,2024-12-02,34900
bca-e13d15650abcc862010a9ae042cfb881,2024-12-02,-70100
bca-17dc61e1f0df7432294ea883bbbce834,2024-12-02,8200
bca-14f67617b28b2ca1e7bf0d18b86988e1,2024-12-02,79000
bca-da1333eda4a7123881ff6b2ef5d07def,2024-12-02,86000
bca-056419c1490683e8db10baa8e7c36b1c,2024-12-02,51000
bca-cfcb47546c2ad9ca71cfeb4f685331e7,2024-12-02,37800
bca-b5cb0293ff63cc7baa53c9dea9e2bf4e,2024-12-02,14500
bca-4145858dd96ff3a517d9b2da77daa5ad,2024-12-02,10800
bca-6774c30924a953fce9bfede78f79d872,2024-12-02,42100
bca-da3e858f711f60b2dc5019adc89f9e51,2024-12-02,28800
bca-ae99dcb987da7dca0dfffd4ec22d1c61,2024-12-02,62600
bca-f8e6abfdc7505065fa1f7e657cf00264,2024-12-02,61100
bca-be405234181592c62d0da783d7511204,2024-12-02,11700
bca-e1024ce3ba964252c9fbcbf911b88504,2024-12-02,-90100
bca-d3c61c0ee43e0b2815a2da81e93ac41f,2024-12-02,86100
bca-061b59ac21a6097b46147e96a62374ba,2024-12-02,99700
bca-eea8532ae468c2220b2a4c70c5eb5023,2024-12-02,-41200
bca-cd3aaf34c49159b0074359ab4ca37b67,2024-12-02,35100
bca-62643049a70126486efdfffcab50a694,2024-12-02,-63900
bca-bb8e77001a55b6e5175e00b7b4e725db,2024-12-02,77300
bca-4c203495ca9d1fca99f82b10fd8e37f4,2024-12-02,-24700
bca-358602c807b4820d1ce44fdb51d19fdd,2024-12-02,33400
bca-1cacdff8e03b51a1fcfc3ff4e7b35816,2024-12-02,3700
bca-169ea89d227543ec046c4aa3d9f50d4b,2024-12-02,57700
bca-c679559c6a0da4cef395923319e02a94,2024-12-02,42800
bca-144eb6f67898026c6962eb20bc06d0eb,2024-12-02,68500
bca-1e9016a858a5ad13c04dc0b281b43329,2024-12-02,1300
bca-e51c846153439ddc050b96848c6309b7,2024-12-02,35200
bca-c162897fdcb7bd11a5eb706287107b5e,2024-12-02,75600
bca-8f170b2d96c579c19c684b6c1aa12aab,2024-12-02,2800
bca-d3e4aab909bfef9968b3ad6fe79fdbd1,2024-12-02,91000
bca-470f3166a5a71ebfe4b42d9734710129,2024-12-02,-20600
bca-19341e28298a1619c0da34767f7128d5,2024-12-02,35500
bca-e62c2afe53d5d61a20006e5573cfe1e0,2024-12-02,22200
bca-d39f5547c72934598014626dc95cd2b9,2024-12-02,38100
bca-4abc9b63a52ab74ace21ff5e0ccc1869,2024-12-02,97500
bca-5a40295535029bdafb91c25da2081793,2024-12-02,5600
bca-63fdf2fb28c7f7b15d310014d195c8ea,2024-12-02,20000
bca-66929729c5acfe72788351558c7e5473,2024-12-02,58800
bca-a1954bc7dd67b2e9c3d41a89f155ff79,2024-12-02,9100
bca-0b0270036493e4368a3a1d537a3dee50,2024-12-02,96300
bca-9dd65464c1aee3fdb21ed2207f37e71f,2024-12-02,3800
bca-5ccd77581cd9122d5db3d5b41ea5fa9f,2024-12-02,8600
bca-7dc81b9b826ea8cd110bd07618f60b16,2024-12-02,-36200
bca-93ef8be9cf52c557620295e2ca239320,2024-12-02,46400
bca-e916151882fec89c3ebe45c8325e4d66,2024-12-02,2500
bca-bb484157e51f049c1a1929177eefcc73,2024-12-02,31500
bca-6e09e4a04677d0e29d674e2723084dfc,2024-12-02,40000
bca-9e2bf738c1d1e38f0f6aa3b58eb40330,2024-12-02,-19600
bca-cd03ea57639903ebf0fe0a885bbf08a1,2024-12-02,43600
bca-c3ba182a312967ca4a1d755ebd460d05,2024-12-02,51100
bca-b22f68bc20f46c7ba74cf8d8899370f7,2024-12-02,41900
bca-324030c67d90ca500b7045b5e64d7bc0,2024-12-02,55800
bca-e1d725e8b7f484aa5be3732de95a4a6c,2024-12-02,-73100
bca-3960b61e70aea5e337d2e97dc74e3645,2024-12-02,10100
bca-73498b60a1a13d4b1e6c068c011a3744,2024-12-02,30300
bca-1dfb58456d073242973a466631aaa0c2,2024-12-02,34100
bca-8e2f90db936aee9863b1de3f51b7c4f3,2024-12-02,14400
bca-c443bf04bcd0777827b31fc2e1ede4f7,2024-12-02,77500
bca-c2fdc17c93347f343c58c2111c4ac9b8,2024-12-02,49500
bca-735ae91f2d54d3cad2b98b2781804831,2024-12-02,40100
bca-a8ef355a1fd1dfaccb211b31a21fb285,2024-12-02,31700
bca-0d2b1aff1107294ffce2fbb7a19b546b,2024-12-02,92000
bca-4f6c83307ac227e6905282ce970e53f2,2024-12-02,36700
bca-6a6c6a5076ee770d4992184e771ffcaa,2024-12-02,96900
bca-f26683f0c38f9b3c6f79c61763aa3082,2024-12-02,59700
bca-4ecefa9819d7e389d0dac8c6494c41cf,2024-12-02,-11400
bca-5e555b59611c39e6637530f832090345,2024-12-02,57400
bca-2872afd82ff708fdd414f31a3e50bbaf,2024-12-02,-34100
bca-19244c406977177ff46f9f68e1ae8b27,2024-12-02,54900
bca-b4f252495d43f4e6be785e9cdce5338b,2024-12-02,-78100
bca-7712f31f3362d40ebe76c25971f4281d,2024-12-02,-27200
bca-b40e6cb228b976fd5dff51610dea338f,2024-12-02,87600
bca-7680a4b78da23a432377edbc896d0e6a,2024-12-02,54500
bca-5442f99ab75dcce0da8f328f0631a9ed,2024-12-02,5300
bca-a0eebd17b4335c7fcefa96dffd4f31e1,2024-12-02,13600
bca-b0af76d3207f9db9cbac21a4fe49550c,2024-12-02,28200
bca-e2c12607f8271edff4aef2359929cfcf,2024-12-02,62000
bca-f9b224ce7134b4cda984302c0a706074,2024-12-02,77900
bca-6256fa09749237fc6dbea438fdfa2ed1,2024-12-02,32700
bca-96b2c93301d6ac3b6bfba5ede490a3aa,2024-12-02,25000
bca-8ea1c1e1648b631dd5e7ba8db95086f2,2024-12-02,92900
bca-40ffb0390e3b23ba6caa3ad7bcd6924c,2024-12-02,-90400
bca-cf3c4a62a29042f1b792411f7ee7f71e,2024-12-02,31400
bca-c0bb9751426de8d203080aa9a715a866,2024-12-02,80100
bca-43de06cb97ab6343ea3484c8d1368c00,2024-12-02,-3300
bca-b9f547b3d90473de2b756bd3415a49e7,2024-12-02,61700
bca-497a9280ff37fc40136e49c089b7ce77,2024-12-02,87800
bca-4543256a637f940823510d3b15cb8b03,2024-12-02,21400
bca-1f1077394adc254a56e66cb87fc1ecb7,2024-12-02,51300
bca-902017d7a6f4ff69109f386431321d08,2024-12-02,-85400
bca-1f19a0c33f7308ef1b7f9f5c472eef44,2024-12-02,71600
bca-3df3c6974f13cecb09045ca090f9aba8,2024-12-02,69600
bca-ba812749ad3b626f7f2b29e8e7a895c4,2024-12-02,-21700
bca-891aa403547efc2cbd40c50f4fa2e0f4,2024-12-02,24400
bca-4089080f01cd6b3f48bededd42ef6d9e,2024-12-02,83400
bca-d04c37952e72d9f0abbaa02bc988ae8e,2024-12-02,75800
bca-a3296ad2814af410678379c4ec05a7c5,2024-12-02,95600
bca-0841eb8201588489c0388758d9e49a3a,2024-12-02,67200
bca-e8b1658a2c305213fc169058f0fe5f0e,2024-12-02,-11200
bca-d4a0efe71daed16b9734a2219bea2454,2024-12-02,86400
bca-ba72b5f9874adccbd0648b0397aedaab,2024-12-02,-42200
bca-845923c37aef621417bb3645c88d57b0,2024-12-02,64000
bca-2f3d71952527bc6d02a5482c0aaf2e3c,2024-12-02,99500
bca-77848b1f609603cdf6f29a0165a15051,2024-12-02,-54900
bca-da91491bcfd216d535cf926c84f0fa3d,2024-12-02,32700
bca-764ed0c282d9045cad8eb5324fc1dcc7,2024-12-02,-11400
bca-9e8dbe813fb34afb1b7e26504af17dbb,2024-12-02,16200
bca-d89918d697ca421e29d75f3c733422eb,2024-12-02,18900
bca-1bceb4c0ba136ea973227641d016b142,2024-12-02,-47900
bca-96d47ff661582c531e49d859bbae309e,2024-12-02,89900
bca-95c0b4170b28cd8b649f69d6ff9b4430,2024-12-02,52500
bca-37def69bfdecd728542ffddfa17840d7,2024-12-02,44300
bca-33b98f3168060c92c3a53ebc53f625cf,2024-12-02,-21100
bca-bae671695845facb37d2e52f707e7198,2024-12-02,99400
bca-9e7ce898ac5a3faf5c6534ac9eecb9fe,2024-12-02,-79700
bca-d1e62f2b98a22f6542be82db78383730,2024-12-02,77000
bca-fd1934765fb764a1b9bd64fb59ec34a4,2024-12-02,74300
bca-16e2f01fc96beab9915dd474e55f6f72,2024-12-02,68200
bca-7b7ca9ff13a8e6b1293cdaa4958335dd,2024-12-02,51200
bca-e71e124de61a6ba787e6df7dd866da53,2024-12-02,95100
bca-bc522fbb20772a852280fb4a2613e660,2024-12-02,79200
bca-f207364a14cab52db37ce0fdd2ac2457,2024-12-02,24300
bca-7b3b564b3c1e695abb5ec92c1913b061,2024-12-02,26000
bca-8ba36e3d3bb64daf3c07f9990627c05a,2024-12-02,59100
bca-d3b39e0e3db90192fd701c4fc681687a,2024-12-02,43100
bca-0a7e41a6d67fc4bdf2d1d970fa6063a9,2024-12-02,32100
bca-a980e5b409d4af8f427bf826b05cf4bf,2024-12-02,68600
bca-e9ecb6d4b8e87688329ac1da1ba05329,2024-12-02,66000
bca-1abfabf8457661ee65b64de965e14bc4,2024-12-02,46400
bca-2c8345b524411bc5001b6d1596bfdf2a,2024-12-02,80200
bca-9ef94031d762118c14df7e4b086cef4b,2024-12-02,97300
bca-4f4a94c7dd871397da9d0ba031265d1b,2024-12-02,83100
bca-23edff6f762986738dc2b6b80fdfaac5,2024-12-02,-33400
bca-0989faed707ac153c5c84395d186477b,2024-12-02,-54200
bca-4e8252395b9859baac03512287780050,2024-12-02,76600
bca-812680624c460eb2d40dbe8941859a2d,2024-12-02,31500
bca-dd7956f671562c32b15a5c2eff746c38,2024-12-02,86000
bca-6d8ced0bd9fa28e35018866ae30b3f7a,2024-12-02,66800
bca-1f9dfb6a10ad3cbfc6b232fa99c03381,2024-12-02,13500
bca-17dea88d9d0af0b28e7b0381a74fb928,2024-12-02,-71400
bca-51b1424c29c4b6b7b91ea7884beedbc0,2024-12-02,65100
bca-8c9e67b4b6e90b9721f4f767779f807b,2024-12-02,-35100
bca-3f520677598c1fcdbb75f7ec361bc329,2024-12-02,-14700
bca-8cd1e0f07431816d3a1c141df3cd4e2f,2024-12-02,98900
bca-f2355be1bc1191868d2b67edb968ab7c,2024-12-02,-28100
bca-3d7033cf14d21a2e5155fb79df617e7e,2024-12-02,-68100
bca-17af5205c84ab504e6b717889b78f93c,2024-12-02,47400
bca-c3aedde4e23429b88b25523645e867bd,2024-12-02,79900
bca-fa1139905c44c720708f6b5243539ceb,2024-12-02,45700
bca-4b226f42bbe5f0c43cd23f62730f9f04,2024-12-02,17700
bca-978ffbcdbdfd26fa2dc399d4a30b4481,2024-12-02,52800
bca-9ec07dc01f6d7b29b0216dc2d69e40b0,2024-12-02,89600
bca-9afe50885cce408a15d2049eabea71c7,2024-12-02,22400
bca-eee64b405ab741974120077dadc1bdee,2024-12-02,14100
bca-240efb9f1bbf7cbcf2d9c1b2488ea1cf,2024-12-02,37800
bca-0b617ea079596a9cffa32c8a2edaa573,2024-12-02,71100
bca-ad01c44b3e9f2cd543d1035f25b45bc1,2024-12-02,31700
bca-82805ac0c360571fd10192e131ea047d,2024-12-02,-31300
bca-aaa9745c30e173cb782644499bf3f778,2024-12-02,20500
bca-fbc0979022c3c7a000ebe1b1abf730d0,2024-12-02,46900
bca-31dcd698db3a3b7058ee906b1cec8492,2024-12-02,82700
bca-f989de173bf4b2d06e121a8a331b75a5,2024-12-02,14800
bca-c76be0d2140431d0a0cf39e6d09a4b1c,2024-12-02,-50100
bca-2b08a85e7b132d052829405dd763e5e1,2024-12-02,9200
bca-e3f5b825cacf1565d2a362c7ef50fb89,2024-12-02,54500
bca-a8dc6e2ae6517279f15734cde6d83ec3,2024-12-02,54800
bca-aaaf00b0c77aaff12537f4530a0e6f5a,2024-12-02,48600
bca-5b3ce18162fa5696640184defd6a1756,2024-12-02,34200
bca-2d121e29a1f1a820e0573cb02c72f5f1,2024-12-02,69000
bca-f252d562edf0d0d3978e15b269ffdcc5,2024-12-02,30300
bca-f8ae9b4fea4ba8d74346c4f159ad62bc,2024-12-02,91400
bca-12e289a83d08562a853303f2c0546ec1,2024-12-02,49700
bca-35e4aa0d588586694fa9c1ccd165361e,2024-12-02,94600
bca-95a5ad4a1937b97b616d8b2cf099804c,2024-12-02,85400
bca-c9cd0ae2697769b01c3f55db15a7df56,2024-12-02,36700
bca-b39ae88d9996fb53e4b544f0eef55f97,2024-12-02,65100
bca-c623a68d4520919087a48f4137c2e385,2024-12-02,-59800
bca-b7f88175f307a8b9075be1dd5c1c1fc1,2024-12-02,9800
bca-c6a9a21a5477b42ab4dc6e81e6334cf4,2024-12-02,-37900
bca-cf63a9bac8e925306addea78b4621f97,2024-12-02,48500
bca-213ef00aa3a56b3eee0a2a2369755bf4,2024-12-02,7400
bca-17386d4d07325eea9f6d015532110b02,2024-12-02,45100
bca-fb92da5d92d78b9586faa39d0d15104f,2024-12-02,88700
bca-bf5e927bea7d9fdbf37a94f453bbe51d,2024-12-02,38800
bca-1afc351377cc8dc79f5e10170581afd1,2024-12-02,85000
bca-58ff5c5aeb2c5b47e4abcc652945e120,2024-12-02,72600
bca-363e0b350042e12c9fcac7b00831a48c,2024-12-02,6900
bca-698cca7410aa2e8d7b4517fc8609564f,2024-12-02,63900
bca-39d1f67679e38579df5a47afc0148f7c,2024-12-02,-36400
bca-271c3051445b28d96230f936afab1180,2024-12-02,84700
bca-ab487f66d64464e70a7b5df698095b15,2024-12-02,-51300
bca-417b1147e78be422a233e9a18090f0a3,2024-12-02,8400
bca-6c8289a82179023ee0251bd994c0029e,2024-12-02,-23200
bca-043f1a2e276b267ba41f18b29793c985,2024-12-02,24800
bca-19172352da0a68e3645a62be3111fde9,2024-12-02,45900
bca-9626ac224fd02f42c62fffd3e3b2933a,2024-12-02,66500
bca-1b770b234ba7ef8462768d86473bbc2d,2024-12-02,45500
bca-0c553febbd594a37886550a588d59f90,2024-12-02,38400
bca-d3a622c8692bfa028436a2a9318d2f06,2024-12-02,73700
bca-6501fe076274c6e2b803b7c82ac6054b,2024-12-02,73600
bca-3be132b5b5ed86c1fefbf111d24de42e,2024-12-02,6200
bca-a676b17c5615613b7414eea6ce695735,2024-12-02,75500
bca-7084e2bff253a57facb755e10f4ddc71,2024-12-02,25200
bca-74de19831ae5fdc3b7aeed20194b9127,2024-12-02,77700
bca-66e4892fb6b36fb9c448bde84f58fc6e,2024-12-02,40600
bca-838d0fd10f5c590553e5665b63227959,2024-12-02,-80400
bca-9903310a223007cf7d738419c003bae3,2024-12-02,23400
bca-6085867eead2a9558295073bbfac1ac7,2024-12-02,58400
bca-a4fad222338bb86555bca40ac0f73120,2024-12-02,23500
bca-0fdd40412e60f9ec910ed4441f3f57a3,2024-12-02,18500
bca-90319a42fe3df1bc39e0f0d5978dba45,2024-12-02,-70800
bca-56d1e53f178514f50a3901f7be4fce7c,2024-12-02,-93800
bca-e27943e54390e47248ce89926ed39a72,2024-12-02,81800
bca-db03f68422a59562d4ef29be0bbfec1c,2024-12-02,66600
bca-591654bb0bb89232005ffa40d70deb4e,2024-12-02,74000
bca-9629d31a94cbea2a67f625527397dfb1,2024-12-02,54700
bca-2185d97c6deb72653282dcdc93afe527,2024-12-02,27600
bca-8f7b41bf260b66401438d4fed16fa138,2024-12-02,75400
bca-440b8920311840f1db8febdf4eaa33c5,2024-12-02,74400
bca-30e88e423e9f877bd7541bd8a98c5634,2024-12-02,-84100
bca-14ed72779d69d151b36227c57c024d3b,2024-12-02,22000
bca-269e8e3bb2385494b947d1e71b7f4576,2024-12-02,-27800
bca-78aaffcb9b239647a681be5d8970b7a2,2024-12-02,30500
bca-55a1f96a0d40b25017bb6e2a96cdfc7c,2024-12-02,-30800
bca-e2342f13468993cd1c1c2ee2c0fd8ee3,2024-12-02,59700
bca-b3404e9aa5e5be8251bfa4e3ad86b5cd,2024-12-02,50100
bca-9a5c876cfa03486837063ee94d539467,2024-12-02,-94700
bca-e5b256db2b06544616cd26ff1bab72bb,2024-12-02,-73900
bca-a53f0802f52b18e3789e6b0f700cfb1b,2024-12-02,14700
bca-e715d63914f1f9e44115736f2dc9b5eb,2024-12-02,99400
bca-0837272400c70fa93ac569a367c6b2c4,2024-12-02,38600
bca-82f94afed541be65a8af8262148a5f02,2024-12-02,1600
bca-d1139ad023744bf61c2a5a045c8f57f1,2024-12-02,21300
bca-8f8f1f3cb6763aad1e1b111b52bb975d,2024-12-02,-47600
bca-67a1aef0b68ebb8e60ee7b81b7810cd7,2024-12-02,33600
bca-693ff4e5db7be6d6375d18880eacc963,2024-12-02,84600
bca-66823f65ffc4bad2c4e41ff74261c959,2024-12-02,14400
bca-0991cf5df0170d3fc7ec2efc45af13a3,2024-12-02,22700
bca-e6e2a5a6310550747c87d35655961e1b,2024-12-02,63000
bca-4f5da8632c020bf25b04e246dce97026,2024-12-02,57500
bca-227dce0b3b66ca29010ccb95fe4874bf,2024-12-02,18400
bca-757fdf0d907aaf770a6c3e4d480a3857,2024-12-02,88400
bca-fb4ae251bed4de33f3b28715a6f7326f,2024-12-02,90000
bca-779c76d0ee642715b0081303a72c38f9,2024-12-02,79000
bca-1e82c4c6874bc448a3673e3143c2a247,2024-12-02,52700
bca-6be9289dceb9dab4694538e07e9d3853,2024-12-02,39900
bca-fa6708b3d129801deef57a1f81f6c861,2024-12-02,54300
bca-366925359cb7afa7fe788d413d45f3e6,2024-12-02,88100
bca-8c7a5c90217a3b4d5a4518144c28edfa,2024-12-02,-11300
bca-13d1f2b8ea67ade48e0248ebf355c93c,2024-12-02,78100
bca-a1d49a5c1dae21d91aa5da968dc8c911,2024-12-02,4900
bca-1931e62e9e7ea23563ace5bdeb60b206,2024-12-02,54700
bca-ef0bd1dc820970aa0afb1eee48e392e7,2024-12-02,56900
bca-0c13d2f5f74ac6394a06e0fcf1936dd9,2024-12-02,21300
bca-9fdd6ac724a80115b40a35b43aeedd80,2024-12-02,-38200
bca-929680b2dd9c89ae60c0452f9d7418c1,2024-12-02,15800
bca-570c8b377105670e268858840006fda1,2024-12-02,96900
bca-73db17fd9ee25bb054b2bbb9ab5c3e5f,2024-12-02,-63400
bca-291641e278916b94deec828e318562b5,2024-12-02,-99100
bca-9e593d809ae0dea16b4cbc3c9483bfaf,2024-12-02,57700
bca-9ece90e0493d00a77e0bc10965d3f466,2024-12-02,16200
bca-748006c8630dfcfa14089a5e3f4b05af,2024-12-02,44600
bca-ba1a6e693d283912e4c267202324a743,2024-12-02,-45300
bca-4e20ea319d325e168e3db2609ed8ca0d,2024-12-02,-91300
bca-9dedc469f0ec0d35e8eab43bfa0a513f,2024-12-02,35300
bca-1f864700f750ae519f6e0f4e8c56a010,2024-12-02,55200
bca-d4b9a04eb1c2fca9735562caef6115e7,2024-12-02,27300
bca-5c69a079642aef68d0c7b7386f88f895,2024-12-02,-73100
bca-2921310eb6d318e9cf8fc76652e86af2,2024-12-02,52900
bca-29a9de902849cfcbd4b6c4b8ac9a01ac,2024-12-02,1100
bca-5bc63b43f8dad37c5cc265e511ba842a,2024-12-02,86400
bca-71785578bdfc823f54ea7fc8bfec4381,2024-12-02,52700
bca-1aec1f4bac4627a82e153af9544d14c0,2024-12-02,79900
bca-d4d19cc3039b4f48b9d241eaad9b2d13,2024-12-02,85600
bca-4787f000a0ea3e0c934a8d094b6a10f4,2024-12-02,21500
bca-adf529b1fd4fe95c830b24ec8a621d1e,2024-12-02,-21000
bca-2a683b177f0797a17234006e5307c5aa,2024-12-02,65500
bca-63751bad31b292b096cee4b799bc73f6,2024-12-02,13500
bca-b76a34686d3cedd80f1e87fafe8f46f4,2024-12-02,62000
bca-0cbf10f83b1272ee227a9a3737d1c41e,2024-12-02,50800
bca-61df6b04606d53eef5ebe98ae024df67,2024-12-02,37900
bca-cd26bee16abf2a3b03b63c4eb3bfb4b4,2024-12-02,-26600
bca-eb0bcfa4d51484d0340341e064b54711,2024-12-02,-29800
bca-cbfbd4b779ee26019c95821232daee57,2024-12-02,-28000
bca-d893576a088be7298671261084aefc8a,2024-12-02,41600
bca-cc0edb6d9f01e045eb9da09b22dd0fe0,2024-12-02,35700
bca-c8b9daf2ef0c286e243d1d98dabffb7d,2024-12-02,-54800
bca-8e86e3caa057bd0e5b2eb1172b307fda,2024-12-02,84800
bca-c0210f6aa2fc9792a72a02419763a06d,2024-12-02,-59600
bca-e5281798f2cf725cbd6624fa4c9f9fc3,2024-12-02,8000
bca-f4c16f85a66e03ba20dae615dfe75ef7,2024-12-02,-66900
bca-61d9c79de4c448305465da54cb2487a0,2024-12-02,70000
bca-ad5ee089e7c01b32d82cca51748decbc,2024-12-02,-12900
bca-06754b6193d66bd214348b7d666b71ee,2024-12-02,7000
bca-58a96e5fe263267c8648d0887422b049,2024-12-02,62800
bca-589adf96d95a41914daaff15c8abacc3,2024-12-02,-11800
bca-7ea561e6b996ce76d87b448ca41b8205,2024-12-02,25200
bca-e9476de6e4708f9514da02db898dfe22,2024-12-02,-26800
bca-0fe20a7c47ee224fff362f85412d1bbd,2024-12-02,56800
bca-25ff4d5ff5261d2dcff2978290e18590,2024-12-02,40900
bca-ee3835ab3ea81384019eaf66e387cf03,2024-12-02,-9000
bca-3608845c38aea89a36598a35d4295e5e,2024-12-02,82300
bca-75b65676c2fbf6ffeb3f4c5aaa5e5fd4,2024-12-02,74600
bca-92a73a1b828ae8e4fd2903b6eac0d7f4,2024-12-02,38100
bca-28a9605936524ca3f3966c9c03aed5b8,2024-12-02,56200
bca-837f2416964294ad7a1d7467956d9629,2024-12-02,27000
bca-7b930a48844508aa30b53c0b280d06b3,2024-12-02,37000
bca-bf44d1f70479f9453223879b060db616,2024-12-02,39200
bca-29480a311325a67fbdd016c8e2afbba1,2024-12-02,-20200
bca-83e6a7693ea4e3e6c2b934844c1391aa,2024-12-02,81900
bca-0eeea8e3c61f8f323d8f8f9c67941b45,2024-12-02,44000
bca-5696a253e183106703ebb06b87fd59f2,2024-12-02,45900
bca-bc066e77dbd32a50ca1b8cc3bc505b36,2024-12-02,-11300
bca-38e22afebf10290f452330deed64d817,2024-12-02,65500
bca-9068f936d8e46183f4cc053aa64f3fe9,2024-12-02,8700
bca-02d3d71d83827bad50cafe7e034ab322,2024-12-02,40000
bca-1c0ad5dcc4f98e60f3374cfd0223e4a0,2024-12-02,24800
bca-905d5ec2923e9b8ee5f10d7ae23f9c66,2024-12-02,1200
bca-9d55e72cc6bf5031a93977fcd27e8663,2024-12-02,42800
bca-1c7ad90ab3d8c239218f8b79ba376ac0,2024-12-02,2000
bca-413e3f4af31290376ffa8db35a496d2f,2024-12-02,89600
bca-738c242b800cd7c37d57ab9ddb9961b4,2024-12-02,87500
bca-c4e1ba1202c2a33ae31fed16b6d0dd0b,2024-12-02,11800
bca-a18c0045f0ef6572fa8cdf61fc1941b4,2024-12-02,-74500
bca-8edb6b2a63161422bab247d27e640d88,2024-12-02,97500
bca-d9d06d52864a4eb15f0f8e7bd8318cda,2024-12-02,82700
bca-399ecc1ed0e1bda026d731728d1d5223,2024-12-02,73500
bca-08cb26ff527838532799d4c75987ae0c,2024-12-02,82500
bca-7adb92d434979ae0cfb9d83cb7bc6c6e,2024-12-02,33100
bca-963c71c4e3a33b90c00231d16b47249a,2024-12-02,-88300
bca-ce332ac192e66c955e4944ef0c032296,2024-12-02,16900
bca-dbfd1740544ad07494d56ad6bb3571cf,2024-12-02,37000
bca-9b6597b363c25e213155f548b45c6ec4,2024-12-02,19600
bca-a726dc5da064c2c088a84467a9fddfe0,2024-12-02,-13500
bca-ec52e3799dadb64578091da776eceabe,2024-12-02,71000
bca-2147260927ede3b624b6ccaa6bad7fd6,2024-12-02,69400
bca-d74c85fabee8fb3f6dd7622f815573ba,2024-12-02,30900
bca-0a256f5a1660a358f9320be22fc58fce,2024-12-02,-66000
bca-3e5449e4d27141252b9c8376d7b66196,2024-12-02,66700
bca-950e3ad9354fa170f1eb57d600a79d18,2024-12-02,-83100
bca-85bd2cc56bd51e13088bf045c4822eae,2024-12-02,97200
bca-f5c838ae8b2bd15b91904d7fb46fa332,2024-12-02,48800
bca-3f904a3054e006044c69d26850190f97,2024-12-02,28200
bca-6000fc94cf129201c66b16aafe79ca76,2024-12-02,-30200
bca-95e136b5d21c3efb52cd8dbfc53a736c,2024-12-02,5500
bca-8026711de36e083607fa96850c25624e,2024-12-02,85200
bca-aa3ff015bd768fbcf75e4c2658aa6f0e,2024-12-02,-40700
bca-06db65a3efde228d89f3933d44f4dcc2,2024-12-02,-1400
bca-6cee22463c2c7f274d26a7b60789300f,2024-12-02,-36000
bca-eb6c5a2f2a1e5096fda388e0eaa81a90,2024-12-02,74600
bca-99d8f1065e9e38a3e958ceb614c84f85,2024-12-02,17400
bca-1cbfc4ce6039fcde2751e02072982bf0,2024-12-02,19900
bca-9f35dd38ee2dc3c16d3aec80740a9b0b,2024-12-02,62500
bca-919e807d43f03bf9dda46086a3f316b4,2024-12-02,34400
bca-b9b7d441d570d6f148237ad8938975ea,2024-12-02,-28200
bca-446432e68357bb9c7a4a8272448cadf4,2024-12-02,-31600
bca-7ff611aa46f3347e2d3ce3cbe47507b7,2024-12-02,-70400
bca-38505a053697c4d667bb98f132d5706d,2024-12-02,3900
bca-fa8080f5ecafc6542b6952ab36d76849,2024-12-02,74500
bca-205597c20ea69018a106c705ca83d3e6,2024-12-02,35800
bca-ea0f5b08a1aea3c2aac282c00e081c47,2024-12-02,41200
bca-4544d753c9fa6f49149d1b8b7524182e,2024-12-02,30800
bca-add6214d3d6585f5ab6deac69acfd042,2024-12-02,88000
bca-c29df8adb7bc1be70b08bf7e11a96112,2024-12-02,-40200
bca-855ed132df84fdfbdb8cac74af2b3ed1,2024-12-02,59000
bca-35878352bf4c6c15d362ba41410bcd07,2024-12-02,14900
bca-d7bda07651d46944958aca80672691c0,2024-12-02,61000
bca-19084bf7f518acb061c5555fcbb53497,2024-12-02,-96200
bca-d6286fc91bf31cda502676024ffe6d1f,2024-12-02,18700
bca-9a09247eacc8d9a682e2d1c0d9f1c3b3,2024-12-02,73000
bca-12aa230bf400d12f99abb3cf16a26051,2024-12-02,12500
bca-64c31255535e1277bbaf67d90697aaed,2024-12-02,66700
bca-4a78a7ff08c1fb62c3e517815044ac81,2024-12-02,-56500
bca-2dc83dda07b7afcf690f673e456b3697,2024-12-02,70400
bca-3fff3a2995e53c33fd27267166ae1554,2024-12-02,72700
bca-8e067a1b7593dce99943b0ec8c952a0b,2024-12-02,-95800
bca-f095bdec29c50c7f4c5ce77727d3f733,2024-12-02,-8700
bca-e92485eda113c4d354567f709e09291d,2024-12-02,29800
bca-247cad8e0ea3985a6af24858058e6ed2,2024-12-02,-90000
bca-c9e96dbb2824f52592e957880f167251,2024-12-02,85500
bca-94e877e60b653dc755a628bbe99d5d69,2024-12-02,74700
bca-6dcd0e8faf56bb55b0f8a3a9777d2f36,2024-12-02,39100
bca-0e155a23239d182175e9b7c12ee7d440,2024-12-02,51000
bca-68cdf534a466ff58f70bb5ad29cad3fd,2024-12-02,-20800
bca-b3d36b7473c8ce3db5f33c7f52220b63,2024-12-02,16700
bca-fd46c0e973bc88946cd759337fc972ac,2024-12-02,95900
bca-3ca09eb8d06555615e39f1a25c699dfc,2024-12-02,58100
bca-6679816d6b5ce7fa798d68fe48240062,2024-12-02,-41400
bca-b0c66acfa5866faee4591860c4b65b50,2024-12-02,88700
bca-cba3dd57e9beafa760e9ecaba7034d66,2024-12-02,90000
bca-bd998c43cb9c9276cb11df1ed20e4ecd,2024-12-02,-38800
bca-95f1f557fc57d7b4f065ee7a56bc83fa,2024-12-02,-46700
bca-00cbf0b4f93f476b77f0423d84abdb15,2024-12-02,35500
bca-22b5372e0a13e097b404e222ca6df080,2024-12-02,-77300
bca-047928e8bc328cec9fafb8ce79a4b92d,2024-12-02,-28000
bca-bf7a572a710ce46a0b071895c937abd5,2024-12-02,-4000
bca-8516b3d335533df813164eabf58b257a,2024-12-02,15200
bca-4383a64f17142384f3f555752add0de5,2024-12-02,-98000
bca-6c319cf26d5e08bb8179e7d7ced940a4,2024-12-02,2800
bca-37ca4afc25209d50834945aec9aa841f,2024-12-02,6000
bca-7f0a2da3a3f215054a4e5a6c9c94ca9e,2024-12-02,96000
bca-889f6cc3e5108c4da3eb915399952711,2024-12-02,83900
bca-20749bb06183319027342aa79fbd1268,2024-12-02,89400
bca-5bbf4b46d6248ed3198a72e3c7e8c18f,2024-12-02,-64100
bca-38ea1d2bf3508e713af7545bfad951cb,2024-12-02,66700
bca-8a25c4a44b8e47e1269aa7ef09cc3cf5,2024-12-02,1300
bca-291ba3293de0c2a26e7202e73ad4b583,2024-12-02,81900
bca-c254df642d6ace3375f91be7d9f3ae49,2024-12-02,83000
bca-e89968c0e6279ecba8baf0aa4d822628,2024-12-02,89100
bca-52d1e47df9092a274a5a9429170036d2,2024-12-02,-94000
bca-6690f2865293f33291f559eab72fa62b,2024-12-02,84800
bca-9157f4a7ad68f6d74fda5b7d76611956,2024-12-02,-29300
bca-f9120c182b3d0723d3916aefe0656ff4,2024-12-02,47200
bca-2e55e298219b4806c41e33e91e3f9d28,2024-12-02,18900
bca-2fcf2ec696c256d58799c650b9f8ad83,2024-12-02,5000
bca-7fe9c433182a017cbc05f5f693f492e1,2024-12-02,34900
bca-e7c4b0e830027ad3bc2204c2f24a35e7,2024-12-02,-86800
bca-fe323db6ba56f40495b71907e39764a2,2024-12-02,58600
bca-6b5156ec235fac360eb69cd0729c94b6,2024-12-02,70300
bca-2146d032b1d9b3611817701c172c8f0a,2024-12-02,56900
bca-b2abf1f5d2e4838f02119955d6747fd9,2024-12-02,77100
bca-7f295435739acf36e6bac59885a5c8c5,2024-12-02,-37000
bca-4b645d9742e060db18057d7855c34fd9,2024-12-02,86400
bca-13244224220106cd5ecca569d83869ad,2024-12-02,-96800
bca-5862cf1e312afdcf6e7fc50d61e9888d,2024-12-02,11300
bca-d307140451a279822a08f968f216798e,2024-12-02,2400
bca-be02ea24ae8df1837fb4bf0e21beb0bd,2024-12-02,77400
bca-04bd7b856383f8a60abe3971943420ac,2024-12-02,-84100
bca-227b0167d1a7e594e38a8d049b05dbc2,2024-12-02,18100
bca-306007160b07ae14aaddc9ba5cf5e743,2024-12-02,36000
bca-f6906d4876be5d4ae26439666cf63973,2024-12-02,61500
bca-8dab7a2f4ea54f2d2de0ae67f41893b4,2024-12-02,38600
bca-383290bc9f22cba004ea7cbf62ad5cc2,2024-12-02,-22900
bca-138db6882b9ebfd58e044ba406880b29,2024-12-02,97800
bca-6d660ac8665858f05ce0addf395c66e0,2024-12-02,7300
bca-0c8a22dcd75a148cc720736c2da718cc,2024-12-02,17700
bca-41694768710acb99bd99e22dfa7f952c,2024-12-02,1000
bca-ad72337ade1d74c15015807f9d292ec1,2024-12-02,50000
bca-50861dd77525749527b4410970152b47,2024-12-02,20100
bca-18d3760f960d1d2826d9a4cf9412053c,2024-12-02,-36500
bca-61dfb56e340dd23d83b93b28d6a40afe,2024-12-02,87800
bca-9b10fdcf0467c927a9d278f185fa6a81,2024-12-02,88900
bca-c5da4f743f736843a090bb4b971cf48c,2024-12-02,-35800
bca-82ba21bc32e44f075990a03fb1a29f9f,2024-12-02,94800
bca-a16596e31cf473fe2bcb9b8936a656b2,2024-12-02,12600
bca-0d5800042b126396fa4f152fc635296f,2024-12-02,83500
bca-28b25bd5fc9ff60d3b3a18512bc08e9d,2024-12-02,-90400
bca-79970d931c2e8411b24520ce06550bf0,2024-12-02,84100
bca-718df2c4357cbf6cb14514601f910b1b,2024-12-02,96800
bca-950091b725d4077fd0971d7490965cf0,2024-12-02,-79200
bca-ebab88b206469bef29d96c8e6b56c281,2024-12-02,-11700
bca-055c73172b05ad6b68d89ab7bf7166f9,2024-12-02,77400
bca-1fc1b42785f2bbb11afd6571d59e6660,2024-12-02,-78200
bca-b5a433a04a5c8bbe0750141a515bdb7e,2024-12-02,-66800
bca-21cd3d7abf0252a4046ca4334d4898b7,2024-12-02,82100
bca-89e44da93e4fbfda1da11f5345f73c61,2024-12-02,48300
bca-172d5f2aa623743cf12dc14b6868bc44,2024-12-02,98100
bca-22f9859d8bab159d7414ac728f2a5e52,2024-12-02,51000
bca-ac8ff4871721c4586580c4b46cc9d0f2,2024-12-02,9900
bca-184611ade587fd9e636b4f010c2ea79b,2024-12-02,-72100
bca-5c248cadd957a25216b8efb163b3cacf,2024-12-02,-94800
bca-a042230beb0ee4094d78ba693c38be39,2024-12-02,13700
bca-677c93dbcbd3703f61ed06b2f1335ba9,2024-12-02,-51100
bca-bd88fbb470a0a11f4ced6394f0cb3945,2024-12-02,-11700
bca-df45d8c4c0d10cb18d1c4f04c9e5aaa7,2024-12-02,70800
bca-d13a1bae5cb6926ecbdcaec5ad36e77a,2024-12-02,82400
bca-71f7f8d5d313351697eae92488ec2722,2024-12-02,-58000
bca-7226a1a01b3e2f8fd587acd3875e670d,2024-12-02,66400
bca-d94f12e565048eaba02a8d6e8f34b702,2024-12-02,-31100
bca-c1fb68731b7dc2a616d76b1d86aacee8,2024-12-02,86000
bca-df84991dd3d2284feec9a036127afe0a,2024-12-02,43700
bca-8dc0a7fe91843552ac6560855afcc598,2024-12-02,85800
bca-96af6a0795f9cf983104be01d53bd558,2024-12-02,-53800
bca-0f8c15bff71c8573a998b6e7b141e87b,2024-12-02,65200
bca-feb042569ae11c68985c592155d788eb,2024-12-02,50100
bca-23e125d346383f3a5a9b63ad87bebf42,2024-12-02,-65000
bca-dbfc12a0041ff5cc87f674082615b020,2024-12-02,18200
bca-2b1f87c6630bd3eafe2839344df866ba,2024-12-02,-42300
bca-a53f7052bcc963d013f46873b33ebe3b,2024-12-02,56700
bca-306af8bcffc036d8591bf717cb0859fb,2024-12-02,51600
bca-a0962fe70d917b3b4dd1819d5c4b321c,2024-12-02,48600
bca-1d75f955a43e5de2152879a15187adf1,2024-12-02,59400
bca-e551dc6a3c8b1730888d29ca1359649a,2024-12-02,43800
bca-c09233cf7fad8ddcb2ae0bc1d153b563,2024-12-02,-9500
bca-328c2250e4315dee3f2b2b116fa3347c,2024-12-02,23400
bca-8febb3ef5b27e3224481f872e78ed754,2024-12-02,77100
bca-78e74709feb63a0323a9871e22c8ffa5,2024-12-02,50600
bca-0e7be673ed1a1f3c89cfbf9b7751455c,2024-12-02,44900
bca-ce967698a38ca244764559209a735653,2024-12-02,40800
bca-381974ec852a3c019cb27a45d05855bf,2024-12-02,46000
bca-835058a36650d19821b0d913314f7f80,2024-12-02,93500
bca-3b6712a022109d323ead48301d124071,2024-12-02,-9600
bca-f4c778b9b4fb4cae187c1cf34919a74a,2024-12-02,39400
bca-1efb98e6c0ec73c3387900404a8fd135,2024-12-02,56200
bca-4f28e1d5bafae4c4d0d6bacdb5c0ff2d,2024-12-02,20900
bca-4f79fc2d741ec60eb1ac96b2350d46a1,2024-12-02,-54700
bca-56cc9df8319bf60f4e0099cfe7f6e2fc,2024-12-02,45800
bca-0b7f8d27e726441b40cd751f349d9a44,2024-12-02,75300
bca-4f65d8cca53634de5c53d0c9462fb5a6,2024-12-02,30500
bca-9f3229272eecf4c846807cca61d66468,2024-12-02,87200
bca-e79c63bc3b9c4a37f6259415de634456,2024-12-02,15600
bca-676da07c5f14feea1adc6bbee778b9fa,2024-12-02,53800
bca-924b2f63b5674dd8025003241216dd92,2024-12-02,14100
bca-7815c29bdd424643054d6ed7f745fbf5,2024-12-02,-75700
bca-57d1410c0fef5fc86195b9e814bfb726,2024-12-02,36100
bca-7c8843e0fbf58e8a947e9ec2259dce29,2024-12-02,64600
bca-6b8084ac90d801768fef611cfd12b764,2024-12-02,34200
bca-aa93cc6d691e426ff1c3679dddac7a4b,2024-12-02,64100
bca-99a9619e2e256b0d3cfe093994e9414d,2024-12-02,-27600
bca-f1e9ca491644668501e123bc7a137a5b,2024-12-02,1700
bca-aa9709351528cdb1fc8f289bccf4ca6d,2024-12-02,92100
bca-20dd23758702dc6f5ef8267b196c8824,2024-12-02,-50500
bca-9e8980d1e23cd02c6099fd09bb78ba22,2024-12-02,-87100
bca-8df9c198c558fd651d723589160eae92,2024-12-02,-95400
bca-d4b3b87706a512c5389879a30bacb0f5,2024-12-02,-34100
bca-ec41fdcbdd9667a47f2d0268435cb52d,2024-12-02,69500
bca-c7d95480d7825d27416f06fe8abfaac8,2024-12-02,15500
bca-3d68a9b518d309766db25e966fee63ff,2024-12-02,37000
bca-b5974db8c39eb9c0b075cf49ee65d4cc,2024-12-02,30200
bca-9bfb00cf664f8146c3b256325a5cc65e,2024-12-02,87600
bca-e56928cbda8b3abb9c62e5e9c6e4c2ec,2024-12-02,72700
bca-ed5f87d8a2a6dc77775cbb2377d3343b,2024-12-02,19800
bca-80ee4f3fbb6c274e6b7f7d721487f031,2024-12-02,63300
bca-93cbdcb2ca904843954a3eef200cc71f,2024-12-02,7300
bca-b24f1975b6dc0b5e8da5c11d7f5bffb8,2024-12-02,28200
bca-a3f4ec8f8c1187ad19dca10611c1c62e,2024-12-02,65700
bca-46a5501d9e7ed4411dc8c91bdba559ff,2024-12-02,49800
bca-ecd746b3fc07cfa18d3f6bdc670e7540,2024-12-02,72900
bca-db2e31351828d0006456f5fc5b68a910,2024-12-02,88600
bca-bda7a45d07dbecaaa410e483e9504060,2024-12-02,92400
bca-30a5f54a30041f6790b8ffaeee5c3ccf,2024-12-02,-22900
bca-869e0169d1c8bf70d60c0512498cc36c,2024-12-02,75400
bca-c8c30e27b13b01b7a4e4d0da8d4bc7b6,2024-12-02,-87100
bca-f922bc33ffce56114faf8552f66b5cce,2024-12-02,4100
bca-169673835fd70136da482ed18a3982d9,2024-12-02,39200
bca-9b64e84094f23cb82f6cd4b9f29a0cd1,2024-12-02,-53900
bca-690924fff9932e3e978c6a9ea2248ae4,2024-12-02,44300
bca-e57203fc1e4b0eb691dbdc309c0e3ecb,2024-12-02,78100
bca-48016e59a057d1aa40d3d7f7af3bee90,2024-12-02,41400
bca-0f63d96c311d1fad33396bb228141a99,2024-12-02,-71600
bca-061bce52dfbdd28eb5e2d6504d97510f,2024-12-02,27900
bca-8e75371d5b632424288e9e2c4c063a16,2024-12-02,83200
bca-0b43c868e44403387b692a0acd35d655,2024-12-02,-65000
bca-7e350c469faa2129936cc781e03cafbd,2024-12-02,-11400
bca-7b18bd2f1c0ad380073b76416797b625,2024-12-02,12300
bca-6747acf4e3cfd66f9f7efd0862daa6f7,2024-12-02,74400
bca-b6c995ee79b144470cfba5558f50fb92,2024-12-02,63300
bca-73eb8359c52dd33fb81b7d1ceda88046,2024-12-02,79200
bca-872b5f1beab672391309bff2293edb18,2024-12-02,59500
bca-3b20c6ef0778178f1d89ee6fded7330c,2024-12-02,35100
bca-195cafab3f2c656cae4b0b9cc25a4d14,2024-12-02,23200
bca-e130f955527e50fbc40c6fbee473f49b,2024-12-02,52700
bca-e095642a7254e3cfcbb3bf2fff5df44d,2024-12-02,47900
bca-f9854b8c72216031c224cf74b38cae16,2024-12-02,63400
bca-a4e459332b320902a8946918f41afb6c,2024-12-02,85800
bca-c832bbad2fd6e1b4196e0d710ef79b76,2024-12-02,89600
bca-ff8e9c55264948b6d052c4908484acb9,2024-12-02,-70800
bca-052381af52d30422c40f9187ea7de9eb,2024-12-02,45000
bca-5e619c881e71e8e26b6aed0d76e77caa,2024-12-02,-45600
bca-f947363003fe32e3b0fdcd5b84b4d366,2024-12-02,-40000
bca-7789eb1612b97bc5574dde5ffad23d7b,2024-12-02,9000
bca-5871bf6b2c1a7924eb01ee26275be2da,2024-12-02,-63200
bca-29b2f6be680b27e24df46b7b17a35074,2024-12-02,81000
bca-fb75dc674ef1bca77a5ea3702472bf22,2024-12-02,39800
bca-fd1287e1b20c3649535f6866c5650645,2024-12-02,19800
bca-82d88bca3f208a68b13ca0f80e41770a,2024-12-02,49900
bca-fa3f11846993540c324f2b05f9dc3230,2024-12-02,-45200
bca-abdb493ab37297534c737db14880a2df,2024-12-02,20700
bca-3942170af9d66180978020b2ff60a25c,2024-12-02,57300
bca-1be68660be496c3c832159bdab0facb0,2024-12-02,66500
bca-82cc66cec5b6e7e95c9a06d1c6c4b933,2024-12-02,48300
bca-c3e0e3cdc9471239445c922c125a52b1,2024-12-02,40800
bca-1fd05281acb594da90d0f7768aab7d16,2024-12-02,18400
bca-51d3428d11de49657b562974de587d53,2024-12-02,-28100
bca-f415d663486cc54836b0e7d71b560a8a,2024-12-02,51000
bca-2ad3bb45e1611f35bb487a7c1400effb,2024-12-02,15200
bca-ba43a4a56f1cc5abc86b5f324dc204a3,2024-12-02,70700
bca-79fd2e728079c05a1d87dceac5f4f24e,2024-12-02,-57500
bca-bd1a9dd524a285dd26f01090ab2879ef,2024-12-02,55000
bca-9954c4c9482b315a7e2e52174e11f7b2,2024-12-02,76500
bca-2200b2da8c3dbbfd3306ff8b4b738ae2,2024-12-02,54400
bca-2bd3148e0d27ccd0dc635617b6a2f8cd,2024-12-02,-82400
bca-937d52003723cfe1831c412164298db6,2024-12-02,-12900
bca-47a8eaef2ea992815584be88e18d36fd,2024-12-02,13500
bca-64fad9a5d0fafdc9df44f0cb204fe8ea,2024-12-02,15800
bca-07cf325e4905c5200ab3b9e168ca725d,2024-12-02,45800
bca-119a0bcb3155d96b5df098f446f5eede,2024-12-02,77300
bca-48634ac240ad8a90bb3864ad430755a8,2024-12-02,52900
bca-b2601ed6bff8e235086bf395d008781e,2024-12-02,72700
bca-38ee4d490dd89af99ae2e819b211cc24,2024-12-02,56700
bca-26ee36f10225f7e86c3717ef3dd55a97,2024-12-02,15700
bca-79823331b8bd53370e206ac730b369c5,2024-12-02,92900
bca-8baf1a783260f23b14b1b69d1c33184e,2024-12-02,63100
bca-8bf66bd8061bf7d0386ca3ccc27cb752,2024-12-02,59200
bca-9a5cd0df8b3b62ee7983531153dbb866,2024-12-02,87100
bca-fc40fd8de7d5510e1776c2664e504239,2024-12-02,60900
bca-d0a292f0733f2eb425c221dc29cc3773,2024-12-02,98700
bca-877682832bda76993a69653e676d2003,2024-12-02,78600
bca-4a4218faccdd40a63d3bb38ccfa72d9a,2024-12-02,-66100
bca-f44ec9d5cc18328b550e3d98bb1254c2,2024-12-02,80500
bca-f10ba594f87155717161851883c95f0d,2024-12-02,5800
bca-e88261288108739db75431ecb6b5a7b0,2024-12-02,6100
bca-f402e35976e83d6f716c3b3b6e385ed3,2024-12-02,-27600
bca-a613a80fd4f7a32d876576b6c3fddc57,2024-12-02,66100
bca-b09144698b24550819dafdbf4e50575d,2024-12-02,28500
bca-f337b415fb0bf06fa7e9c35991bb7e2a,2024-12-02,2000
bca-7ad577b588e9b75c1bfbd5dbe7520858,2024-12-02,62000
bca-b8a5f963432313538473b7720850437d,2024-12-02,-85300
bca-0c040608606af3cce688c3843a2cf0f9,2024-12-02,-61300
bca-e04444adb6baa62ce8942822f4ffcc9f,2024-12-02,-17700
bca-b1a9e15ada4839557ef8abdca5f61076,2024-12-02,99800
bca-cb33f66537bebbf8344546d6a538888d,2024-12-02,-61300
bca-12fed2ccee5d96b25e1bf73515d070b2,2024-12-02,57400
bca-e5edf34ca890b77e3ebdcb0aa54e8ec3,2024-12-02,-40500
bca-ac3d00f34d63797afc448e135d79dfe5,2024-12-02,1500
bca-2a1fde9b39419647bc2cbdb3e184e875,2024-12-02,45800
bca-bcef100fd197f5f492967acfc5203699,2024-12-02,53900
bca-4c67b63e356837c12f1a891e3970d41e,2024-12-02,-94600
bca-43677ef2252aa0fdd4b8c6440f08211d,2024-12-02,66900
bca-e6b812d36107e7692e24a3dcbe5c5016,2024-12-02,92900
bca-e595b4bcb721f35d76d72f0eeaeff4d2,2024-12-02,47800
bca-6960a9d910d949f7e684f3f37f6ac97c,2024-12-02,81700
bca-fe63592834154faee20886b5eca4414a,2024-12-02,53000
bca-ee19451169f495e43bd9e991fb208e6d,2024-12-02,90000
bca-96015e9263a88aa03cd573c4f4c9cebf,2024-12-02,97400
bca-2ad8bf8d0fc98b6e0320cf7d71a05d83,2024-12-02,50400
bca-05144455a78edfbd59de3d665aa49a83,2024-12-02,-65200
bca-fb5ba7c5527ad90437a5dfd94ac71bd1,2024-12-02,46200
bca-91685c576d4ca679217827cbfbdfda35,2024-12-02,70000
bca-d6727343e70909d6f9dd09d367d74154,2024-12-02,89300
bca-df3358c971d9457349e0198315b079cd,2024-12-02,12000
bca-ef8fdec9c6574448cda0b4021da97c74,2024-12-02,2300
bca-87e0fe96e6936192203dcb5bdb25d46d,2024-12-02,-45500
bca-d6fe4fbda8e5b1011c7b81840bbbc770,2024-12-02,8200
bca-2efe11834dd2200df95cc910fc730897,2024-12-02,67000
bca-7a4ec88df0f9c8a2b31dab50712646b2,2024-12-02,49300
bca-56ccec47df97feed9295b900c9a5d662,2024-12-02,79500
bca-8d8a958296486e9dd1ecdb53ce30394f,2024-12-02,-18400
bca-0797b32d5e614b94c094e61a31e7bac8,2024-12-02,-57800
bca-25b8cd8a01d51614632b5d5b51df2463,2024-12-02,-11900
bca-2874361fc35fdcd3cc226a521ffb608f,2024-12-02,31900
bca-ef5da19f870bde0394caacb74c9f15a7,2024-12-02,88000
bca-d497adfe2dd11b711b0587456b69ed72,2024-12-02,-49100
bca-2057139ef59073e03b1480cbaebcc2d4,2024-12-02,-99000
bca-30bfa3dcf23a2c7828ed10c7f8947a8a,2024-12-02,7900
bca-9da6b90ea4a611077832a0debe45939d,2024-12-02,-92500
bca-ae9a1ea6441f0bb6fb56652157906de2,2024-12-02,31300
bca-b3b492899b7369ca64ff60001a93f601,2024-12-02,20100
bca-13737aa467ae3c1e1d66f6e285d187f1,2024-12-02,72100
bca-22469ee977f01ca12a85c389f7039858,2024-12-02,65100
bca-6e8c010f8afb282ef705478526fde223,2024-12-02,20300
bca-ba6a1da70ec8d4bd51076fdd7e15824b,2024-12-02,-93500
bca-4b6b5d6b0af331726dd0f631a1f38bf9,2024-12-02,-33100
bca-2a4db9bf3d0f252b0de24f06ae134314,2024-12-02,33900
bca-52e8b5ce6cf9d58fb4eb5e24a72ec428,2024-12-02,63000
bca-478e8ce9755101d5291589e92c513cd5,2024-12-02,89000
bca-b0e7841fe28ba4af14c3d1533327298b,2024-12-02,74700
bca-9c5497fa2ef1853ebb4c8d17aa00855e,2024-12-02,49300
bca-70dd9c7dfdabd805db8a350ab8b2453f,2024-12-02,34800
bca-03ddbf54a9d6a07069abc0f3fd904b17,2024-12-02,78100
bca-e780be95c15f8a394610924b048f3ce1,2024-12-02,70400
bca-0e3f8aace39b47879cd7e7813779898e,2024-12-02,-61600
bca-b367c4ecc8ae6201dbe1135fc6cb6aa9,2024-12-02,74600
bca-e69d321d35fefb6bec2d896ad4227f25,2024-12-02,-99100
bca-edaabcdfdcd6862f9da3f6859a87ec4b,2024-12-02,63900
bca-74c3a39745ab3e37d4b505802bae6dc1,2024-12-02,40000
bca-2820b6ae9b5fda129b40d65e16e85128,2024-12-02,-60500
bca-b00fe02890c424dc9456d9553e50fbe2,2024-12-02,80400
bca-7a1994f688f5a51c98a6a90a8ecaa3ad,2024-12-02,86600
bca-800b915a9382b893648093d43391fa77,2024-12-02,39700
bca-6be5e5a00df947d5548e0f953edafe1f,2024-12-02,14800
bca-8dbc204b758ee59b3c37db8831bf0d63,2024-12-02,95600
bca-2904dab0d66c7ccdd6ff0854ab066b8b,2024-12-02,-85800
bca-d11af5753f4bc1dcdf376d7507c51b30,2024-12-02,83600
bca-2ad55190f9d8c3749e68930d4ef81b67,2024-12-02,-95000
bca-3c6f1510b6bae3ccc821cd74cc404d5c,2024-12-02,70700
bca-9b13a9e8c9ab408247c58a6785cbeb3b,2024-12-02,50800
bca-6a5c53df7be6fc6fa34d3236514132e2,2024-12-02,37100
bca-e2c1b4df26d87ca8614886246b90b4cd,2024-12-02,88000
bca-2da9dcd1de55f704f8c8bb869c2f9144,2024-12-02,31300
bca-398dd8ac767861513ceab91596f20de1,2024-12-02,-92700
bca-a6323ef0bb847240efd1a2b56e5a3d77,2024-12-02,82600
bca-eaf9cc39faf7b7094c2ab96c6b229447,2024-12-02,77200
bca-59c3f605ae6113ae3777430d93ce6156,2024-12-02,-87900
bca-01cfafab4a8779ba3a3bcc81fe302f0d,2024-12-02,-44400
bca-901ab5e8d4d7d4b86e9004fa751adbf6,2024-12-02,-71800
bca-e730e93efde074ae2e39c0a795e7c94a,2024-12-02,-26800
bca-d1310a08b7630a6c6997ddb263ef8053,2024-12-02,75000
bca-29068eb832c3676c725ecae936979054,2024-12-02,17000
bca-dc8580d44f4787530ce19550d4122a71,2024-12-02,50400
bca-9b049c38a79938dd8a7949269f6ab890,2024-12-02,-97300
bca-6868004dbbe73a196db3b976cf5055d8,2024-12-02,86700
bca-cd2d73942fed9267d12d1f20f0a93915,2024-12-02,34900
bca-87f5b19a333bd49d2fa9e11c8a9243ca,2024-12-02,-88600
bca-bcf5214b1e7b6916836b772b27cd3bcd,2024-12-02,21000
bca-d97eadb3c402224a7d5615a9655323c1,2024-12-02,-81700
bca-da01cc8374a31ede6be2a0adb1edc07c,2024-12-02,1300
bca-29ac74c0323b066c1147aad8c74494e7,2024-12-02,92200
bca-892ecabd304c96512942351962f0bc6d,2024-12-02,61100
bca-9ce0fe7d462370e0860c5f472c72ad38,2024-12-02,-40700
bca-c3f87db93b911d9003bcacf99b02c017,2024-12-02,16000
bca-c68c00fe0dc414456061af3361e4f355,2024-12-02,25500
bca-609e46e7a7109c9a90fc1c0cd6892868,2024-12-02,49700
bca-12827a19636a62ff85ca54af303ed8a0,2024-12-02,93300
bca-badeae6e79b9d9ca8a8c91202fd91e5f,2024-12-02,-56900
bca-4c68054f0d2ea8b6ed2b99d96e045b8d,2024-12-02,32600
bca-a83bdb10942d979991c67c17ca1743f4,2024-12-02,-7400
bca-381b2f4467caf1255a51d2a50672cc29,2024-12-02,1600
bca-9203face8b5c9bc7653632bc0d9a6449,2024-12-02,86500
bca-f3547770a66b9e8e0ea4f3a0edfe69f4,2024-12-02,47400
bca-c395e95a93bbcd5583bb07a9880c6e47,2024-12-02,89500
bca-feca45659c54e10c0a2a89ff19f7cab9,2024-12-02,55800
bca-1cecc44e52e38488fce486057e73ba19,2024-12-02,10000
bca-e2ec7637d34befd4d69faba4b6a6a337,2024-12-02,54100
bca-caece0c7086fda6cd686b0d1a0f5998f,2024-12-02,69100
bca-cc79c86de977d072135c2f20a210e74c,2024-12-02,5200
bca-f6de50989ae682221b81a2cb62c24099,2024-12-02,-7500
bca-730fa227c2b6374aac8ac2bbee56d985,2024-12-02,21700
bca-6dddbf5f0b71fd093b91d6da04ff863b,2024-12-02,82700
bca-f039dd2cdc3667ef62b7ecedb3fb874b,2024-12-02,55100
bca-d13998ac607281dd2f99dfa778beeb6c,2024-12-02,11700
bca-b1cabfd68b827c368c987c45272ce5ed,2024-12-02,57100
bca-54f8be1a4dede9e1c45589b7413e62ac,2024-12-02,-97100
bca-437d340f83414864ce8e897ed5d96be6,2024-12-02,-25000
bca-c3aa9f4156b4cf001ce28394099b52ff,2024-12-02,26500
bca-d73551d61d2c6bab31e9e7ab374b6f06,2024-12-02,-56700
bca-bf58da163663f2c496d6edca98f79b7b,2024-12-02,42200
bca-fc933b9d8ecd4512e540974e4f2aa43f,2024-12-02,-77800
bca-1fd423458d8f52fabaae296364cecdf4,2024-12-02,63700
bca-55ee9b7ac08cb4c962604bec7ec29096,2024-12-02,30800
bca-a93adf10ab301dfcf20ce41b8730bdce,2024-12-02,-38900
bca-9c8686b90c700856fbf7ff610bdd0020,2024-12-02,-24600
bca-80b1c5590600a4db250ea8f3954d54de,2024-12-02,-66100
bca-1ea06483f0f29b87c0ec61108331d041,2024-12-02,30300
bca-a02384658723a90fb9b755ccadf5ef74,2024-12-02,-1900
bca-3418d6195ad6cf55ed7d7be1998c6fe0,2024-12-02,-81800
bca-e944ba78ad088d2722c15c11716121bb,2024-12-02,63700
bca-ad8e789820008dcc7c1e88e886ac99aa,2024-12-02,48800
bca-8d6830fa7b537ad8a58138b79c227b1b,2024-12-02,97500
bca-aec3cdf8a8e3caf8ed3e5439090229c5,2024-12-02,54900
bca-7212bd891c865f5a27446cd3c589ad0c,2024-12-02,67100
bca-2a876dda6e78c8d45ca8c82fe43545f1,2024-12-02,-74400
bca-7043836a32251e35762f97d2644b9483,2024-12-02,92000
bca-2671c63aebd7d573869623c60cd3398c,2024-12-02,-30400
bca-33743a316e4aaa5c3db0432f83431530,2024-12-02,93200
bca-488dbc33a4af46284403225988e73e97,2024-12-02,95900
bca-7f8745d77eadefa054d4b92f571fc8a7,2024-12-02,28100
bca-4d8fabca835d13f945282b6fe59258af,2024-12-02,64100
bca-220b447ffd60eb8c23c79b1945588b89,2024-12-02,9200
bca-858817fd969cb6904187d5cc1867fdb6,2024-12-02,71500
bca-74f86f0ebb04143d6e4ddea7076d43e0,2024-12-02,-29400
bca-e24252027e6f845b444ec276fc444259,2024-12-02,52000
bca-5ac26b2bae6f3f1eddffda1cce5a1ee8,2024-12-02,94300
bca-b4ad55fb00be946e436b5d790b08ac5d,2024-12-02,8000
bca-17d01607cbee0686c25c4ff6b0791fc4,2024-12-02,77400
bca-245a8c8038b1ff5c13ad8fa6bad53cb7,2024-12-02,68600
bca-66864835955bacf967d3541f4ec2f9f3,2024-12-02,15300
bca-60759eff226a5fe623b43aa6f4ce33a8,2024-12-02,35000
bca-760ff08c99350c882061b9ea7cc19b75,2024-12-02,45600
bca-a1fbb81db4b2e9f4a1fa1ec10722262c,2024-12-02,82800
bca-c7f62c16351856e1d10b6a7fddac3d5a,2024-12-02,91100
bca-776371c6cd4e786fd8c0cba3529da6b7,2024-12-02,11500
bca-3948b72d3ade3c4c69cec706cb7660ea,2024-12-02,2900
bca-132f5267c4f843784c21a2c196ea2725,2024-12-02,86900
bca-153ba3e0cb137d1da53096c8faf9838b,2024-12-02,96400
bca-d7fd2ce45d4dba5fcf549826a4b611c7,2024-12-02,53900
bca-e19023b277ce06ec2a09da4b186032da,2024-12-02,6700
bca-3ab21ec0e4e70b5a69de4c8884b88158,2024-12-02,10700
bca-4a177926fd90463ad0901f80ded5f34d,2024-12-02,-77400
bca-ca0dda2e248d2d76b0bb337f51624839,2024-12-02,69900
bca-abdbf66ee17a1fee56abccbc9b96fa43,2024-12-02,68900
bca-afaa684f53f4d77c2833577b74db2fc5,2024-12-02,92200
bca-568a9d57f9a684047e9d5abdb5360371,2024-12-02,47400
bca-6d8c348c8a7dd6727ee8f0f80bf01e2e,2024-12-02,-94100
bca-76bc37f769d10896015039dbae3fdf1e,2024-12-02,80800
bca-2b78001e671283d0912fcd71f9679242,2024-12-02,64400
bca-fdd88d2cbf77173e6c14dfc030ae5835,2024-12-02,-9700
bca-13d61b17d329633b0042d8c14e310ec4,2024-12-02,91600
bca-4d5a1b19883dc4a7ee6b35c2ea67389f,2024-12-02,68700
bca-d6e6f7a228cd417369369a63f1e98b72,2024-12-02,46300
bca-6fb11d750bd17a032b22fa0a9e5368ef,2024-12-02,63800
bca-74ed66931801ce28eda5f18625e2d173,2024-12-02,33400
bca-f86f8a09f87ce65ca3dff7023f706a27,2024-12-02,23100
bca-627419abe316887c1247b0b016b79e08,2024-12-02,98600
bca-2e7826ab5d9dbf88b928db370859c57e,2024-12-02,83800
bca-32b20884b471370bde8aa12caccfa530,2024-12-02,53500
bca-22c019160599224386ba31a8a84c5ac0,2024-12-02,61900
bca-0f5fcdea0ff2ce87460bf40bb64a9b99,2024-12-02,11800
bca-aae2d30302854130d88f5dc81e33d322,2024-12-02,37300
bca-39fb731c902b87896530ec9d12b3f951,2024-12-02,96700
bca-e200853eaac02f13b7ab6fc0a212dd80,2024-12-02,48200
bca-61ada20c5c0b845a04a94c5a56718d6b,2024-12-02,57700
bca-aa0f456c8f84ade2cba53917fea47081,2024-12-02,34000
bca-41999620e3cc7fcb36cb33680a15eca4,2024-12-02,-61700
bca-9728353e5abe0e3633501ddec03d0843,2024-12-02,67400
bca-3548f44af3f6e720d92a14fe4b0beace,2024-12-02,46000
bca-ddc8d10eb76738d2835f49ea5e1c51bd,2024-12-02,89400
bca-68ce00731f28e4067fd5a639688f4227,2024-12-02,-40200
bca-bb9c653902d7930c7cd9e652d2932957,2024-12-02,-93100
bca-2dc928eadf7b7a384225b0c0c289384c,2024-12-02,72100
bca-7eb09af6786fa3664b91cffaf3e7dae0,2024-12-02,31200
bca-ef5e8abd26da48f314827aa11ba47266,2024-12-02,67300
bca-83731fcf30af32c83afb8ff3218de759,2024-12-02,74300
bca-66edf0bd016e0bd1a0844fcaa5821c80,2024-12-02,-20000
bca-0c60d21970e3a6e28d7b91210dba3bc4,2024-12-02,93900
bca-959b8fc350a06f39e2b34bfe40ddf465,2024-12-02,-33700
bca-6c0ebdc5e6d62c7afe216c93e416b87f,2024-12-02,-22500
bca-e259fe0a7d6c22026ffd8978a93c34d7,2024-12-02,-27500
bca-43817d0cd35ab023867cc7f9cf38e987,2024-12-02,40300
bca-dd2b3158582e1e88fd48373f7678e84f,2024-12-02,81500
bca-02ff3ab69b5b3a0b8bf788688d56b898,2024-12-02,68000
bca-4a7c7c656413e765e9dd187de992a1a4,2024-12-02,47900
bca-a2ef72326afec20ceabde3b1220ac913,2024-12-02,98000
bca-2b5dd4f046ae5abe52e22e6591df7de2,2024-12-02,47200
bca-1515d854705bc8e707a131f76598321e,2024-12-02,62800
bca-89167604a0b145971833a68c74c7cc0f,2024-12-02,87600
bca-9c309db662c9981f937a0d761fb12b5d,2024-12-02,-94800
bca-7927137698ed3b2ef1af289bd2d3c27d,2024-12-02,12500
bca-bf0a728f73958fc6ffb3ff8246b1ac64,2024-12-02,46600
bca-9367b2af3b88d3d206174e592acdd1cd,2024-12-02,50200
bca-21131d08f90d79236af182a6946ad507,2024-12-02,66000
bca-6c3adef0c3a77a3d3b226a17a72fcf3a,2024-12-02,37400
bca-7e09844b23b4a2bbbd2c21614e20a33d,2024-12-02,-58200
bca-6c922c5e07c1e93eaf3343dace20c9af,2024-12-02,38800
bca-c021417b74aa91ae4489fd6a11eac565,2024-12-02,-78900
bca-9e7215a78cdbf5ef2aaa316ad0b094a0,2024-12-02,67000
bca-b710b7c782f45b2c7a1558f9651b74a0,2024-12-02,-70200
bca-f7062dc18cd1c9e81740e3d79c84ffe9,2024-12-02,83400
bca-b77f5afb8dfa0ef262055a05b9bbc772,2024-12-02,97900
bca-0c6f8880028163da759ec86bd62bf0d6,2024-12-02,36800
bca-05b2b85a2fae67fb15360085f3511793,2024-12-02,-6800
bca-dfa8897d0e292e1d751328fed99fbaf2,2024-12-02,47600
bca-ffdc806b72538397533278d9a9629d47,2024-12-02,67700
bca-4faa5c968f02cdffaf9a0ab2a54c4869,2024-12-02,4500
bca-bb38be96423d33d910680ed2967f568f,2024-12-02,23900
bca-8329680ebf93fbc0a5f0348a75998b01,2024-12-02,79700
bca-9f9ec266424b4ee77ddf7c80f011bf28,2024-12-02,32500
bca-7f4f5738d7c309e876eeb07351d38e28,2024-12-02,26500
bca-810c4548408a59fc6acbd22ad403a614,2024-12-02,3700
bca-b8add3bce2e1c16ad549ebde454e99c3,2024-12-02,-42500
bca-1d7a5eb7743a7da77f5c0fadbffe3bd0,2024-12-02,-20200
bca-206a71f689f8618afccaf40b37dd2984,2024-12-02,-37200
bca-d0a190a3411f9c525092a15460c297a5,2024-12-02,2700
bca-f4a9a774cb1a882d96338ad2a42eb938,2024-12-02,-97700
bca-ff071bda685b6edbcb38455abb2a7de8,2024-12-02,47900
bca-b5bcd254d3354fcf6a77441bb7cf30b3,2024-12-02,37500
bca-40d89a2022597e92e9cc1f7e026376b6,2024-12-02,86600
bca-dc641ac6f81880b693a7183572447043,2024-12-02,69300
bca-c9cde17bbe2cd3a2d907e211c243bcee,2024-12-02,18500
bca-e268bd3a6d73a455e361d9182c578256,2024-12-02,41500
bca-464510c413f2e83539722eedc04b0280,2024-12-02,47600
bca-9f4ec035980723ccd9faea7dd7e132bd,2024-12-02,-44500
bca-8bd4e7f82cb6da40a493cebeea376f7b,2024-12-02,-61700
bca-926d569d427ff43e027974ef230bc5aa,2024-12-02,48000
bca-3b29d6d00ed7b8df3049fad85ac5e642,2024-12-02,-6500
bca-d4b1bba87641840132636f3396347483,2024-12-02,16100
bca-a4592a5b7797aecfa1d988ea0997a18a,2024-12-02,3100
bca-cb79ce4949aa87326a56490ec405411a,2024-12-02,3400
bca-e7a83d5dead1aebc79268921fffcb87b,2024-12-02,-49900
bca-f4996dac2d232552c4465c44d1befb32,2024-12-02,95300
bca-693e9de7d163c7ea4cd09c6144f8f1cd,2024-12-02,86700
bca-cd049db08d22632d92bc2cc871e6e748,2024-12-02,80800
bca-2b66533247ac4783d1a751df98e07fde,2024-12-02,35600
bca-5520559f2e0454a12337a145dfcb6e16,2024-12-02,61000
bca-112fe88f0a47401bc4d85a70150eeacb,2024-12-02,63400
bca-922b0fd9aeed29904d5c69043aa29f91,2024-12-02,48600
bca-be2a8cce8e13b45b7889e7d0ac5ace16,2024-12-02,50500
bca-48279087fd1662b7d547d3f10a0e658d,2024-12-02,71200
bca-607fa6958289b480d9da45b524725754,2024-12-02,53800
bca-aac0e644973e1557244c449baa877109,2024-12-02,-60700
bca-80ab284692303a39145016db0a5cff12,2024-12-02,18400
bca-b56caf9c16824fcc2f897031fb57bc6a,2024-12-02,-82100
bca-4d8d106b7801e1334ea9bc991757ff31,2024-12-02,91100
bca-57d130654316ecbfcf889d7b955c5d4c,2024-12-02,65400
bca-be9abb0f0b32813c2929b25d3386cd29,2024-12-02,-58000
bca-d1608d0d4c7be8ab6cd5ec0a5c524d70,2024-12-02,67600
bca-3cf05a8a52e1dbf21d2d978c7d96893b,2024-12-02,88900
bca-03ef473305f5241fdbf8fed8844b9109,2024-12-02,51500
bca-ebacb3144b69177261ef714250f71c01,2024-12-02,35800
bca-8e043a743ae162b5069e5d9f2eee71de,2024-12-02,12000
bca-aa47f02789b845c1277ec7535ee449e1,2024-12-02,19600
bca-c579ea8bf2697823c10dfcf5c3a015f7,2024-12-02,4200
bca-345d8015914256c065e0d9150af1f514,2024-12-02,55600
bca-1ac43933d3192862d1e1179b623c3888,2024-12-02,6900
bca-14031fbf0640d126afacab8c944ecefe,2024-12-02,37800
bca-c5f1044fa946a34296e05d4b9d4cc270,2024-12-02,44100
bca-ffc3d34986d412f99f3e8e4a9c53bf86,2024-12-02,38700
bca-32d52ea6531d6846bd019304a1c2c7b9,2024-12-02,57500
bca-04e99cc9b14c7a622df2df44a929dd0d,2024-12-02,-76400
bca-5dc9fc1dba2a571b73315ef5423003c4,2024-12-02,4800
bca-d9978fba66295546c8b610583644a081,2024-12-02,5000
bca-c793f9bc232cb0fad5d1d0a4925ad472,2024-12-02,31000
bca-c5dcf7f96e8cf1fd63f77a69a8883a8a,2024-12-02,-10000
bca-91591b8ef54f02a677fc6901d4092c0d,2024-12-02,57000
bca-831717219b9913bba6c051c046bb4051,2024-12-02,-76900
bca-d832c338c76311b54489de6a68d30530,2024-12-02,92100
bca-92bbfa62e404366dab334d051b715ca7,2024-12-02,-99600
bca-7e0a6a6b0e629f047bcf2496b19ca017,2024-12-02,-68400
bca-a9b88edab4816938ebe4c0bd840b0729,2024-12-02,7100
bca-3ac599b766a8c295371c956dcaf3143b,2024-12-02,53500
bca-9858f915c222d72bbe9540b7fba684f8,2024-12-02,-55600
bca-e43c32490a3d5ffcfc9b192d91531a13,2024-12-02,-12500
bca-866e79f445f3879f0d81b6fd06963825,2024-12-02,12500
bca-3d93717641ff563ed78f0004bfc245f6,2024-12-02,-38100
bca-871d2b05ed359d0b954140da191398ff,2024-12-02,-92400
bca-dd2afd462456770c034eafe1a9d7c219,2024-12-02,79900
bca-b95e110b0df007d6efb143c587a364ff,2024-12-02,89200
bca-d72157e36d7a75f5bccb6aeb28fcb6c5,2024-12-02,80900
bca-5955ffd4225d1ea3350d47dc699ca61c,2024-12-02,8200
bca-14fef6a44bf0104e8c6037bf3e7ccbdd,2024-12-02,80600
bca-1542a76285b32c5f4d32b719f5add554,2024-12-02,-1800
bca-29fd5434028c1d466aac798c9263ef13,2024-12-02,15700
bca-1ac76e0a4dd1fc57117213b3d1202a2c,2024-12-02,79900
bca-3d9c4242ef080d656e862858ac9c5145,2024-12-02,-17800
bca-a7ab8c1cab350d2572225f5db19f9e4d,2024-12-02,98300
bca-acbfa3253447110d3ed9cc8e18d61e86,2024-12-02,-91300
bca-7b980f72056e347771210ac584374fd9,2024-12-02,-65100
bca-f33fe0f9e9bce05a9d0dcf5731a4fa5f,2024-12-02,44700
bca-a6ab3ea56a7d4e153e19a537a75be415,2024-12-02,49700
bca-a92ec5fbcfd23c5e4170583686b46cc6,2024-12-02,28300
bca-7214ded7a9c6182d591c03629f43f756,2024-12-02,10000
bca-a0c1d467d97ed5f951088b1952c29823,2024-12-02,44100
bca-a6bdc6a98061ac1d4772c2ad35c400df,2024-12-02,-16100
bca-cfd0dc6eb3548a065df71e981c278604,2024-12-02,43900
bca-3e1a0089694dd685aef3d08e74ac1b28,2024-12-02,12300
bca-a751b9ae6255fe30635c6f3336b23f42,2024-12-02,63200
bca-79455ccbbf09a58cfc8e8403b96aaa93,2024-12-02,-90300
bca-e7f6f158998480f8d4a1b61439f92eb7,2024-12-02,92800
bca-bc9e0feff22df857a81e8ef9d696a0bd,2024-12-02,88600
bca-00e6f04454615b5f2091c00d1ea984a8,2024-12-02,-76500
bca-7e9b4f7b231275fcbd920378ce61ebd7,2024-12-02,41900
bca-1350267acd9e3b5a9576e2a47a69b1d7,2024-12-02,47300
bca-5e8871e260ee4f968f5d47a723b3b9bb,2024-12-02,16000
bca-09007ad98a56496976112e89c2abc57e,2024-12-02,14400
bca-13f2cfb70b4329fc17a524c02e04fca3,2024-12-02,-1200
bca-85f3222e1d2abfcd9456afcc4089659c,2024-12-02,81900
bca-a015d06eb63735f542dce5c1b130e5f4,2024-12-02,14700
bca-8673d110ad5e80fd25cd0b1f9b7f3bb5,2024-12-02,74500
bca-77aba1a1e37186801622ff19c54a43bb,2024-12-02,-75900
bca-1ca31e98d49c27bd96403a1ce749dee2,2024-12-02,6200
bca-927e0f2dddeae35c0c16bead09567e58,2024-12-02,31200
bca-28a6a264bd024d35a41e7f58700ad95b,2024-12-02,1800
bca-bfb7f0b86b39ab75289dea35ae750477,2024-12-02,99600
bca-07335de914b4e6c5d6990bb244c7e28e,2024-12-02,-28700
bca-7ff9076d3ee0ee06e1e38fdb223caf23,2024-12-02,98700
bca-b6b8a6a9ec945662e885765376ecf1fa,2024-12-02,-45900
bca-bd9eed9e783cfdefb5431e879ad6cd71,2024-12-02,4900
bca-8900d1776a11a661c1be69e39dbebb97,2024-12-02,64700
bca-9561dc7b464606b0124421d5f44c21bb,2024-12-02,17500
bca-2c24338f3b087a27120db488dc0363b3,2024-12-02,-41200
bca-8f3eceacbf34e3fed0edc3dd71f10dcb,2024-12-02,65200
bca-a18597fb3bc4984eb61a7c2f24eb3d5c,2024-12-02,-95100
bca-106028a57ec4c43328fae8b56de5b874,2024-12-02,59000
bca-f4144e4d4902202f54fcb7edae62d76f,2024-12-02,47600
bca-0e56cfe8c1eb3e9c66ffa6945545537f,2024-12-02,43800
bca-37c7916df062900275dff21d56703a46,2024-12-02,54400
bca-178287b44d8a28384e00ee5769879fc9,2024-12-02,-94000
bca-1e54a4d8d925c2128be42106c553986c,2024-12-02,74400
bca-34efa24843f27e9f2fbad27823f81768,2024-12-02,-23600
bca-3a742eb0c5d9dbabcffc586521a197af,2024-12-02,-88000
bca-6b164ee7581bf74ae453762a146a8df2,2024-12-02,62900
bca-f2752213f879ea30497fa204b8dc318e,2024-12-02,51700
bca-d37bdc01051954ae7304fe2dcc2e46ea,2024-12-02,-61700
bca-08453f6fbf501ea10b0bc06ff2f48672,2024-12-02,-41900
bca-14fec88b44ec899162f8e96f314a218c,2024-12-02,11800
bca-65ab1829751a5a48926913f59e4a90cf,2024-12-02,-5700
bca-5d7e5775667acea757f1e3599e371b6a,2024-12-02,-37400
bca-8e4561e39e9736987cc58a95c60aa6e9,2024-12-02,8200
bca-f82921bee7da56cc0681371ca76a9ae9,2024-12-02,21300
bca-8ec28a82ae25aa66ce0738213fea8208,2024-12-02,58400
bca-08dd25574afe40e34a5cda92099e90b6,2024-12-02,81400
bca-1d6fddfd33acd9540d2556b3e4c2508e,2024-12-02,35800
bca-402f87306f25e16aa191324c0033cf42,2024-12-02,20300
bca-d266a91308fd49db269fd4934b7bd002,2024-12-02,62400
bca-5f8824d4a283b8bc0c9705b5f8c51988,2024-12-02,92500
bca-84f59f6dd7e2b282617af21ee065113f,2024-12-02,22600
bca-cbe86374cfb55f10a62797d4a6dffea8,2024-12-02,72700
bca-5f3f1431dfb59eb8770173ed8c10ed38,2024-12-02,29700
bca-2b76dc390c0982bba9c1a0e4f4d97874,2024-12-02,-7700
bca-074698937a11badb065ef231a7b939f6,2024-12-02,42700
bca-9b7904ffe0f594a770550850624ecdca,2024-12-02,5500
bca-794366cf12478a11396c6995deab5b46,2024-12-02,92000
bca-740935f299d62669aa434dc0bae262ba,2024-12-02,28000
bca-e23da6bf3d9ac844dcdfca7cb5f3fc1e,2024-12-02,4500
bca-09e0fabe2d3743b4c9b2c0c9bea0dbf1,2024-12-02,-2300
bca-f731a1ff906e65162298012ffb9ea9e3,2024-12-02,28700
bca-eb3ab13babad7d8fd1b55c8dfa445b0d,2024-12-02,63600
bca-176c0174cf340f8c30136055dcd666f2,2024-12-02,10800
bca-05794ef0224dd5a2f2d4f841dac99287,2024-12-02,62300
bca-97abd3cd7ff447af9dc0b053db99f279,2024-12-02,-9100
bca-de0f6be9c2c94aae9b26155a2c26232f,2024-12-02,84700
bca-1108fd19f00f68d1a09b2697dc98f425,2024-12-02,-97100
bca-1c9760bd2d5eb8763a522d866751caa8,2024-12-02,78900
bca-5dcd33e8e7bfd13c9024b420070fd2da,2024-12-02,46200
bca-15e05d1f130caa4b88f23abbbe969f5d,2024-12-02,35700
bca-2787f14f93bb7cee8c4dba1d1970ba90,2024-12-02,59200
bca-a35ebacebf1868441acf06b8000b3a73,2024-12-02,49100
bca-ab638b82652d6bb61afeb4ad9bcbd2e8,2024-12-02,90900
bca-bd03790fa1e7acfac0712c13fe658850,2024-12-02,-64900
bca-cf252bf84be2803c8ea8677f1d4901d4,2024-12-02,6400
bca-c0d2a339e3d85b6d3265fd26c32b2f6d,2024-12-02,34300
bca-4e306dd79902f42a23e120dbb9b9878d,2024-12-02,67700
bca-e833b97dbc7fdaef62c3d4ccc12568de,2024-12-02,21200
bca-15d3eac7bd50068a4236c48158835fe4,2024-12-02,-96500
bca-5378f927f9f94b438249f5d895a86ab8,2024-12-02,58500
bca-4e004aa74a967bc0b60cb28e5ce79ca3,2024-12-02,27200
bca-d6d01b5abd92760b849a0b8e1f5140b2,2024-12-02,70300
bca-1224a4be767043848cc7dfbdd3df307c,2024-12-02,-43000
bca-d1e4a427d0fb1384e6ad070768028fe0,2024-12-02,65600
bca-d04853efc94a3085dc7ee23dff6337e2,2024-12-02,65100
bca-2e7fbd34f480ea1dd24028832685322a,2024-12-02,-58600
bca-86a57698a71b7f6cc393ba9277862251,2024-12-02,94000
bca-c88a9da69025b7db90c518f9f2397109,2024-12-02,66300
bca-234653aef2d980e59132766261078e12,2024-12-02,60300
bca-d0ebf0d651850a6b10e5199cb98eccdc,2024-12-02,50100
bca-0199c58cb563c9c8f5deb9169774e19c,2024-12-02,-45600
bca-e19a7681ad8ad40701dba67efce49025,2024-12-02,68700
bca-e13ae3ed5963ae2f299f1abbcc7d6fa0,2024-12-02,47500
bca-c4d277028153e38ff4d5a0fbdfdd4f4e,2024-12-02,62700
bca-7796f327d1b4ec2f48eef54ebff6c250,2024-12-02,24000
bca-d62e12a92d8351e40e8eea1a6561301d,2024-12-02,97700
bca-c42f6c29aeb8de69dee07e38b0eb28a6,2024-12-02,69900
bca-0f762449c0d019e2e3e2b9e2ddbd392c,2024-12-02,41000
bca-34b0ca82a02a87baff81d94aa93c1e13,2024-12-02,-3800
bca-e7cac8cbbb1d89431089a8642fff7bd3,2024-12-02,54800
bca-6ac29cd9fae69c45a07504769fd7ee77,2024-12-02,97700
bca-be5ce343b946c85749380431f952dccf,2024-12-02,12000
bca-373cfcfc878f1e0576009c9b8a3d4438,2024-12-02,96400
bca-1d18843b872193ba369ee27db91bbf36,2024-12-02,28100
bca-081797442a351b89bd4579c21a7b0fc8,2024-12-02,71600
bca-f95fa1f6574567d4243ccc95db389814,2024-12-02,36700
bca-984a0584fd29879188afadb982aab526,2024-12-02,95700
bca-109493161e691e8cf69c5c1bbd2d96cd,2024-12-02,48200
bca-9ac954f54e24334bccebdcac5b7b7a2d,2024-12-02,-13600
bca-10265ab5a3a98210a0844984a6480abd,2024-12-02,10600
bca-b8f624dbc0cbf4aae4be52086eab70f0,2024-12-02,54400
bca-0925d64a7a0135f80744b4feb3f81279,2024-12-02,66100
bca-f5a33b62e733bb6321f373f5f3ef30c2,2024-12-02,65000
bca-3074ad43d074de4bf95af56e609ced03,2024-12-02,69100
bca-ed39839a0651a678ff1ad21cb2c0d97d,2024-12-02,-15000
bca-aaf4d7be225b6e07d6186125bb1bf187,2024-12-02,10400
bca-00911bcb3dd576f7c00a57991041921c,2024-12-02,-50800
bca-333eacbd6aa1ccf7de6430760ac0962b,2024-12-02,-29400
bca-bef3fc864689bd4fd6b23cc216936fd6,2024-12-02,92600
bca-95d88aac2b4bfd04d8e9dcb7d7ceeafa,2024-12-02,33800
bca-223f600d6859b5849c6c5d720c409e2b,2024-12-02,9100
bca-19203c4c7c0c85d0661dd2068c265497,2024-12-02,23100
bca-39944f561867a1c2f24e9b217264cb6a,2024-12-02,-40000
bca-64dc833769deef386dba7fc094d0ca04,2024-12-02,71600
bca-fe0705ed329529481903f87f8297a8fb,2024-12-02,59400
bca-d76f23ef1d0b56e91f7ec74c2f13e4a9,2024-12-02,37000
bca-24c55c623d8c851eb066ff5f9fce0c88,2024-12-02,17600
bca-6e0ee56543b3962cf924b1f106257fde,2024-12-02,23600
bca-84b55cb636e66b27e3621533945d9dc5,2024-12-02,7500
bca-e5885daecd53ecb8823c3ab40612a4b8,2024-12-02,85600
bca-85b3323edea25bda95f108cd94147961,2024-12-02,75500
bca-fbb80a9cb743aefbbaa13377180878f4,2024-12-02,77800
bca-a60d9db2d121c620ebd6a7b8a480b522,2024-12-02,17100
bca-2ca33b078b9a23c729e3ead4f287e61a,2024-12-02,19800
bca-99ea568fbcc766b00fb44a9c86a32c2d,2024-12-02,-96100
bca-9a83e150891a6952a9e5743033b2e5ce,2024-12-02,19100
bca-ac543c940ef7e948b6bfe8469b4213ad,2024-12-02,60000
bca-782234a2f08f7d25ff8170f584dc7ae5,2024-12-02,32800
bca-abb1e54e9d68a38ca7adf3f15b3f32e2,2024-12-02,-24400
bca-ee0edc4305b301a6927a5529756d1f27,2024-12-02,54300
bca-0659c9014959adae9ef5a93f8214060c,2024-12-02,38800
bca-e8a174a46156dfe8f96ab3d10a386045,2024-12-02,42500
bca-2446f1fe29554f6e06e7a7d7d75df1ac,2024-12-02,87600
bca-2fc50ca2eba1eaeed19d6f4bf49b8591,2024-12-02,-7400
bca-1314aa71d865569455752180f6583db5,2024-12-02,42300
bca-4e8354834554d062340467d880077cb6,2024-12-02,-87600
bca-17ef1e190ada4f3d3ff2af4c9e4ae002,2024-12-02,57000
bca-40faa0227292308f0cb77adcb15f7065,2024-12-02,60000
bca-fcf2fb80f7595920e0c3ec537b762d91,2024-12-02,-54600
bca-5b36315a3a4efceefd126ad23d09f773,2024-12-02,2100
bca-95c3969fa4a60069161c2436f83fb4db,2024-12-02,79400
bca-3b218c1df42e5159b9c656437f6ff99e,2024-12-02,17700
bca-e24083aecc0de21fed91698e3dbaf78c,2024-12-02,42700
bca-568799d5ab123ef602ff28ffbd7224d8,2024-12-02,72700
bca-34a1b4913405e059cf630d24872cae04,2024-12-02,99200
bca-a95546260428f48b7fcbeb6af4f0fd7b,2024-12-02,-93800
bca-f36154ac4c7803471c1d344eac6ee4b4,2024-12-02,4400
bca-45e529e3bcd22806cada2bd3c68c52c4,2024-12-02,85500
bca-271179d8c82020b4049feaadcfd72969,2024-12-02,-18800
bca-e56e2c6de4e436ae0b11ac520c295ca6,2024-12-02,51500
bca-987fbd40ad0abb34ff4144d50b4865b3,2024-12-02,9800
bca-2663c05d5343e4401897446cb2b9504d,2024-12-02,64000
bca-1cb46d81343b37ee9ed16013619bcd06,2024-12-02,-8400
bca-6b1c08d942cc4b2fcd475f01b4e3b543,2024-12-02,64800
bca-88aa1d96e27fa422adf102ace37935c7,2024-12-02,51800
bca-a9747a8cf8f7ce1621cd549bce6f8a79,2024-12-02,15700
bca-fae11bbe5f34716aba7b3e70ddca4289,2024-12-02,2200
bca-6eefc237ca56e206d5da05c6aba11ff9,2024-12-02,-4200
bca-c566c9b68f42e454c7f040104130e5d1,2024-12-02,-25500
bca-771445a87e85f5d42cd5d18ba909963c,2024-12-02,-51900
bca-652f7dc97559d9dee80f71e61c97c7da,2024-12-02,-39900
bca-917761ea2eede5e35283b4f7bfb4d1ff,2024-12-02,8800
bca-82ba2e786684cbcade05d135b94ffd53,2024-12-02,49500
bca-92ef5263ee5836734fc55598eb65a345,2024-12-02,62500
bca-1781b79ead26842e0907aabc5f01b37e,2024-12-02,56600
bca-eb410ecee9d2a520ceae3fbcf2895105,2024-12-02,-71500
bca-3013ed70422860b7d07d938e560bdc16,2024-12-02,13700
bca-7d82e0eaf530ebbd86e16893682061f7,2024-12-02,82000
bca-d614bce6a5238fb670840cdfcd53f2e9,2024-12-02,-66700
bca-ac0b908b8b81393e379530727fa16e36,2024-12-02,34300
bca-aefcda14fb2674b71fc00b14b1ee47ee,2024-12-02,5300
bca-c98c58740541c76a9bf20b8ca4368719,2024-12-02,27800
bca-bd45464c547df402ed585dc501d01b8d,2024-12-02,-65000
bca-18921861db323f498dbca00c0cb60dab,2024-12-02,-69600
bca-6fc4cc4a0f617257485b738f25a74e2b,2024-12-02,5100
bca-c88781b185085ee4c724cb0af89cea2a,2024-12-02,-35100
bca-ca3db8497fdf43a7521d9cadfc864202,2024-12-02,79800
bca-8c79d0e3e14591c140135ca10bd8d784,2024-12-02,26100
bca-eb1dfe09406d9cb1132416f730c04ec5,2024-12-02,8700
bca-f41fd4382ddeb112ddceff2645f1ddf3,2024-12-02,28700
bca-be3fd2ca9c3df1ca207cf6373b0dd462,2024-12-02,64800
bca-9a73faf48b026dec2412e2223eeb60ef,2024-12-02,98600
bca-6ed21f16a1d1a5c3537ec7701eb6d1f1,2024-12-02,10800
bca-f3a1520d04f34abb63ba310aec033d8d,2024-12-02,73800
bca-48b4e8fa9b3cf87a287ba5b43c5a37ee,2024-12-02,-43800
bca-d829db7423523e87166496e8673d3540,2024-12-02,1300
bca-1b3f12168436d28de7dc900e4da47aa4,2024-12-02,25500
bca-f097575f26d065e07edbd4318ff323dd,2024-12-02,-30600
bca-e1c614f323c484987f02221a6c3afafa,2024-12-02,-19800
bca-812b4aaa7a577916dba6d95e9e1c1c31,2024-12-02,6900
bca-d53989fd7d67d0702105a8ae502af015,2024-12-02,-52800
bca-a809d1c7f3cf7abdc9b2d47a7d82349a,2024-12-02,-7600
bca-af3e1dd589cf33df8685b7d18cccaf13,2024-12-02,89500
bca-49192c0a7f9128f57bd78bd68b0440e7,2024-12-02,75900
bca-6792919db67db7e8fd0f3442d6463114,2024-12-02,50300
bca-d75602dc928b3a6e59ed009612a65ff4,2024-12-02,19000
bca-75cd815372cd64147661c07939f9fb55,2024-12-02,-86900
bca-a0bf22bb9a8d580ccfa4532dbf83a210,2024-12-02,-23800
bca-63229f3e438ade5f02d8af7b19fc7b3b,2024-12-02,27100
bca-f29ef2e511fb1702cc0c94c006e87545,2024-12-02,18200
bca-ba447a15f5715f6dab569600747c14c0,2024-12-02,-83100
bca-6cc462ccba61201bc18635041b5be337,2024-12-02,25300
bca-d7829c663e171e0f18f879cb54f85a8d,2024-12-02,87500
bca-ecc4fc6b0a3211eb19ae430fa298574b,2024-12-02,-36700
bca-ec77ed7f91ccf7e4279bd57c41e51f92,2024-12-02,-58400
bca-3bd48ba53f2b1a8f44daf0b8d0365f04,2024-12-02,79300
bca-72a74c6a1551b90504ca4132abb64339,2024-12-02,11600
bca-fd9debb236f56a0cd5bd7809740510d6,2024-12-02,82300
bca-db5690792643c88f5f6993e2a3030ec8,2024-12-02,-75700
bca-dff8281c80a2981f58b971f8635c81bd,2024-12-02,9900
bca-6b3714f7e1be8493171f8d2ca0dc8d57,2024-12-02,-23900
bca-96679bda8a522010d4ca434268fed412,2024-12-02,49600
bca-ea676369db4bb6eb65a335cc8de4bec8,2024-12-02,-95300
bca-a702c3cbf2b2afd309dc2669333e3373,2024-12-02,45800
bca-22e31bf8758d7311b11a7fe4283e90cd,2024-12-02,-64100
bca-ace069c0f00681466c2ad0308093f29a,2024-12-02,42200
bca-b9974560e7e500068e911cfc63d94e63,2024-12-02,52100
bca-f93a13a8fbfcf437d18524d1cecc109e,2024-12-02,81000
bca-6d2d3a07504747b69fd5070b719d96ac,2024-12-02,24600
bca-98d636607a8ad30c7436dc6753adf99d,2024-12-02,-17500
bca-e5e1fb347f656f38bf93404eb75f5601,2024-12-02,2500
bca-a296351db3a41d10d3faa7dfc2f62e63,2024-12-02,10200
bca-65c91f484a85ef20dd51af5d52669311,2024-12-02,77200
bca-5a653be0ca0467e36b717a2d26f7f199,2024-12-02,10100
bca-811be86947716fbe048cdec4fd2ab676,2024-12-02,35700
bca-2b63a06f85f5760a658f261acfb45c2e,2024-12-02,-63000
bca-ff6a0cfb82bd1b919106e67fe2705066,2024-12-02,74000
bca-697404cab90468b3520015d9d2d465ce,2024-12-02,30400
bca-c7e14f1131812ff9b7a7f601d9e1ad3f,2024-12-02,71700
bca-4692181fd67c98e8c2600c1dc8673555,2024-12-02,60200
bca-d471e898cb4ad91d948effa1c48e3443,2024-12-02,46600
bca-a571e7a1302eb60618d944ad020b555c,2024-12-02,98300
bca-51b57870006ebcaa72999cde7492bb8d,2024-12-02,59600
bca-982ca52c276308d5e0fce8c5ee358389,2024-12-02,1900
bca-1816fe5afeeac4f4057aa5852df2d931,2024-12-02,99700
bca-7fdc712616937cfb2445920d89d46b8a,2024-12-02,53800
bca-c92c58ae06c3de5b37cb0922317a136f,2024-12-02,-98000
bca-924521041bf14613496f14ea08599110,2024-12-02,-5400
bca-14ca8ec85e59b862bb3031c1f19caac9,2024-12-02,28300
bca-01c2a5375689783fc8b71776dced2682,2024-12-02,5200
bca-a60ed3b4d9a686ad0027cfc7fa9f24c6,2024-12-02,-77800
bca-f084a7f7ad9b3c59204c832ca0f54903,2024-12-02,-94700
bca-43e06e18b898e74b40598daf4d4ec96d,2024-12-02,46900
bca-74aac0e3d057a0ba7aa142035aea1edd,2024-12-02,98700
bca-4dd016938b980f994083d227d7a824e7,2024-12-02,35100
bca-e6acc19bb59c820d8d10f32b439422ee,2024-12-02,5100
bca-7ff0a30a33ed3b90b16c73e10f1f36aa,2024-12-02,89000
bca-ce87bcd9ac9b602519d2085aa05202be,2024-12-02,9800
bca-ef34804f19f69a060cee0ed92708757f,2024-12-02,76100
bca-0cc2af61018ade0cfe43b1e48438c2b9,2024-12-02,50300
bca-4941c238bc64c3063589452040730616,2024-12-02,-23800
bca-99372fac2ca1d8876d84816935e049f7,2024-12-02,35600
bca-17813c27debd7e217e5fc3e85ea907c4,2024-12-02,-62700
bca-1938fba658c8bc9ed74b2c5700693f62,2024-12-02,18000
bca-dda67b01cc71234d1203413f5ebf6ea8,2024-12-02,9500
bca-a394f827d788bff27220cb48f56b1ff2,2024-12-02,31800
bca-c2631b014fe7afb4f14bce53ec2b8dbf,2024-12-02,14600
bca-662d38cf678dfb973f2379b842a98860,2024-12-02,25300
bca-bad489799302fe3a4085442351cbd0db,2024-12-02,-85900
bca-32f4a95b08199fd513a36d6bdffdfb42,2024-12-02,24200
bca-b04e5d8c294a89c690a9549ab15dcd00,2024-12-02,39000
bca-0b21e6263a53e62868a49072b93a017b,2024-12-02,28800
bca-d0a67c21a02cd3f17c70e3175d3669e6,2024-12-02,73100
bca-113bb9456c4cceb92752aeb673b797f4,2024-12-02,51400
bca-71770385fae6381122283d6b4ee4d9e8,2024-12-02,-93500
bca-e6a83d473b28347bacbb515e5a3d4e6d,2024-12-02,53500
bca-66d364e87b6204f33d67bf7c9be34db3,2024-12-02,97500
bca-0ad527d4570479d09aa3c1411ecd8aaf,2024-12-02,12900
bca-e9ada4fec7655266af42a347bc5e476a,2024-12-02,6600
bca-f2d6466aa94c8c8ce21b43686b78bc92,2024-12-02,-8400
bca-3e598254d1d458dfc73b086c4101b106,2024-12-02,52100
bca-a2a8b36916ea337394633bd82f0b7823,2024-12-02,67000
bca-f87b2fd41b11858813dfa75df775d21f,2024-12-02,82900
bca-9524b7d4f6244e1b8b81141953936fd6,2024-12-02,99300
bca-6cff1d139c7a95ba8ff4010d64a0b99f,2024-12-02,82600
bca-d7990e8ec6d25a97a292c81a79689a1d,2024-12-02,-30700
bca-655ec6c25b7e663918ba8b383cf448d4,2024-12-02,10000
bca-686dd7d55690f2eb9ff68f058aa77149,2024-12-02,42900
bca-fc661d4f9cac6415b9bbc462e91813b7,2024-12-02,22400
bca-ccd50e80e81ab4c2c7364284c6d002ff,2024-12-02,73700
bca-3cf90898ee2c8243b9cb090490043caf,2024-12-02,38300
bca-13fbad2dd4def1ad66448298bd1e3e92,2024-12-02,65200
bca-33a6b626cf0f7b590b40cf9c1d9c946d,2024-12-02,-94300
bca-788ce5336c35a06f966e34bec1d76b3b,2024-12-02,1700
bca-244690678a7d6b7ba7cd028e348088c4,2024-12-02,5000
bca-b5ddd73efa630cfe0b320a685d0babbc,2024-12-02,90900
bca-5a3ca95cf7d9dde7ee09df49aa6fb3ec,2024-12-02,79100
bca-1c35e47d4ba0c0d8ab6f29c816a7e60a,2024-12-02,57600
bca-753e4f688dc17c496d32a3c92faafc02,2024-12-02,27600
bca-a59df91015dee60b82fbed4952ec3932,2024-12-02,73500
bca-7accd144ad0a4cb1b8dc3aee5e670659,2024-12-02,55000
bca-efcae4dec5726fd6b6f18cec77245b3d,2024-12-02,14400
bca-e7ef814f4820f9e300faf92c5e06923c,2024-12-02,3000
bca-e5a0d2055cec1af60987e19fb38d65c1,2024-12-02,34800
bca-ffbc5ba4d3346da9f30d55c5d9accfe3,2024-12-02,54900
bca-97a7e0f1df45ec4a17fc741e2c2f8536,2024-12-02,97900
bca-fb227a39861a3f10738edfe86288c48b,2024-12-02,33700
bca-041520660f33a9a2939bdbfb282c35e5,2024-12-02,88300
bca-e31ac2d8193d3a572fd7389ed1e72b26,2024-12-02,-92700
bca-d312b4dbec87eaedf611abd2834df459,2024-12-02,48700
bca-b647a4da98af40657b3ce715d7d66166,2024-12-02,57500
bca-a6b3530f3b511d0709bfb521a6d6b770,2024-12-02,98100
bca-63041f2c6e2ed028eeea0337579445ed,2024-12-02,94800
bca-5abf96c7ca2ed2b75016afd470a91a6b,2024-12-02,-18100
bca-047f5e3f890c75d088511a6d52a060e2,2024-12-02,32100
bca-3f7c7ef92522c888618be4da2cbbf94b,2024-12-02,6400
bca-1f396dde4eaa3933fceaed431aff3ff4,2024-12-02,62600
bca-b6f05cb835576b62f4422c2f2e122e95,2024-12-02,70000
bca-d11c926268493671bd5aaaf607117b4e,2024-12-02,22200
bca-c41de63bb5eec8beb0c443275a2304b9,2024-12-02,14100
bca-e98813d3a16207678db89bb9c62f9f1e,2024-12-02,36500
bca-442094e942d18055c6588f05ee5e3e10,2024-12-02,-59800
bca-aeecc87eae1a56b2d9eb38155b5d82f3,2024-12-02,91000
bca-4c24ddcaf977787f187259ecaef3d887,2024-12-02,87600
bca-3688e34882cec78dbe4990c6aa2c6b1d,2024-12-02,55500
bca-ceaf990cbed9e20ca275e39a51fdf00a,2024-12-02,39800
bca-5ef522ead8b1fba46a271f489f138dea,2024-12-02,-20300
bca-9b626986a559f34ff734519e65c855bc,2024-12-02,66100
bca-40b5b75e78b6ca6a0e23ac833e9ecd64,2024-12-02,19500
bca-a8e32a208d1dc82062edc97bf9399129,2024-12-02,35700
bca-0bb13481b760668a3cc9a4011d88b52d,2024-12-02,43600
bca-9feb4977d27960e1bd305c0818591a45,2024-12-02,-34500
bca-968ff55b0f6231d728d3609a0cb4c5f5,2024-12-02,-14500
bca-3c881c48ad2d1c125c524a6d449c63d4,2024-12-02,78000
bca-5df325a5b433b5273bbd4b51189f5899,2024-12-02,42700
bca-4a094151acd391634022f587ea152dd7,2024-12-02,65800
bca-2c1da2685c1c89e5d6d01c32b8525777,2024-12-02,-74200
bca-12f0e7a693f363e1ca98d4b19217c997,2024-12-02,66000
bca-b776ae0f127b8054e52eeaf7d6c76ac1,2024-12-02,17400
bca-cadc18b9695defe27a2d2ae3f97ae018,2024-12-02,14200
bca-1c11bef7c02b07a8d9ab733d8a157da2,2024-12-02,84900
bca-6f0f82c0bf5f87af78dd9634ef592bf3,2024-12-02,76700
bca-2d17f97cc28cd99a717070d90b9e697e,2024-12-02,42500
bca-87a1399f8bafcdc89121449d02be6867,2024-12-02,27500
bca-a1ec42a34c08fe4e366b8313893066a2,2024-12-02,48100
bca-d067bf8e40dedb88e6aef8e3316bbbbc,2024-12-02,62900
bca-f946db416d1819f500578624baed9d1c,2024-12-02,58800
bca-2477467eef6ba7986cec997f35db5205,2024-12-02,17200
bca-b8ce409b1e3e4e50f0527bc79a09b8df,2024-12-02,87800
bca-8c24f6e7bdfc43a62f67a2b79f363831,2024-12-02,17400
bca-5f18d8f4928cac1437549479df79d257,2024-12-02,93900
bca-d878fad41d67390b860a0f4885a5ec61,2024-12-02,87000
bca-553c491744136a10782db93f6c250261,2024-12-02,57400
bca-fd76bc7d758ea1371cba8781d257b2c2,2024-12-02,94000
bca-d92068a82455d4d6953ebf8b46288114,2024-12-02,-48900
bca-7d2e988489f43b3099bd2b69f76e9717,2024-12-02,64200
bca-07793b4275c477c53d601c72e7ecf5ce,2024-12-02,24400
bca-4a841aa0806d02cbcf8fd6490b78c017,2024-12-02,90200
bca-44c12db3ab2b4dd7525e0cd5dcef7302,2024-12-02,38200
bca-7e4b85ee57a5007dd48892a6131cecda,2024-12-02,67500
bca-d86c451395211b2a2a23c63e4e026b49,2024-12-02,57000
bca-34bd864e4e1982d38d70da4f1b77d05e,2024-12-02,55600
bca-198388495fdbb533df2ac54cadc44b93,2024-12-02,14600
bca-1f84169fc91c25b63d6b0bf9889eb6b5,2024-12-02,34600
bca-e5eef41bc580c6f158bd64c60be794e9,2024-12-02,48400
bca-e6577b1f376471c3d0691db02133235f,2024-12-02,31600
bca-611b98812de1095bcf218d200c80bd56,2024-12-02,97300
bca-0ef14eb7be9d82e400b740d29141f897,2024-12-02,21500
bca-b0b9d3ca72b45d1456c3fcf97f56e9bd,2024-12-02,-27500
bca-0f331336384d1fd671141e4912c24576,2024-12-02,45800
bca-8343b99f88416d8f390899b4084fc365,2024-12-02,-97200
bca-79ccf45bd7d0e600cce7f9d51608ac27,2024-12-02,58300
bca-9ecc09b6a542cc1bdd4aaaf945f28f65,2024-12-02,79400
bca-13320508657883ff55a803d845aa0e38,2024-12-02,41800
bca-4cccf676b72b3c3ce366c6e82649c19b,2024-12-02,63500
bca-c70c74967eb15b7fbd04f8f0e7def462,2024-12-02,25400
bca-1d7439b925e094a7116170b92429317e,2024-12-02,10000
bca-f115e9a5b9cc7a95c3fd67937310f1c0,2024-12-02,86700
bca-2b8fcbbe9191c8237ae1b3ea6733aa8a,2024-12-02,1300
bca-840129dd8a1d33bc059c6a0de07f1d03,2024-12-02,1100
bca-5fbea3f9b44800c152e7ae4194891dd6,2024-12-02,96700
bca-389062a835e49750eaf90cea1cea2c39,2024-12-02,13300
bca-1873609374f94519de04367e564be91f,2024-12-02,-75800
bca-95fc24b327e05022edbed5073eb3e8c8,2024-12-02,59900
bca-ee20a5ce62239f075397e589d4daea50,2024-12-02,85800
bca-f57b22ec349f09005e1691b62f3c1ddb,2024-12-02,70100
bca-f44902accf8b468aaaa5efd13f60991b,2024-12-02,39500
bca-573dc068074e233b6125194bc2aa05bb,2024-12-02,12200
bca-73f8651033b70da99ce9e41766ff7e17,2024-12-02,52500
bca-4f1fc9c855cbf49aecf8d1ac19a7e490,2024-12-02,-91400
bca-9fe8d7b12f7d431b19972d1264d5cfdc,2024-12-02,67500
bca-761f2cca2ea8e38d796890f1376034df,2024-12-02,-18500
bca-799b76e682f3b847aa040cdc777274ef,2024-12-02,33300
bca-ed3f6ce730b4447b6897e4e54a7dd4c3,2024-12-02,32900
bca-dda975e8f6cb94f742e2da93e89ee5bf,2024-12-02,-33000
bca-d440908b49e6cdbf63717bae143c5f7b,2024-12-02,8500
bca-e136e9e109563999a82044cc4851ff91,2024-12-02,85400
bca-cd6d1a3b304f5ff1c3ee1694008b915f,2024-12-02,85200
bca-7b1b2ced73186a0dea2941b9a8ecbe6f,2024-12-02,74000
bca-c91c43b91dcfc3d013512ccaf20662fe,2024-12-02,54300
bca-18a27b9f2e0d2ddba6e4b3f7d1594728,2024-12-02,32600
bca-2b1c291d476262edb9d3590f4dc098aa,2024-12-02,88900
bca-b5c56c192d191e3cb8ae151f1c4f19ae,2024-12-02,41900
bca-312907c343b38bcdd7a52063485c681d,2024-12-02,-68500
bca-066e6b91f7a8bf82aad5d941bfe647d3,2024-12-02,34500
bca-a5ef7b29deb596ec34ca0feb3c5c7e51,2024-12-02,58500
bca-8e58eb200a6353bff900191863991058,2024-12-02,-22300
bca-41d0f37e19f4ca5ab1a2daf2f050d9b3,2024-12-02,88800
bca-47084a0522f5a22908da7537eceb80ed,2024-12-02,6100
bca-ecddd8591806a5cd406221b555b071c7,2024-12-02,93700
bca-40bbb098c9e78cc511f23ae3e1b4e8ed,2024-12-02,80800
bca-f81a03f5a5600d58ec5090fdfebb039d,2024-12-02,11600
bca-dfe4e9250c5f5b83a076c181e21e2bca,2024-12-02,94800
bca-6b00bb8848b38301c28e0aa382bae80e,2024-12-02,-79900
bca-df619d37eb8908f2d388751e17a7903b,2024-12-02,41300
bca-5ee5e4d9e86a8bbda3729c63ae6b32c6,2024-12-02,64800
bca-86b7be17d048baa987621c082b658ed6,2024-12-02,24000
bca-678b14d7c76da80a52d8b5d0f823033c,2024-12-02,34000
bca-5e21363a368e00afbc780d4add9f68c7,2024-12-02,21300
bca-aee85b898b64f979be7e628d57c6eecd,2024-12-02,75100
bca-240a52166f5eddbb9d9504ec8060d27a,2024-12-02,93200
bca-1bd82995e03a1709017d8d174bba4524,2024-12-02,51000
bca-522b661205fc541b2f0ed557fb06002f,2024-12-02,56300
bca-bf7db4676f2cc148d0a59f9696507a80,2024-12-02,19000
bca-ada696d940b09215e20997dbc5e9cbe8,2024-12-02,77900
bca-02ea356ee858c37f6406f675d745624b,2024-12-02,92900
bca-79fc5a6697e2188c18df39f3677567e4,2024-12-02,-40100
bca-43cab7399137e0910068021277ea36f8,2024-12-02,-16200
bca-adffb178050f117b20d4ca13017a68ea,2024-12-02,57200
bca-65ae412edd9925e29d47c90644053db9,2024-12-02,-47300
bca-907b5c070d43d52fe7ab3030e1004044,2024-12-02,34400
bca-37001544957be1ea027165ab6c94afbf,2024-12-02,18300
bca-3371501e2617ab5843a4500e9b3d3fda,2024-12-02,43200
bca-11e3b1b5db818654f554a0bf00dbfb02,2024-12-02,47900
bca-b26502265c59fc9a787a41b8bf8e6d59,2024-12-02,22300
bca-bfc85ec1f76052eb5d49cf56bffc8fc6,2024-12-02,-14300
bca-fd70f4a99e9f3404d42ee9dcdb39105f,2024-12-02,51100
bca-210eaf8e82c67d97f3f561624f291250,2024-12-02,29700
bca-0d39f9fd04b39a204b4b244bb9a30198,2024-12-02,42400
bca-1c7025484e2ed789aecf87d752433a69,2024-12-02,18600
bca-45690c37c49d9eebd03c77be539d4419,2024-12-02,-56500
bca-a9f8025cb2ae0f99d3bc3f6a67864fef,2024-12-02,90300
bca-1e459f74d0c1eb71ab9c31ee54dfc1c4,2024-12-02,14500
bca-1d6f251583c7fbee48b7141c33ae2321,2024-12-02,38700
bca-26d766233aaa027c8efa1335c4aa7f71,2024-12-02,84900
bca-3f40546de9f5176d8674ec73f9afdb17,2024-12-02,59800
bca-3ea4d12fe79e33870aef99cc068920d5,2024-12-02,86000
bca-22666aca9a7cd7766d33512964fc742e,2024-12-02,79500
bca-fddc4e2bd63d1f2bc5cd39cdd926e654,2024-12-02,96900
bca-d85d9c7995c3286253ab9f1840b6d2fe,2024-12-02,-40100
bca-42100cbdb0770a9a5e396ee694bab9bf,2024-12-02,21600
bca-ec946eb0b5f03cd96dff5742e7992c2f,2024-12-02,15800
bca-e9da9d9e4819bc297d0abd99614e0d4f,2024-12-02,-11700
bca-f306e467846d425bbe5cbbd48071bbcc,2024-12-02,77100
bca-91ae7f544e6c3865f2ee264b5f6e54c6,2024-12-02,75700
bca-9914a9dee1d2ef23466766601999a542,2024-12-02,11500
bca-e26935bd8d1a553269331f4ba9ddf960,2024-12-02,14200
bca-f652d07d8c8b624ff507ca001a237932,2024-12-02,-34000
bca-7427d56287f25a8ccd956bb0699f4a72,2024-12-02,82900
bca-4246030e62778af719e6dbf852d0508e,2024-12-02,95800
bca-4dfb6751b246dc819ad8b0f3f9205c58,2024-12-02,74900
bca-5fdb33f36df02f8329dfcd8bed5205ef,2024-12-02,6900
bca-1be752fb93ce346d4380223e664b7e96,2024-12-02,75000
bca-a570544481f30c153bf2e513a095725d,2024-12-02,63500
bca-b05610dedccb5e87c62c5eded68c1ed3,2024-12-02,94600
bca-8a91c2715fa6d2d97a8ffaf47a5cdb30,2024-12-02,89800
bca-b9c0795cddabd4fbd8757445a2cdb3eb,2024-12-02,-62100
bca-6b58241c159ec852ceefbad56f225d35,2024-12-02,89000
bca-ee0b562da982fbf83775e646e15b5c81,2024-12-02,-70900
bca-f4a127f6e9f0424a10b306829205cacb,2024-12-02,88700
bca-b7214e12180202730521a15bc982452f,2024-12-02,75500
bca-edac7d06d17d294fcbf21ef5c6a635dd,2024-12-02,44100
bca-7c7cf8aee858479cf399cdb808da99b9,2024-12-02,-84600
bca-90b311aa265c53ab92dffa4535a07e69,2024-12-02,28600
bca-02fbf5e1ee421544538500dbeaea13e0,2024-12-02,80100
bca-41c2db387900421c926979072c350515,2024-12-02,72700
bca-0fc9885fe19eaf58b08c947081baf3fc,2024-12-02,97100
bca-fd6ad7978ce6e8bf6cb3402a0bfd1a05,2024-12-02,45700
bca-8f156629f240344043a5cb1be1071ae3,2024-12-02,-23000
bca-23d2d08eae69ba69afcb6f64643e139a,2024-12-02,23500
bca-bfef35d3c96ed4d2573d4b6da9b0e8db,2024-12-02,7000
bca-ad9a92be543499906caf0586b1793e02,2024-12-02,30600
bca-65de6b4b59b18ca91468ee22edf4225e,2024-12-02,92400
bca-56ce033cbc224d3f634b20517fa18d32,2024-12-02,-34600
bca-b64f6f363f92b72940124f3780704245,2024-12-02,-65400
bca-160a8d536cbd8c6f8441e0e70d66a27f,2024-12-02,63300
bca-5151fadb954efba875439dc8f9243a02,2024-12-02,14900
bca-e8e5736a379c35a08f041745c6592dbb,2024-12-02,-43300
bca-48b317f7785a34b13a43241a1549b4cd,2024-12-02,-60500
bca-a276dac3bce3ed5fde0efa80fd00cbb4,2024-12-02,22600
bca-43b28726ca612efc410e36b069714553,2024-12-02,-45200
bca-15609e36d9a9c670ef2484cc3163700f,2024-12-02,65100
bca-998e8774be65fec12a401e95718ce671,2024-12-02,-78200
bca-6d8a134700b20a41fc084667ebc7843f,2024-12-02,-3900
bca-ad71e88907f0457de0c229c78cc867bc,2024-12-02,-95000
bca-32fd0344520c9fa0477310bf8f8e6bac,2024-12-02,27300
bca-fbf11b709e7a2deed52a18add6090822,2024-12-02,-75800
bca-a6aceb58ba76cccfed0e992f5b5173e4,2024-12-02,66100
bca-25ad50356490dfca5be736af7eb6ef9e,2024-12-02,32700
bca-74d9f7787af6afff2de0cfadf6b0fdfc,2024-12-02,5800
bca-a17d453d2b68f1ef6f1602708d884560,2024-12-02,95600
bca-14a24c306cab33f4fc08c468769316a0,2024-12-02,12100
bca-631d62a19216246be54b3e0ad62ec94d,2024-12-02,99900
bca-ea80bb906587b7763aa7dc0ae72cdaf7,2024-12-02,36000
bca-0c8c2e10d1ca8892d470761182811c8a,2024-12-02,28900
bca-ee917c4f9ca3a65fe12e20c8f0d82ab3,2024-12-02,23700
bca-7f6f583f0f847324b1dceb694c29f786,2024-12-02,-44800
bca-e5f3623659b09062f3225f6f6fc1b74e,2024-12-02,22300
bca-e7b7f0d6789de1331233f6aa41f0be75,2024-12-02,4400
bca-2a750f315cd9fc93b3787e43b73cb2fe,2024-12-02,26500
bca-55bc654d772c76a150b1c15e3b93686a,2024-12-02,62300
bca-efef9c9cd0f7a025e3890ff24f3f86d3,2024-12-02,58100
bca-5c7555da8dcbeda302db3093932cc35b,2024-12-02,-37400
bca-bc4165119c21750a88ab383fd0573765,2024-12-02,-79800
bca-72d45dece36daef214aaad3a1a26bd3c,2024-12-02,54900
bca-55ab6fe5b99122ad50b622c3a3f24eef,2024-12-02,28500
bca-7d1460e7618b8c11a626fa828d0d6a10,2024-12-02,11100
bca-1b6168f211d536ae8c0882aa43e1a544,2024-12-02,9800
bca-63bc17e8366cbb96e8bb3f996ec695f1,2024-12-02,41700
bca-97b0f786f1222612d1da9b5d5f1682c3,2024-12-02,38700
bca-2eefb40e1c526491410bfb149db2e656,2024-12-02,50100
bca-bf0f4d5c34804ab7ac5f462c1782d539,2024-12-02,92100
bca-fd4691a6096557c7c98abcca706daaea,2024-12-02,38200
bca-2366e8b5e11f18b79cbc231f1f52dca4,2024-12-02,74600
bca-85d262866763549de01b2979297b2543,2024-12-02,-65100
bca-92a090a103d6a99d3c8ac3119c6ef4c6,2024-12-02,63700
bca-a19bfebdecf0bb72208c077bf20339c2,2024-12-02,39300
bca-ce77db4bf33e3d7571cc4dc59d1e12ac,2024-12-02,27700
bca-b0e87508c74ed62e5b0d9c6a95bc7942,2024-12-02,-33600
bca-8a9dd7cdf36a121659b6369611d75367,2024-12-02,52100
bca-7763eb70e414ac400a83818d21ae9252,2024-12-02,20700
bca-3988fa9683a391a5da662aee85ab83a6,2024-12-02,3800
bca-38dc44a88aa23b205f9b9a8555070319,2024-12-02,-48000
bca-1ec8908579b56f602fe64f792869f837,2024-12-02,-47500
bca-53413796e35718194f4c3bb3da92e8e2,2024-12-02,-67800
bca-c2e82fffbfa9196888707967f38b9d50,2024-12-02,95600
bca-a320e42389fa913a9d51a523c2f8a418,2024-12-02,-59400
bca-034ce9c0fab4d5b89ad9ceff6a8cc11c,2024-12-02,88000
bca-606bcf10c21719e4b9497a68011ce722,2024-12-02,91800
bca-45ca8d03832e4b4e926bbf89c63e8bcd,2024-12-02,81600
bca-e3cdf20f8c576ab5f4493d6ac9959c05,2024-12-02,72700
bca-6893a151c20596f7d994858cb83afc87,2024-12-02,59800
bca-a257742c7b2ca37e6d8e7865f73e4401,2024-12-02,76200
bca-d77b4cebd8913ff341cf284ddefba65e,2024-12-02,-57900
bca-c66f1aa2d1cddf7b85b3ef0989a5fdba,2024-12-02,22600
bca-0e009450e4d94ef95563da9570e99ff5,2024-12-02,39400
bca-ce526cb6ed2cd5fc0a1875adb9e624a3,2024-12-02,6500
bca-92eea1ecae303b0450c54788ba9eeb97,2024-12-02,47300
bca-a0f0ccbddf7b0b269d360fa79188e05e,2024-12-02,85400
bca-2232d8ac1b67fdb886a5e5804ae36469,2024-12-02,41900
bca-371ad259b2583f47cd33e993e42eb7c6,2024-12-02,-10600
bca-a5c262c0d8af2456b586b2e990885da0,2024-12-02,50200
bca-20deb3a674487804b3d82fd674872642,2024-12-02,-46300
bca-194ea450f660445861a5a7a90ef0f35b,2024-12-02,34800
bca-f62d2dd943d89503fabf4980650fc7f8,2024-12-02,50900
bca-f574283c1136c5ccc3e5acbfa3e85ad0,2024-12-02,70100
bca-661ccd7ad96171120c5fa401d5923c73,2024-12-02,-27200
bca-09fdb8df0e1c6fc7b9f2844d7144d820,2024-12-02,48000
bca-aa2dec004b177ecb5fbe73ce4fec919d,2024-12-02,42400
bca-859a001a1d4ef631e76c09d61c249c59,2024-12-02,58400
bca-67ace6a287037b0caae7e5c6e0952bbd,2024-12-02,66300
bca-99f8a697165c43bb22e2042d30626447,2024-12-02,50200
bca-d97bcd1d7f8254d9c83ac97f228c2ffe,2024-12-02,57100
bca-3d18bd467b432b917ed0a92678f0e8ee,2024-12-02,-54600
bca-3dec75a67298f381bbf164fc3acc46f8,2024-12-02,21300
bca-ae383793d259dc93ea870b7a539fcf72,2024-12-02,33300
bca-0fba91081a6f4e33b9496d1a07e96639,2024-12-02,14200
bca-b2deefb9274eba00d9ab7e61d48e8e77,2024-12-02,-59300
bca-a84eb009fa111e6bef1eada563c4be32,2024-12-02,12900
bca-43aa5ff4a3d5d6cdb7c654a58013394c,2024-12-02,68300
bca-a2840eb67113534f5bc2ea916ef7b323,2024-12-02,76600
bca-3b48bf6e98418d11af91d559c7ba6843,2024-12-02,99600
bca-806c76c891e59529b8bd06bb66e048af,2024-12-02,17700
bca-0f8d008b283b8655cc3a1ef533239221,2024-12-02,-58200
bca-74b217894fb2b4b5b9157ba70532e04e,2024-12-02,20800
bca-36c9f7447a00dcceee7d68eda917a3f5,2024-12-02,88800
bca-b9110926722e9131924baade7a636924,2024-12-02,50800
bca-8ff533a008770583648c048728afb337,2024-12-02,71900
bca-1715db8c5cc87035327862861ac4cda9,2024-12-02,23400
bca-c9254cd084cb4bba36e126aa4b810913,2024-12-02,-68900
bca-bca7d7fd8df1c6438a3e2a1305e4ac1f,2024-12-02,80700
bca-b6211e983f169717d1734069a2fdd973,2024-12-02,69100
bca-05621c1e9c4f228d7799d359b600ab08,2024-12-02,-11300
bca-7dd12abd6b429e242584ad58cc6d8ef1,2024-12-02,93900
bca-c3130ed53a47ee81ce55bef361372023,2024-12-02,41200
bca-77d6facf193e0f58cb89cc8655047345,2024-12-02,60200
bca-bd7b2557054b49a8709d1569a7c81169,2024-12-02,-39700
bca-173cf8318b32616e580dfdefe929c328,2024-12-02,20600
bca-1da19ca70d88d8e9675ccec4af3306b0,2024-12-02,34000
bca-ae581a2d156f86ffa2d9ff363e747100,2024-12-02,-98500
bca-c4d1c7102d6f6ac9e1b39114f98ac5c2,2024-12-02,94400
bca-e56838aa01a2fcc71702ef8f7f565e25,2024-12-02,98000
bca-35dc648a81174cca3c5ad250fb70e9a7,2024-12-02,83800
bca-4584c82f6f9495051928962aa0ffae36,2024-12-02,97700
bca-e4b3dbbb673a36257e3b620bbb425dd7,2024-12-02,54200
bca-8bed980995c98fdf690657e7a9efd683,2024-12-02,39100
bca-10eb9061620736f1ceb451273ab9af85,2024-12-02,69600
bca-9c08dec298b771b54c6db6054064f74f,2024-12-02,87000
bca-e72f1831c9e650efd78f6061ee7b84a7,2024-12-02,-35300
bca-850e05edf3442d3608e807c0fc69f33b,2024-12-02,69400
bca-26a0ba5fab5d95e09712aac8d0b67996,2024-12-02,-51400
bca-bbb245324987aa9e8ebb440cbf5593e6,2024-12-02,96600
bca-38721dfb26b27996ca5bfd56ddb0ae23,2024-12-02,-18200
bca-ab83b1f4447294302b4d242d71cc1a7e,2024-12-02,95000
bca-af9d46f2a23e0bb58a18f475ded20dcc,2024-12-02,46100
bca-3d04b16e1aea6af51341a3d69f4b02c7,2024-12-02,-60600
bca-d6325b18ee43d2752ff02f9046e9a318,2024-12-02,18800
bca-160dd46f872eacdc77d93fe6b2594b7d,2024-12-02,63200
bca-526a92c99c97e0950a62947390f7b657,2024-12-02,40600
bca-7f6ea48df447f4caa4df87df59495381,2024-12-02,80800
bca-9e2d45f03025db6e68771b1158c0e5d5,2024-12-02,98200
bca-7e9e131bba63f92c82b14dd2645cbea8,2024-12-02,67500
bca-8efd8c22af5a9aa6a8aee61a33184110,2024-12-02,61000
bca-01a76fbf161d43d590a4ad37d03aeeea,2024-12-02,84000
bca-244c73df1f431843448f05b42eba6ac5,2024-12-02,-27200
bca-2feea5b653783b4815e3939d7beb0dec,2024-12-02,-43700
bca-b5faa62f7129b07988a5d49667c746e5,2024-12-02,91400
bca-072ec643f61d2e8c9aa4ab1b143b6be0,2024-12-02,99000
bca-4a5495413704093599c760270a71dd55,2024-12-02,19500
bca-1828969259aa1ada87a4764bbce3fb19,2024-12-02,-23100
bca-8d8863f3b0e4632a68242ccca7d77b04,2024-12-02,-62900
bca-d710d5eb357242b04658a3603b48d121,2024-12-02,-71300
bca-365a1eeec6d22d0b37932eea2da5d07f,2024-12-02,36800
bca-554b0ec329974eaab04bc0dd9015d9e8,2024-12-02,25300
bca-d9626d72c7109158dad4032632f44dfa,2024-12-02,-28800
bca-972d8e4ba92cc840465fb987ec3758be,2024-12-02,-44800
bca-3c4cf21a07bd9a2c2a0d131f85f3c198,2024-12-02,-63300
bca-17930409ba64487c180f4f47d67d80fc,2024-12-02,64700
bca-86c1439956d3fc04166112cc2742b0c6,2024-12-02,-27200
bca-eb220aeecb34e69d1163fec5d0198953,2024-12-02,59400
bca-49d3b68cd534c7d013616cebe5bd1cc3,2024-12-02,-79100
bca-505937456ab1e6b649aa932859c8d83f,2024-12-02,89700
bca-ee94366180eee89f0efaed4f36106deb,2024-12-02,15700
bca-c50ac19c617c4fbf697830ec5d69f604,2024-12-02,-51000
bca-c0b55907ea7177049719ceacc56b85cf,2024-12-02,34000
bca-75ac2787f75e31d10573a9c2e5c944d4,2024-12-02,48700
bca-83a61b414c311223aa4d63cfcb415724,2024-12-02,-99800
bca-1bdf9d8e1f0635edb42f84fc07dba3a7,2024-12-02,10100
bca-1d1f1d443f83a8d9febb963e69e85d3c,2024-12-02,66700
bca-48d734f8c73d26ac0202aa5baf309012,2024-12-02,81100
bca-9a87f60806da520d26ad9af3132faea4,2024-12-02,-53900
bca-5d20ae5ed19da5c9efe3312963aa2594,2024-12-02,32600
bca-2910ffb1e3e0d8d1e074edf3d7f4ec35,2024-12-02,-22100
bca-98070b5d07b6b80b4407a6789d0035bf,2024-12-02,62200
bca-1cc4c1c67606953c1e5fe0e4ff4e51db,2024-12-02,-92000
bca-548b8a5e01f2a9739cdbf3de46cc20c0,2024-12-02,1000
bca-c09fd75659bde5cbba92036dbea90826,2024-12-02,-15600
bca-d3e5cf26837a79720ffe98dbcdb003dd,2024-12-02,-69500
bca-67dd7e6ddc0d8b178c953fdb45d64d53,2024-12-02,52900
bca-39c0c47fdd9de0e4c1c811eacf675e62,2024-12-02,-40100
bca-30f43560f5a64f48273ec16ffb67450f,2024-12-02,12100
bca-3a7001192d51ccb607517bef4f098622,2024-12-02,56700
bca-96a22f5ea1e8cf37c611223fe48f8cd2,2024-12-02,-81700
bca-13bf06149206fec8107a98660f7cc16e,2024-12-02,66900
bca-988bbbc02764ae87e8a4b9205dde10e5,2024-12-02,86800
bca-20688791074a0ebda0876d73ba3d419e,2024-12-02,-64100
bca-2fcec235e4b9eba24c49f42a22bc3774,2024-12-02,32200
bca-ee505a10fdc6ed67f4be6aa2e6657553,2024-12-02,83400
bca-623e5f169b921a7680e9ee3338244d86,2024-12-02,75900
bca-130e085cc926c35deab08fb950752145,2024-12-02,66000
bca-fe8fbbca845a89ce10d6e80a5b9a6be4,2024-12-02,31600
bca-4fa8d57c8d1e5e5302ddaf2b39e78ac7,2024-12-02,92600
bca-0d0d8aeb7a12f9b5f437c7ac2142165b,2024-12-02,-28000
bca-eb262620e8194a32a7815a707c051a35,2024-12-02,-66200
bca-4c0a09b1da3f01eec2aeb0c19ed11d1c,2024-12-02,92300
bca-4277a375f82b1d6d5fd09a5e668783b5,2024-12-02,70900
bca-c2440b8c40f6db03f624879274071973,2024-12-02,-53400
bca-82c41f34f9822ac1590dae476b21a592,2024-12-02,90300
bca-ad89111995ec2e4bc31af80f6b2996f5,2024-12-02,13700
bca-824dded744300d10360a0c0625ded589,2024-12-02,92900
bca-cccd21966008f4880a88b15c0202abfb,2024-12-02,79700
bca-6a1c40a0d56c09f3a387f2125bac6ae9,2024-12-02,26200
bca-dd42568004d4a0a2e5db014bc8e40d34,2024-12-02,-26700
bca-bf9894d32fa6f9bd316f92d3d97dfb82,2024-12-02,37200
bca-e88974a18d400bcafee08cf2a40efda1,2024-12-02,60200
bca-1ebc2b2f084beb4c20d4ffaa69c2ac0f,2024-12-02,-59500
bca-9acb27ac46b45e232328ef26a4c68167,2024-12-02,62700
bca-de90548140357a28a2019094a7038454,2024-12-02,67500
bca-2f1b251dfa76d352a774db0da5e0694b,2024-12-02,69800
bca-0a59e5ade5e08fd84760d54fb4b9184a,2024-12-02,11600
bca-801495bbfc264b0328dd0f90c68b1521,2024-12-02,76600
bca-f4482843e628fac17f829d36eb42979f,2024-12-02,25700
bca-5f22211ff15668b3bdf9f0f0d5925f84,2024-12-02,-86100
bca-707d79b1e873398161f977967e56617f,2024-12-02,-58000
bca-ab6cb674a90c49a0290d2e74cda36e27,2024-12-02,38100
bca-793198eb2ce1047ad7b25db2444e4310,2024-12-02,-95300
bca-75ef1209676739dd1d7397ba4a840731,2024-12-02,43300
bca-2e2497c556ebedc46393720b8c5e1d9b,2024-12-02,6500
bca-3e83ad612429c67808a971bd689ce137,2024-12-02,92300
bca-30294602982f8a91b72a2d999050738b,2024-12-02,-70300
bca-de73ac63a7e10bb57fdc095a414b2b3e,2024-12-02,44300
bca-e453c766a578771248878266f483047a,2024-12-02,86100
bca-2c2c32c5d07c19d2ba880fdae87624a5,2024-12-02,54300
bca-0758ac314b3d0b3b60f4ce731d931faf,2024-12-02,3200
bca-f7d8da8bcd52b013b4c979e5c5beec36,2024-12-02,26200
bca-f7856ab6efd55f529dfcfadf583fd3ce,2024-12-02,83800
bca-6d44012d3be83b605a1ecfdca31097cd,2024-12-02,88800
bca-1bbb87b6a1a58290457cf821d8303c1d,2024-12-02,75200
bca-2f3588b9ca56cc8adaf11a134e3f6a7e,2024-12-02,32400
bca-8c13aa88b034203c0edafb951cefbe66,2024-12-02,-45500
bca-f35ec905d23c066d246bb9644edf09d7,2024-12-02,48500
bca-2a2e420af665b35d290d6b251bef8142,2024-12-02,5400
bca-b038ba21b84a294d46efcc4b739c1e49,2024-12-02,47100
bca-f84e847f1bc3236c301bf40010a7aaec,2024-12-02,90000
bca-04bdc6b05665611acddbd0d02222b66a,2024-12-02,-94700
bca-2cf3f79d07941a0bf3078c8d9e958261,2024-12-02,35300
bca-a0202c4b92d9973b3275f2497bf3db34,2024-12-02,-28000
bca-ba542e739ddbea3fb47d6e12562758c5,2024-12-02,-62000
bca-f82f8e11e5c1eda05fc371ace80ae7c4,2024-12-02,60200
bca-e76e340cb10c8c5856cfb4e67a435bb2,2024-12-02,71000
bca-d6e4ad643002f282766cd84c1b41821f,2024-12-02,53200
bca-6b8ba11e239b6e4de3e871df6f4a9887,2024-12-02,82400
bca-ba791c0d5353eec0404f0078053043d1,2024-12-02,27200
bca-6595839c3713c6baf368f6b84753e98b,2024-12-02,51500
bca-2842add93fe9212190678f80f77c74f8,2024-12-02,82800
bca-c2f34fd9c9ced08717ec615124fce573,2024-12-02,43400
bca-b9f198ec229dcfed0b891575a822cfd8,2024-12-02,26600
bca-1bd5e4a0f4aa0c6c562890d8b908c850,2024-12-02,-4800
bca-3b3bf36dcf9cd76d2d01a706bbfaf54a,2024-12-02,-55900
bca-09cd6cedd8163f9ca2c91a898336d21c,2024-12-02,57700
bca-cc39b96dceb470dea82f1053f30cf0eb,2024-12-02,69700
bca-8d84e960ee44bc3172a34b29a1829c46,2024-12-02,50500
bca-43b8bb15ed4c80116a5dc5ed55208737,2024-12-02,66500
bca-8086e0e3535eb501452f365dd425b0b8,2024-12-02,94000
bca-6bcc55a3b2bbfce1458b1266bf37c030,2024-12-02,-28100
bca-15265b5d078485eacb32a5f3c6d3ac20,2024-12-02,14600
bca-34f9900df5885de9a16458f806a78dfd,2024-12-02,41400
bca-5226ecf35414482e96a131a1179bc585,2024-12-02,82200
bca-a35d43586d8b23836c4e678038c99b33,2024-12-02,31700
bca-2c2088206b6922854ef142eb5af6392c,2024-12-02,46600
bca-97a3b833f300d2fc9a99f8337e10278e,2024-12-02,-54100
bca-bf5e6432c28152da46f768a70a8739cc,2024-12-02,12600
bca-eee0d602735d6dce0bbb0f7f5a8ff1f0,2024-12-02,97400
bca-dbf1bcdbea0d71b8939577382f8ae9ce,2024-12-02,48200
bca-af7208926ce1a1de8b75fbee964f09e3,2024-12-02,21700
bca-df85ab7686f945d38e6fc829d1d79488,2024-12-02,67400
bca-4d0b1cf6e147d23629a2b7afe79e9d7b,2024-12-02,94400
bca-d0db572afe8861ff1a87a52e4a4766c6,2024-12-02,-73600
bca-7288f72990f79b52182f282bda43ff74,2024-12-02,-95500
bca-6fd8fe5573a80407165808eb092a0d98,2024-12-02,21100
bca-692c05cd557cb533283927658dfba6c7,2024-12-02,60300
bca-08db2e76aba9279c574170e9b23b2bed,2024-12-02,90400
bca-ec17c7d3d9c7e739210a6d6c3c867073,2024-12-02,16000
bca-4d18d446999f0018c0035cee6441ef54,2024-12-02,51100
bca-bce5e7d00584ecee43b83a728462d48e,2024-12-02,-10100
bca-9e09f6fed22fbf0df14c31eeaecae166,2024-12-02,-86300
bca-3b967b8c3bfee5dc1ecbeb091f755067,2024-12-02,-44900
bca-dd9d2f5a7fb262282bb9503e54c4f410,2024-12-02,94300
bca-5f4ed00a47a35e4129b2669239587574,2024-12-02,72600
bca-adfc3dba37ccb200a3d807f49b52444d,2024-12-02,93800
bca-7c84c9587e522aaf4995e914985d4f3b,2024-12-02,69000
bca-6ad51aa5e795e25532ce5e1285b1f40d,2024-12-02,-99600
bca-5204f75bd1621888d31438d68815680c,2024-12-02,56000
bca-1af687312d2a931449d745c0446b07cf,2024-12-02,61700
bca-8ba2789b713d10d1c0834fbf2c1cdb03,2024-12-02,66600
bca-c4630ce1bd723bdefb0efecf65db96f1,2024-12-02,19700
bca-72e359c328cc0cd9a2716f86b717eea4,2024-12-02,64700
bca-5787c4d1953ff33155f3e1c8262ef0ac,2024-12-02,65500
bca-fbd5d64e5c700c1ffb73b68ad703ace5,2024-12-02,44600
bca-b96b7189a83970f39d5d7ead792d72cd,2024-12-02,25100
bca-abdb2b6e970d003d8254fccb97a3ece4,2024-12-02,31000
bca-b7dfb0a147bab90f21ecb97dde562497,2024-12-02,39600
bca-e834c9d32cb0ed3f909a01720aaed3c5,2024-12-02,37000
bca-7ccb6ec2120ca7e68b86f162a7688cd2,2024-12-02,42600
bca-6d63b366c6573be96e860b9d6fa97686,2024-12-02,60500
bca-1cdd9dc8400295d8d339dafd7505ffee,2024-12-02,29900
bca-53c3744de849a7f13c2a0b379d377ce6,2024-12-02,-33500
bca-f20a42fe935af89d9876abb8ac66e2db,2024-12-02,22200
bca-4f8fe2d8940c6bcdb4b60444ebca268a,2024-12-02,9900
bca-a03b8077c1e708a859dc3745912b83a0,2024-12-02,78900
bca-65f0856c4a6b5988761c9ee65aed74a1,2024-12-02,59600
bca-afff4c966e1814c2b9e7ee34d12cb65f,2024-12-02,39600
bca-aa96e9169b1b6ad51c1d291c054d9f0a,2024-12-02,-38300
bca-8265b2d0f373b19d68c12dedadfbf740,2024-12-02,2200
bca-e04b0fb57a8b20d8fe837ebd7cadc9c5,2024-12-02,44600
bca-2eff344706349c5f3821ad6662287c37,2024-12-02,89300
bca-6ed7c4d8aea793e7eb10506f21896fe8,2024-12-02,27100
bca-49a16c5bfeaa9464619923cb76e68672,2024-12-02,-50400
bca-28818ef98881857a6757fcb1aef0d2ea,2024-12-02,8100
bca-38290f47e221d1c861bae1fb987d7558,2024-12-02,57900
bca-5ee971fb163efc97f59284d40328fd05,2024-12-02,54700
bca-1b6cae42216dd2a07aabb60ea129e03d,2024-12-02,38500
bca-0aa11899eefd7fd72645d8a5c604dea7,2024-12-02,89100
bca-f2d235d317fe0e44f0c01e13e55f2f6f,2024-12-02,-95600
bca-255b408f94cec6e98179f93d7de5b96e,2024-12-02,17800
bca-c75784a3909e9b3caf57d9d825c2b45a,2024-12-02,-62800
bca-4a18d9e713f526c9de487b55747b26ef,2024-12-02,74500
bca-dfe1c749da61c04e11004a8885da1228,2024-12-02,24600
bca-edbcdcfe259614e97e3cb5c4706fe9b5,2024-12-02,64600
bca-ccdc11f503c4cd46ee4c2951010e1f34,2024-12-02,87800
bca-f86e0d5bbe3889e438afbacad8c99df9,2024-12-02,52400
bca-a4112d64163fb0c442c9742e6a999638,2024-12-02,40100
bca-13b7863689cf56a720e51bf4632da4a5,2024-12-02,78700
bca-5c442a9d29c3dbc6d779cdebb0c0cae1,2024-12-02,13900
bca-9a64712cb8000d1317091f91f2af5929,2024-12-02,-57500
bca-11f7445159d9b4bfd5fdef94166e1ff4,2024-12-02,8800
bca-e0ac7d770a783f0528338dfccce65e2a,2024-12-02,76100
bca-67b50f835139311da40aaba754ee3104,2024-12-02,-45400
bca-7349b7fabe5687f4d93859f198121515,2024-12-02,5600
bca-7c8f3be90c324b971e17d4a31f90a011,2024-12-02,-30600
bca-f3084b8f2774ff02d610900c2c066a47,2024-12-02,70100
bca-1528a3e18ed5252dbe79625bdaf568d8,2024-12-02,9000
bca-97f980137fb4c3a81798beaf7b68ddd0,2024-12-02,23400
bca-de003abd641b8dd5578f5f73241450b3,2024-12-02,-30700
bca-283147d90dcdd398fdb6d69f97d55d15,2024-12-02,3200
bca-34b68f26399aba114cf385ad73a33c93,2024-12-02,48100
bca-2e8f67ee118763c140a1f4a95ebe7f2e,2024-12-02,42400
bca-a5ef59b7463285f2fe6161956be537e9,2024-12-02,94700
bca-06c6c798483cc6573477b28209526aa7,2024-12-02,-38000
bca-607710a1d213b2c7959aac26873044fa,2024-12-02,29000
bca-2025a9029ad27a9caf8287d14b80b0f3,2024-12-02,64800
bca-5d30970acc77e121aee74bb03c02b75b,2024-12-02,30000
bca-f5f6cb905ef43475623f93ce26adcc87,2024-12-02,62600
bca-ed1b1e47b42a6fa4a630bc789179e1e7,2024-12-02,-97800
bca-c4a14bcf3acf3c5cfb9e5fadacb74c79,2024-12-02,22800
bca-b3ac56cd37b4b479c198848a8bf45243,2024-12-02,21600
bca-6d74b432fa58c5e3713c166f687da2e9,2024-12-02,34800
bca-1863a42ad05b6dbb48ed6e1e67826ba6,2024-12-02,57900
bca-52e6f3d72e159211c95f43a661b23e6f,2024-12-02,72700
bca-c27b0cf7271deeb96a61ad08ccf53801,2024-12-02,76900
bca-11139de10a5fd7e27bd86b37efd2f8b0,2024-12-02,-60500
bca-159b1d8613472849e74158145588fed1,2024-12-02,76400
bca-f022798189e723dab605ef3cea1668c6,2024-12-02,-71400
bca-30efba8f1d29a883ab3c86214b06355e,2024-12-02,51400
bca-d0e6604706820ea1a8f37a2d4c74f3ed,2024-12-02,43700
bca-e747ab13981549ab134011abbd0b4055,2024-12-02,55400
bca-7a5b26f24558404020fb1b2aa6e07c3c,2024-12-02,78400
bca-94d53d1df949d2380187e6de33624291,2024-12-02,-97100
bca-232040312cae2ec1b98e71a5581ccee9,2024-12-02,17900
bca-62455dd00159e9db0ea27bb4712b1bbb,2024-12-02,86300
bca-23abf25d19577f01b737ecd08d731a4b,2024-12-02,28000
bca-4e9a86674841caa2c4af374a1e6256cf,2024-12-02,47300
bca-1fdacfb78bde7b575dbfc748ea3a96b6,2024-12-02,-99500
bca-14b2c1599f21787ac391e135f72d9286,2024-12-02,30500
bca-93e288dfa3f3d6a11796124bed995501,2024-12-02,62000
bca-e51f7f4a481181fd311ee0ebc3dac658,2024-12-02,70500
bca-7fe605f73c80d04d16af5cbe6e0f7f0e,2024-12-02,-68600
bca-e7a911280d44edc316b874d90d955d36,2024-12-02,22800
bca-83fab5c33b646f22de3df57a6a3d07ee,2024-12-02,34800
bca-cc4febf509dca5f7afaa3b72f1ceaf08,2024-12-02,91100
bca-3899266c0c125673e6eccf13020463d2,2024-12-02,76400
bca-1cee990a24bee81aa7e448e789f1d048,2024-12-02,39000
bca-8b2c4fe018c29c89bec7efa3631598cf,2024-12-02,3700
bca-19c3e54a3fb7ce1a2ca0fc17be23da95,2024-12-02,49600
bca-048de67281cf75ccf198a2f92124b1ad,2024-12-02,31900
bca-321dbe9be8c2e7453f140f2d207c0edd,2024-12-02,-96500
bca-80de64fab009ff2008c064b99e381345,2024-12-02,28000
bca-f2cc0e47fa9976c2f028fdb25a5ec086,2024-12-02,80500
bca-99d1a20835823d5dc7e53bbf8548276d,2024-12-02,27000
bca-c64c7ea793e4bf47722fc477b89ffc6c,2024-12-02,83000
bca-20bd8af43dadde85ae172777906d704c,2024-12-02,-43600
bca-521d19df00d83659cabe8a484a0174c2,2024-12-02,7300
bca-84d7cd14f7d525b66631b3c0bc0210df,2024-12-02,87700
bca-204672fcc7e0619c38b7b7da8d9c197e,2024-12-02,2500
bca-52e8fa72872e8efec7e18c13c095e879,2024-12-02,68300
bca-63e33be76ee0b8a1e1d567a32cc9d35a,2024-12-02,51300
bca-b1b6c81b0f384b575c1d4249ef18a902,2024-12-02,85800
bca-426c80f06d15255ad54e6fc6dd88ed11,2024-12-02,-83900
bca-95ccf4612e79a29a60df176766c096c2,2024-12-02,-40900
bca-2cc117bd8752fc4726d51fc45ff8d58b,2024-12-02,5200
bca-0b14e6fd94bc8b0b92608755371a7ea9,2024-12-02,61300
bca-b9899944ed9b6f0ad575cd4715ecac58,2024-12-02,20800
bca-14eed65010c613b8fd54b8c698850692,2024-12-02,48500
bca-7a542fcbcd8b0b5d04577342fb7ce6b0,2024-12-02,94500
bca-2c97ca1b0a37c1220fc63839f763a7ac,2024-12-02,59100
bca-c039bcc30046cfefc7f50e917125f49b,2024-12-02,29400
bca-01bc1c5e350bf613bee6ff38da9774be,2024-12-02,89600
bca-405f1e4457cbce8639a4879da05546df,2024-12-02,-3100
bca-4fe698a77af1a352ca18fda95c98c9bf,2024-12-02,74500
bca-0e05454f6fde9be1c75cd37e2c316352,2024-12-02,24500
bca-46b12458dd589fc1769d2683a1b6960c,2024-12-02,-33100
bca-e834fb61741f78deee90d9ef719ae351,2024-12-02,-80600
bca-89e6b5d286e39d405acd5c402dca04aa,2024-12-02,32200
bca-7bc92ecfddc70240977f516af3e06918,2024-12-02,74400
bca-281ffd8293bff7c696552c16c066daf4,2024-12-02,57100
bca-b95a6e8e70b9667c2765331478a1e598,2024-12-02,55200
bca-08368fe7d1f2149ea989204e2f77573a,2024-12-02,72200
bca-75ad965274884971cd10f66d1210cf4c,2024-12-02,-7800
bca-dcaf8f7201eb1ef270389e5a2f9bef09,2024-12-02,72900
bca-12c56867f1f352e4ed2684f4c0de77c9,2024-12-02,-84200
bca-d7cd453df4e26bce6871a55fbd2a6ef3,2024-12-02,-88800
bca-069b16d4379b69fa2d61bb7b42b273e1,2024-12-02,80900
bca-820c96ddfeb73d937084669c2431a764,2024-12-02,29600
bca-26c9c3086e220dd3205bfae781c4c15e,2024-12-02,-84900
bca-a2c73a8d058db6c335b5720fb1180c40,2024-12-02,36500
bca-60e99c36d27168154659c3055694c66f,2024-12-02,1700
bca-e487af41a42b088dbf0b5758da92418b,2024-12-02,-8100
bca-d884dc0962ad2fd2cfacfb1e6d67bfbb,2024-12-02,-42900
bca-9373254957c56aa036f871a3b8d86288,2024-12-02,-48700
bca-d98b00112c3f2949529d0e1e06d6f52b,2024-12-02,46200
bca-08220ea1d324ebae7894a8fc74637ce6,2024-12-02,46900
bca-c671f2a60eea2a0e5c68293e45a75ecd,2024-12-02,73000
bca-a99beb9417e03433a418fbb64e0c258c,2024-12-02,98400
bca-54678fadac246e6ddbee7834c6e0e85c,2024-12-02,96000
bca-80241edd8dc6e4debdbf9f68515c2778,2024-12-02,22000
bca-8ba4281680e473de7a27f39b8b54807f,2024-12-02,-33300
bca-21d9f048e6a2a49b5388094f3d4c611c,2024-12-02,44200
bca-72c3bed635144e1ff15e40fa9f26a9f0,2024-12-02,-72900
bca-8f30de878eef30f6eb0c12c69d1a99a2,2024-12-02,83000
bca-c73b22179af18d91d1bd3c125ab57bd0,2024-12-02,-73900
bca-66cb669706fc8c22b9418274f0975242,2024-12-02,-10100
bca-b3f7a2302f71a43284709427f50a5b9e,2024-12-02,22400
bca-2d1e4074a904f12cf4b75c7f5c84b8fc,2024-12-02,45800
bca-21b9407fef5748b95538f20d56918e77,2024-12-02,-23900
bca-59d5c78facd097aad733f4d7abc2ab44,2024-12-02,-24600
bca-7078fec3aae34de5305de608dfa40ad4,2024-12-02,-19400
bca-8612847fd525f5560845d328a7242945,2024-12-02,53100
bca-617646ed9cbafd3fe4e0db9fd17b2573,2024-12-02,34600
bca-b071da3ccfff3e76ef9ec6a615691c71,2024-12-02,19900
bca-9bb022506d80c8dddd92bb2b22a65f00,2024-12-02,83700
bca-50651a70ab88f97a43b3eb2ccdc54ce0,2024-12-02,42400
bca-7229baaeee80d4c92a4896623dac8cc9,2024-12-02,55900
bca-4aa19fdabec6cef50f0ea1aa7d794d4a,2024-12-02,16800
bca-82bce55e8e4bf43274e87083afa4c9f8,2024-12-02,-36500
bca-803126a97d8bc57d3affe8ec8f21fba5,2024-12-02,95800
bca-2954c83b8d7f1b2700d600d811da2d18,2024-12-02,50600
bca-3e5d29cdb600e6b0ae56145f63895fb5,2024-12-02,-20800
bca-46e2cc5d61a4e8416ae1afa57ce7ea1e,2024-12-02,51400
bca-e0726d57ad9c3f3cbea982ea5204791e,2024-12-02,42900
bca-78cadf223d0ef8444c6094db1ce3ce9f,2024-12-02,16500
bca-2bd14061d424f078ff5d37b82ea2160c,2024-12-02,42100
bca-dd84a8eeaecbcf73c476de97aaef1ad4,2024-12-02,51200
bca-613d2b798de87034fcfff2dee9b21388,2024-12-02,64700
bca-539fd667cde6a489a45ad5572ab7427b,2024-12-02,51100
bca-bc2a1f934bcb56a4aafc72bdf6231e59,2024-12-02,91100
bca-6cca3cec3c40a9dbc9fe9cb44a3690de,2024-12-02,-22500
bca-d55ee379093f4d5b39bc4bcf44f2de8c,2024-12-02,39100
bca-27cc44da7c0744af93f42201db343aa5,2024-12-02,44500
bca-a6a2f5abc86ea2e0e47183d46eefed73,2024-12-02,43400
bca-564c1ee0fe4c069f772a090946f79923,2024-12-02,76900
bca-f16d09c27c796f014d006e3347c80092,2024-12-02,-83200
bca-b5f178f6310169515df1159b2b7356df,2024-12-02,76000
bca-c7b2bff1555b239e21ea3e236798afd3,2024-12-02,70800
bca-1626563d92cabb957d7a7dde207a4ef5,2024-12-02,-76900
bca-85670d257a79ffbe308ed3a3d71d99ae,2024-12-02,95700
bca-1587b223568703ddc27343c39dbd1470,2024-12-02,16600
bca-4fbd90b934eeff1082614c86b9bfa67e,2024-12-02,55400
bca-2e6226ed81a6efcca4e6d3d79fe3bc5b,2024-12-02,85000
bca-74846148d6d0547d958f1e21f73b1590,2024-12-02,63600
bca-45335650fd4d354f8826a1998a1c8603,2024-12-02,6800
bca-eae1e684d9011b4079818b4954b4f875,2024-12-02,71000
bca-411ca654e2b032be3cf7ebd607ad6f28,2024-12-02,64700
bca-4072d513f387167cfa0713b67ad27d6c,2024-12-02,-54400
bca-0c2ad369e34330f2367ba92f1e8d9093,2024-12-02,-66100
bca-268db4d8b3759736bdffa2443f63a2fb,2024-12-02,66500
bca-c057cbb3d00dee9cc481f9e1c1fa553b,2024-12-02,59800
bca-d3aff90a69b09f4d3edb420f3cfa97f2,2024-12-02,32100
bca-aba151df1ea270550b8f888f102b15e3,2024-12-02,85700
bca-0a90d6be5c07b4878232db4d315fca3f,2024-12-02,65000
bca-a85c03a4fdaf54870118f73dde3042b2,2024-12-02,72800
bca-0ec71752989782c25d07f975bd5c76e2,2024-12-02,5700
bca-5be3069d7490de1c5219d41fab288a6a,2024-12-02,13000
bca-542b8e5bff0fb2727697d42413634539,2024-12-02,61000
bca-e3fd377ba2f39647e461faa9fddfc3bb,2024-12-02,54300
bca-68dea032f088c6a71cedc456b56b5521,2024-12-02,-84700
bca-8253a024c4e9a6fa2b1e9462d61c06aa,2024-12-02,47600
bca-033981a455337388b469f68c95478374,2024-12-02,6600
bca-1ab6a64ded5cc0048c8347198d47a77e,2024-12-02,11100
bca-952b003772ed2f16d2323854199c3b8f,2024-12-02,2800
bca-a956f893c88a6491f456b8b6df637776,2024-12-02,13900
bca-a40102329b5bd23c2a5afeafe6893144,2024-12-02,19600
bca-27c06be7c3c122db9d6f42506b79c484,2024-12-02,7000
bca-f069af55f9f9f2f4be223d03feb8cc4e,2024-12-02,-82800
bca-5bc5c545b3a95b18096c9b804788f1cf,2024-12-02,25800
bca-d3aed9234839d1bdd350d2f4d54b1d9b,2024-12-02,84400
bca-e1c9bd77f02f7124c919bfcd3868b859,2024-12-02,90000
bca-a8f09ced5a805f50c435103d64afdd9d,2024-12-02,1700
bca-5e587536e4039a4e67c850c88fec74ac,2024-12-02,1200
bca-c3467431bae00b9f5ac1eec1bb3f617e,2024-12-02,46600
bca-0995df3b3c0602ce6ab5c6c3cc91705c,2024-12-02,68500
bca-277623e577f362d6eadb07b6c46795ee,2024-12-02,17700
bca-f1f52fe615a1f43576b8119f609aa06f,2024-12-02,89600
bca-0939aad8c67197cf4efa170fee8cb27a,2024-12-02,32500
bca-d5bb53d5a6b17ba502ecf08cac82c9d4,2024-12-02,56100
bca-29e52fe5d05021c07c7695864e96a4ce,2024-12-02,74800
bca-cbd9c0f6b7ce1c043a42d3c747ff5def,2024-12-02,45900
bca-983f36155848cd529304d7d46cccd177,2024-12-02,2600
bca-430fb37f6b092d1e498c5207dd9cceaa,2024-12-02,-61000
bca-5a80e6bc2973e7f264885d562db83601,2024-12-02,86000
bca-15ecd6aa0f984fd95729cb40635f4c9a,2024-12-02,15900
bca-8e2778a6938dc66fc9ac787c04208fdb,2024-12-02,80400
bca-0a19e92fa2055eb2b926b0226b0a64cd,2024-12-02,22900
bca-63621b0832ea5d46ad5a10b545686a6e,2024-12-02,8900
bca-36ec7b03149b992a0036050169e15555,2024-12-02,21400
bca-d0c5d2ae300d4873aa120e35c18e707e,2024-12-02,99700
bca-ac8971f32b8c4df0871e656098a2246b,2024-12-02,-27300
bca-30a6af842bae44636b5e630746d938c9,2024-12-02,-83100
bca-92a57c1e5ea770b763a95c3d660720e8,2024-12-02,69800
bca-3aa5a66095143ec9cc23e6139ffd83ac,2024-12-02,72900
bca-09f6a3e187611e8771e6c2d95b6cc49b,2024-12-02,93400
bca-6b2b52332d6b743408d020dc2918c96d,2024-12-02,43900
bca-3d82d5541c59bdf5c64f5da3dd3eeb15,2024-12-02,50100
bca-165277272720eb4a8e5fbe9a595e0ccc,2024-12-02,-35300
bca-f27573b4ec3d895cd0028595fefbca81,2024-12-02,-32700
bca-103d111eedef805094d548aaae5d3f71,2024-12-02,71700
bca-30dc8c383c5393f6979997c98705dc8d,2024-12-02,74700
bca-cb61da5ab035bd15ecb65f86b647a7b3,2024-12-02,55400
bca-4624e0ebdadfe57eaec33a4737f03b62,2024-12-02,86200
bca-752530dd8adc7bda7939dfdd184be4b3,2024-12-02,-62000
bca-ccb0262a613dcb45342b8b10474a7a8b,2024-12-02,38000
bca-5e37f420000369a9bbfa3479fb7e13cb,2024-12-02,10500
bca-e48be7c39b3b73a1bad5a636d3101506,2024-12-02,71400
bca-3a0aa9d3010210e81a836278049cfbb6,2024-12-02,74200
bca-a2839d5191e91303d70ab34a8e236ad5,2024-12-02,52300
bca-79d67bbf1d7f575204bd288349833d38,2024-12-02,5600
bca-61823826a87ebe3b7ef1faeceb7d1860,2024-12-02,93300
bca-e25272e86f275ec1e6b12fb5fd321aef,2024-12-02,35300
bca-ee43e23874f881bf4d39cf04750ad91e,2024-12-02,14500
bca-e47da6959145abf4329d822fc863b001,2024-12-02,37300
bca-f4b322fd641c3cd7913ed99ba3405b34,2024-12-02,82500
bca-bc14eddb8a937c13d3bf64d558c89e53,2024-12-02,-68600
bca-d5a9e4ead68bb3e4815765b0753fdff6,2024-12-02,48600
bca-c51f8393ce99a9941ddbadf7125b686d,2024-12-02,97100
bca-8f6ba0202fabfa0f555929290d4d7c6e,2024-12-02,91800
bca-732518669b2ebdf1e31fd73d54441887,2024-12-02,-52900
bca-ab81b846beee4897b2323e95d91d6dfe,2024-12-02,17100
bca-82210d8484e41e5bb50847de874152b9,2024-12-02,10700
bca-bc296d559428079234818cfcead7944d,2024-12-02,88100
bca-db688fee88d69b028946e984d2529db4,2024-12-02,-69100
bca-7f66dc0bd807fd428aab1f3e29aae798,2024-12-02,63600
bca-cfa58527ffb616d5a3be97cbc265a7ef,2024-12-02,32700
bca-79b2f0c08c7c37f7821bea83ce9bb79f,2024-12-02,87600
bca-e459a797084fabe8e64b153f2732d18a,2024-12-02,6100
bca-7e3c7f2bbf53dde53c5cb38e48c9287f,2024-12-02,25600
bca-0af5f1da2bd05cffa56a591245dbdb9a,2024-12-02,23000
bca-c6db1bcc16725ba60804e16795296a80,2024-12-02,54200
bca-53ee7e61a54c42656c1ed15013af2e9c,2024-12-02,42700
bca-1066564c13eee3cd1bc5cd98c40dc974,2024-12-02,17400
bca-c3fb5dc77846b9353f00a1a4d94adfba,2024-12-02,72500
bca-acaa604ed4cf9d4799c5a08ae87d17d8,2024-12-02,68700
bca-f5ba5aa1c1335eedac29ff5214cfb8a6,2024-12-02,-46100
bca-a418ee8859cd1637fd05f48b81c039ec,2024-12-02,72900
bca-6ceee303367b77b1a2b2e3c0a1672375,2024-12-02,23300
bca-df692e5414b4de70e77cd3a1c055fb6d,2024-12-02,8900
bca-e3fe6ceeb68009ffccac11b3ec9b8aaf,2024-12-02,84800
bca-b90506a89216ca775111aab803713c49,2024-12-02,46500
bca-c75a149c7ce35c72c8b3c3af7754d086,2024-12-02,71200
bca-a9ebbbb4b9ca34f056675ab1c608f5a9,2024-12-02,36100
bca-778a9008e7b1578fa58d70e6916a4f41,2024-12-02,40500
bca-3fb3393c8297225e4db14a18916338b6,2024-12-02,40300
bca-6de9215f3765b50121bac98557a905c2,2024-12-02,-41900
bca-cc87dcc46b7cbc3cbf167d4460172fb8,2024-12-02,32500
bca-2cd4ac3bb7b4684a86adcd1e713c19b4,2024-12-02,94200
bca-e57107a706e3b18867f2342b4b98b409,2024-12-02,64400
bca-c88949808b147bd68fed86e0bd95a565,2024-12-02,84700
bca-435dfd866af9081efeaf3553a6b9332a,2024-12-02,-74000
bca-0db07d2280621e5e8c2efbf3509a5481,2024-12-02,94700
bca-be5e847bbae7bf55dcf8d728bba035a5,2024-12-02,20000
bca-373ab5e2ca5657e72e05686f1ac58a28,2024-12-02,29100
bca-66fa34752aabaf3d1258e9cb06552006,2024-12-02,74600
bca-9f6b65502ecb2cc3394442894215b8e5,2024-12-02,29000
bca-45288bfd01b690fd79bc0d094d49e2df,2024-12-02,16900
bca-6a53a0e04351d676d7b4b5a8ada395ac,2024-12-02,45800
bca-f4852e5bcf1c51d5811ee04cde9b56d3,2024-12-02,26700
bca-46f9637bc3be604392122b52baad7066,2024-12-02,33900
bca-85294bdf47fc6a95959509a5c8527701,2024-12-02,42400
bca-8c8e382ae06ec4388207110290093ac1,2024-12-02,39200
bca-b84a707cacea96ee92fc2654b516a2eb,2024-12-02,97000
bca-19f0c68896c1ffee479b94a5690d9391,2024-12-02,86900
bca-eff3484d839e61e6650137a0839f0fd4,2024-12-02,63600
bca-d569f6e57e66283ad72af94d1bf67ce7,2024-12-02,62000
bca-2cf857c35d8845eb113be474997dc149,2024-12-02,91000
bca-2fe9f74cc0e4e44bf67ebde9d9823c21,2024-12-02,78500
bca-16e31b24061831b5ef54198d6a431703,2024-12-02,28700
bca-4692744adca63424b0bbd8d44994ef88,2024-12-02,36000
bca-c0bb51086ec7db17bf5c363a2804da14,2024-12-02,89100
bca-1fe59d16775652276a8ea1ddc9edc456,2024-12-02,79700
bca-9645dfd7536e5a0b5aef0fb081bb90a2,2024-12-02,13700
bca-8c97a15038a8833d16fc995f9c03f915,2024-12-02,18800
bca-69f70a255af000955a1789ec84bcc9f4,2024-12-02,55200
bca-c07b81ef8d5ba2df45e72ce603cf4232,2024-12-02,-56900
bca-23e5b0bdf17ad1adc3e7ff33ab8125aa,2024-12-02,49200
bca-89deeb31aba722a28aa3c4b27345009d,2024-12-02,62500
bca-bdd53d2f0e5c1d3dc5272fe4df99d4ab,2024-12-02,91700
bca-fc2ea402ac0cde8060ce25c4265da0e8,2024-12-02,39000
bca-9c42ced36deaa42c5c65c556383943fb,2024-12-02,-64600
bca-93a247a1dcc482c86559f43e9bcfe3bd,2024-12-02,-28200
bca-8c937a3627e7e56bd4857fc393fe82ee,2024-12-02,24700
bca-adc2493c93cc835e97ffcf19847d762f,2024-12-02,-19800
bca-43b038c9189831309f73d5b64f7973fa,2024-12-02,-66400
bca-5782e493b5b974dc880d356423455a19,2024-12-02,60100
bca-2076bc1c8b365f8a50383b1ac5834f06,2024-12-02,65100
bca-2ab8e2a1e654824c73732453cb098e5d,2024-12-02,61900
bca-c17a0c6966e85bb8800e01b2083178e5,2024-12-02,75100
bca-503dea2b6260ec1a57bd60a5a5e1d3a7,2024-12-02,15400
bca-b188e2e52a3da50e8c89640e2c9e273f,2024-12-02,61700
bca-70d8fa57928163fbe42da8d0f619bdee,2024-12-02,-88100
bca-e56cb6dd6544f0275188cf64c8d243d1,2024-12-02,11300
bca-5a15f34fa34f953f834b47bbe26da38d,2024-12-02,40000
bca-7f5cce1eae347992c629e6c763cbcce3,2024-12-02,34500
bca-a8d7d29dd40b0cee9e66c2e7604dd650,2024-12-02,12300
bca-b06c53c1aba32d52031c73c5fbd6dbe9,2024-12-02,48200
bca-51f4044db62edfacc6bf33e94a718501,2024-12-02,17800
bca-03f1269568a19f4db960d24e834c749f,2024-12-02,49000
bca-82ad7488bc1e8f2dafa03efb17fd9920,2024-12-02,88300
bca-d8c3572675352425accd1551091ff4e3,2024-12-02,-74900
bca-72a78f6bca713b8427946ae62929e73f,2024-12-02,81500
bca-750bae9e6f13fac654c1f2a5b0c428d6,2024-12-02,78700
bca-8f47d669e757e51e7acbb5ceb07dea51,2024-12-02,18300
bca-0d8e3b11d8264bdc9e08fa8c3c46ff30,2024-12-02,53500
bca-5cba9e7733d31d5b1b53cef611c10b5e,2024-12-02,46600
bca-50c492efbd63cf3842b0dff1967059aa,2024-12-02,59500
bca-bf1a413cfa3a77c3072206ff9b3e70f3,2024-12-02,93000
bca-d281bf1bd238eeea66a527fd53354acf,2024-12-02,62700
bca-e0e1371d4a1451c3ea9870247124420b,2024-12-02,-97400
bca-ecf6c85a1f949889013ccf8fd67afbd1,2024-12-02,-60600
bca-183edb8efb640bc7dbeb6e595363bb3e,2024-12-02,5300
bca-379c4086e82ba1d9d43562671bfcbb54,2024-12-02,61900
bca-7799dca69facbe0739de9eb4e422dabb,2024-12-02,-21700
bca-9307350130574dae16a704f8552e8673,2024-12-02,4500
bca-f5d69eeedd983b04ba1b7663676672b7,2024-12-02,23000
bca-ff79e0bb8704e0d576c473e652593e8c,2024-12-02,57600
bca-df6cb047a570d2365c3f7da5e9dc779b,2024-12-02,54100
bca-5395a3d3f22e845c1eebb195218faab0,2024-12-02,98400
bca-7a329df1889d33f45c1a86730819750e,2024-12-02,89300
bca-d6079c82920b3840b20adfaa38cc00b7,2024-12-02,30200
bca-f9eb6914240ad14569e5505301a7c476,2024-12-02,5900
bca-a5cd9299dc0c675779ff52087550f508,2024-12-02,97100
bca-e1e63b281f80994d6d81ef2a7715e571,2024-12-02,4900
bca-fcb1cafaa30047b35d1ba22972d516f4,2024-12-02,77300
bca-73a91705c9e9da24dff009fde433d8c6,2024-12-02,-18300
bca-ae7a30badadf5d4b4b472f3c54c57265,2024-12-02,-30900
bca-5b937f8b15b8abfc59b8df4dbff4a527,2024-12-02,81600
bca-256529bb9c4934c38ad4ddf45281c47d,2024-12-02,-45600
bca-3a12981228ebb11a9176197e851612ea,2024-12-02,38000
bca-f5ae0bbd3140791ac9a3e4709af85977,2024-12-02,2300
bca-6d53150aa2270fa60377c8585d08ed5d,2024-12-02,-47900
bca-3df89aeeac9296ead0bbf08dd209c9c2,2024-12-02,91400
bca-91cdf79e44cc67a9ffc4e30d3a66282e,2024-12-02,31500
bca-dbe5d604d9f7584731eb3588ffa87f50,2024-12-02,17200
bca-f1382a6ee6a3d01ac1a7bf05a7f414a7,2024-12-02,-34600
bca-f8a9e32d6542efb7c4febc5b06c7dafa,2024-12-02,-31700
bca-8c5d90447e71cc1e745f9276d5326fed,2024-12-02,46300
bca-4cb0bd8b169e7934085a1a9c32f4aa77,2024-12-02,-12600
bca-7b451026e39213df1557f08ce270a8fe,2024-12-02,62800
bca-8140262966dd50df5a86655512c555ab,2024-12-02,-56000
bca-399cd95eec53ca95e5a22ecc122edb56,2024-12-02,26200
bca-6b6b8c4aad6a5d597140c1719fad0a41,2024-12-02,-54200
bca-95f11681207fdf48e1d1894a2c3f9d2b,2024-12-02,-21400
bca-9b94630aef955de76f3f8023b363b2d0,2024-12-02,59000
bca-db2df979a4915a365dd12b5bfa7f4d0d,2024-12-02,7400
bca-c849a8cb5bda927daf6c4ad167238b57,2024-12-02,-92800
bca-229fb20032136e9119a26d1ae4b8e82e,2024-12-02,78700
bca-c621bf0fec14ab1e7993da006ff0f7fe,2024-12-02,78400
bca-d1063310e2de0bf664c2fde498b963a6,2024-12-02,14400
bca-0d72738c2113cb331994bf431238bfd6,2024-12-02,43500
bca-e188bc79f208b67f24b0d216fc9b48b2,2024-12-02,71800
bca-c09e4dbc1d69e5c1e4b298b9eb62cba2,2024-12-02,3400
bca-8106aeb1d7f623c13dcb2f7c5ac161ff,2024-12-02,-63100
bca-566943bae76753f7f82ba9897e4d664e,2024-12-02,-81600
bca-0bf5b23948ec1431307cc3db79bfab3a,2024-12-02,2800
bca-d6c93bd64532d1ca1f1700f2eea8c61c,2024-12-02,22200
bca-691126ac743c09171f4a075b84d8d2ec,2024-12-02,72700
bca-25173fac4894cdaa41ef5fd335df2acb,2024-12-02,81400
bca-91c0e67ca1139bcc3a47e2e5caff5912,2024-12-02,-22200
bca-0d2bfc2ac3b29a0bfd8dc38eb1db802d,2024-12-02,87500
bca-51a3bbbbdb4a923b0e570384399dd431,2024-12-02,24600
bca-6d98871cf3b114d60d479299b5b44a16,2024-12-02,19700
bca-8e9ac8c2abeef5cb2e3aba8bae7d031a,2024-12-02,57600
bca-6711f0c93ef4e051853f91661f405d64,2024-12-02,5200
bca-38e6c58a93714950fc58332d3b71bd42,2024-12-02,12300
bca-a62b6f5d3c10f8f6cfd05f835fbc6394,2024-12-02,76000
bca-6d2c35ff2b16c212868726c14bda7d0c,2024-12-02,-76500
bca-c88abd18220db348840c912f53fd61a3,2024-12-02,-29700
bca-67f0d8295a47694550514107d86b1618,2024-12-02,74700
bca-30182ac413add3dc4fb3933ec673ec25,2024-12-02,41100
bca-be762cb1abe52634bbd95d2c2bebbf3f,2024-12-02,-56500
bca-8330b888901e94fe1a1c6a9ccaeb6fe2,2024-12-02,40600
bca-5c08150218607d5d86786d70ad2e90b3,2024-12-02,6200
bca-62afda989a524db6e0f3f0ad87bdf370,2024-12-02,52400
bca-e388b687cc0855ecdbc027b7efa7143b,2024-12-02,10700
bca-b4bca0050b5ee40f751b3b9e9b8cf078,2024-12-02,49900
bca-6e25895a4467c2cd7dc7f08d5e45a8e8,2024-12-02,81200
bca-fec9cdce633b811dbbb60ae983c8e597,2024-12-02,-91000
bca-ea95461b84921271dc6668ad57043baa,2024-12-02,94100
bca-253ffe85e7a568072e62c1ac2f34aaaa,2024-12-02,81900
bca-c3ca7a2f049e49bf14d20562d2defd0f,2024-12-02,36100
bca-b2a913efabeef88c8d8aa9722af88573,2024-12-02,77700
bca-1e6644a5e13942f7e8781bf66204fc2b,2024-12-02,55200
bca-b958695a20d107dddf6d4d34d4d03327,2024-12-02,-15100
bca-2190c14c7e593861701e7fe2fea2abb4,2024-12-02,53300
bca-7f71445134878d648424a19233b366c9,2024-12-02,-46200
bca-8bb8f5044f635ef5219f0af090512b14,2024-12-02,-47800
bca-3a413b470bd57baa57dec28dd6851415,2024-12-02,18900
bca-62604dc0c86a3b2f33115f070891ce5d,2024-12-02,4800
bca-22215160a3c6ee9949779b282828480c,2024-12-02,-86600
bca-b7ca2ee79f0b4ba7a8794b03bec71634,2024-12-02,-8500
bca-098ad66c43269172a968480f3702c179,2024-12-02,-52900
bca-b9f5cd0d3509a551d9c3f4f76c555a4c,2024-12-02,65900
bca-e200ec1c928bf82165f2bfac93a17dd0,2024-12-02,43600
bca-5d171e6954379d132d19e776baf494c6,2024-12-02,48100
bca-f677812415ab8388079f4760ba0d06f4,2024-12-02,61000
bca-df2a827cef65d74cbbda59ded7ce89bc,2024-12-02,48300
bca-bbd88f484102202c5ffab02203722dfc,2024-12-02,-49100
bca-329a3865858a89a1f3c6422f510bd06e,2024-12-02,-95900
bca-588cf16b9a98ce2e8eedfd86bc84c635,2024-12-02,49100
bca-24e5713b026a614a40a4702550e8ca42,2024-12-02,-72000
bca-8bd1e286f27dbbe13171c3a9412b1c26,2024-12-02,84700
bca-31b792629587687cf7fdf1b5e64d5822,2024-12-02,28800
bca-cab1d85be6992f325e9a83e6cb569471,2024-12-02,54200
bca-b21af39c2db6fa33952200ce76a00a0a,2024-12-02,29100
bca-f440bcbd798a6797f5dbf4bef1201775,2024-12-02,62200
bca-547fabb37831b8c23c720fd32a3c124f,2024-12-02,61100
bca-074e173659c99412480735bbbae9a613,2024-12-02,88700
bca-9828542dfd9d6fdc2d66a14fe4751901,2024-12-02,21500
bca-99ae3cb114ec22f3c10de223c02e64d8,2024-12-02,27800
bca-bc0dd3401443f144c9528485dc98c88b,2024-12-02,59900
bca-9448fae9ab47fb99bfb68a98d2ec87bd,2024-12-02,12200
bca-a085576bc16c3895d58eaf1486e075de,2024-12-02,-49200
bca-b3bb6007c98cc8ecdbb8d4f6c2496f11,2024-12-02,16800
bca-8de44fc5beb4c573f1229de5786805f1,2024-12-02,-57200
bca-1f5221cd188ddf6f5d3250182c9ae003,2024-12-02,99200
bca-b3ac3bd74d35b58d647a4bd184086f7d,2024-12-02,92900
bca-09f3cdb6feb5a09f1ac7e2cc0bf6fca8,2024-12-02,89300
bca-e501244f248e73910558bda1ef62be2d,2024-12-02,52100
bca-811b55d4f5739ece8c6bad231740889b,2024-12-02,21300
bca-49f2f2bc896a0792ca42e81b2fe44c7b,2024-12-02,28600
bca-fcb8c1addc62673d2ecc38a648546ed4,2024-12-02,60500
bca-14fa816e254e571a666a741a39ca88ec,2024-12-02,81800
bca-599698f15b87361aee87d8ede231ee9b,2024-12-02,25600
bca-e01699724c37eee1559f838945d02187,2024-12-02,76500
bca-3317d487b49c380081d93a28da33938d,2024-12-02,91800
bca-ee083c8738fb670cc432721b3a5063c1,2024-12-02,31600
bca-eccae043f35bb1c0a5f9eeb045ccb7cf,2024-12-02,63200
bca-01aad1acda15718e3613509ab92e5d7e,2024-12-02,13300
bca-6dd213701b4439fb45e3756a9634a597,2024-12-02,73700
bca-ecf7c5b5af63847c73633fda17cff758,2024-12-02,99400
bca-a97a7ac71acc514f0437a1e3a1e3ab50,2024-12-02,5900
bca-366f9f1c9e77fe0dc4ad27c171ff7d28,2024-12-02,-87400
bca-b36f3b0d3a774d4ef3a2fabdec2a7cdc,2024-12-02,-5100
bca-70d0211780e19b09bcf012615987e8fd,2024-12-02,32800
bca-11c7ba7f106ea7032c825def764dd270,2024-12-02,1400
bca-7f4c4aec4eab5b732a2e202fd86cfcbf,2024-12-02,2300
bca-b620746507d6121c8e56340b3c792e81,2024-12-02,83200
bca-09642fce6a5bfccff03900558be38609,2024-12-02,80100
bca-b6395e696ef52b3d8b7c549f957a6c5e,2024-12-02,83500
bca-fe4580e3c922427df777f4b1fbbbe6a5,2024-12-02,41700
bca-9eed3c4417ed9e840b37e9e19ec3af29,2024-12-02,85800
bca-5905a67b233d365c270688c742200f5b,2024-12-02,37500
bca-34a46dd25ca0accf03d5fa8a0adba61a,2024-12-02,60200
bca-bc248ac4e781daf035abd6aeccf44521,2024-12-02,19900
bca-55f5ae30e9c26eacb252714e52b29dfe,2024-12-02,21600
bca-f6b23a7ab90b528a105fb86a54572f52,2024-12-02,35100
bca-35da31a2e863526203cd94f55de206c7,2024-12-02,74600
bca-7fc91e1a396da065d3021f9cba798b8a,2024-12-02,-39200
bca-ac536397271e4a41c44f88eeb73bf4a4,2024-12-02,19300
bca-8c1f8b87cc9f14294ee336eeaff254b0,2024-12-02,12600
bca-d1aca812d39ab605badf6fae7b77fbc0,2024-12-02,57000
bca-33c1e221d25ea87c39c6a5968f0cc1b0,2024-12-02,4400
bca-2c3cc151a99d838d2c4197c490f3f377,2024-12-02,44400
bca-f3778a942713b3f0b04a1ae4f2e9b2d0,2024-12-02,73600
bca-10708d6a7b03db0ac99422e9bf3ca5bd,2024-12-02,-57800
bca-b521f99723314f4c2a22b9178c2bfe94,2024-12-02,-57200
bca-abc308c015bf74c0c75cdf86e2b431d6,2024-12-02,97500
bca-953661f11e0281c7fd61b7abbd8ee72a,2024-12-02,76500
bca-c278d509ef8d2f0c5d883cd376b55f62,2024-12-02,-68100
bca-dd0533295be9bebe39f3187bb89fd498,2024-12-02,7400
bca-bc8f0a09976afc747f62158697460245,2024-12-02,-8800
bca-b19b1ed8f853972124f609a6aeac840f,2024-12-02,11400
bca-0601834791db229b1b425aea303b8f12,2024-12-02,78400
bca-585ad4a5c51fd528f4fd7e13c47ba95e,2024-12-02,53200
bca-a60044b6efdbd334fe4b650f7ebae2a5,2024-12-02,89800
bca-4f1f3b51a31c4d5a981ee41a44ac8125,2024-12-02,47300
bca-66fa6e411c94fc20c7fc4f4df78f0624,2024-12-02,22300
bca-b23ba8422cf0c453f0ae3fae79a2e5a0,2024-12-02,20400
bca-ad33c9692ecafb537378e3a8f666872d,2024-12-02,12900
bca-c7eeba1f7d1292525cd5811f59257ddd,2024-12-02,-62800
bca-de3dbfcb45d5af075a292c9d704a5d82,2024-12-02,18300
bca-726eb166d46723e979c9d0c0fca9f676,2024-12-02,1500
bca-0defc394eeb1d9870c8f8c4effe9d6b3,2024-12-02,85600
bca-24936a720ef2d9a03d193c9356ccbffb,2024-12-02,-7000
bca-01ff800b3eb06c281dbad0ab3fc4ec6d,2024-12-02,7700
bca-96df7f2a7b8bcfda19f451d7fce9ef2e,2024-12-02,-29000
bca-20202eb1d56ccd07835eff9d55d773c3,2024-12-02,46400
bca-2d658efc09a21db5552baca891da4feb,2024-12-02,22100
bca-d219cc696fdb54835b73f9043b1d1125,2024-12-02,-10800
bca-c567fbdd0c07582625ab7815d6be6a4d,2024-12-02,-20700
bca-6bb52e7f7f33b2e55c7c8e0a471617bf,2024-12-02,66300
bca-902b2a4db14cc5ebf5f7330a3b838fbb,2024-12-02,78800
bca-886e1b0364b2b0d59178847d707686f5,2024-12-02,23000
bca-6280cf769496acf90fbbde96c5c9b37d,2024-12-02,21000
bca-66ce59d5d85aa43a348ba54361d18c1e,2024-12-02,82600
bca-e458f5e83bdaa2e85f8befa9c6c1de16,2024-12-02,67500
bca-a4457ede024fb27c1de690014a1ff85e,2024-12-02,2500
bca-908d04bfe45be60368817da8b7340e8c,2024-12-02,73700
bca-2fa6dc629595c5360541830a0a7c01ef,2024-12-02,45300
bca-5fb73a1c2a79089c157daee4fee1e513,2024-12-02,86100
bca-6866244b9f121db85e4fd35766e1334c,2024-12-02,74800
bca-39d38eaecf24b9557a6114da04ac49d9,2024-12-02,27600
bca-de45deb1e04bcaf33e601d2c45088b59,2024-12-02,-72600
bca-80b4950a8d36be9426916690f24fdab0,2024-12-02,8700
bca-3ce50f9054dd60bc56fd9fc4ba7fd422,2024-12-02,-72100
bca-2d51e5ca1cf7d932b0ab5e3162cab258,2024-12-02,55300
bca-506354ce8889426b4705dcb3e5df5ac9,2024-12-02,26200
bca-76b1105d3cd3d2df07a32306433e2eb2,2024-12-02,-37800
bca-e23e89e464cdac6e1ecdeae3f28d1650,2024-12-02,7800
bca-c034404eb49a21817291e4112433ae46,2024-12-02,23000
bca-0d0fd95f49f64e5d4b814e82785a7e38,2024-12-02,-29700
bca-805d58b3d2d46df2a8313ae82c553e92,2024-12-02,-12900
bca-d1a22c6aa82d2f2de4f1dc60e823fdd9,2024-12-02,11400
bca-551947b2f81c0c591148c77526e4530e,2024-12-02,59400
bca-d735abcbca483be6821d5e5ec8badb5d,2024-12-02,72200
bca-b10b5fb11286b16eb4d22af3ec83445a,2024-12-02,59000
bca-6a2264a77abc2b40d31407d89f2f758e,2024-12-02,72400
bca-d21d90ae2c5d5ebf560483ad46088667,2024-12-02,29900
bca-0a06632fe5db26057196993166ba4806,2024-12-02,66000
bca-1bbd41b6358a511183afb1586bb3e01d,2024-12-02,43000
bca-9a6c4fd13d69310098cbc9bb87072220,2024-12-02,79700
bca-e665b6ae701e5be34426696392bc492d,2024-12-02,-71400
bca-f05621d9a10ec4873fb731a3d46b4a8c,2024-12-02,8700
bca-ad7b283545e61db1dc89a15514ba1971,2024-12-02,-74500
bca-42a7a7de316951dd604ff8e21ff2ab08,2024-12-02,60500
bca-f10dc1d30995791682130fb3c89b486e,2024-12-02,51500
bca-b679f8456438b2c5cd0a1876cacd5af9,2024-12-02,83600
bca-2e4315c2483c8086725d5847cf2c74bb,2024-12-02,-9900
bca-9114669a8bb9a358b9b3a50bdc249523,2024-12-02,-59800
bca-13592f52a3b52aa0ea42b6fa4c1f95b3,2024-12-02,66400
bca-61508ce55d2b1d36ea8b8b5ec454b0a0,2024-12-02,38900
bca-be8399e89cdd2dd12d774cfd4d7dc196,2024-12-02,-17700
bca-ce060c2590279bb925005263b6291226,2024-12-02,6500
bca-04bdb7f427ff43a21f9c8a51e959a7d9,2024-12-02,1400
bca-6b7e97e1573f445bc52481edc403340e,2024-12-02,50700
bca-f4715e58c5fbaa0b9d23136a47a2524d,2024-12-02,77200
bca-7db2ee794ec09cc79414c6133922e9aa,2024-12-02,69500
bca-5c398afc00afeee609febceadeaad5a6,2024-12-02,16700
bca-ba0d8ce84e62fa05c4702ad579481f03,2024-12-02,84600
bca-99b0bb1dbbf14d12762c7bb62a0f7ad7,2024-12-02,-49300
bca-f8789d142753389eecc7cec90599b982,2024-12-02,99000
bca-7a3c827469cba12a9996d8b8ac0ef77a,2024-12-02,7100
bca-8bfa3d8728471aa73743cbaf97b8b64b,2024-12-02,30100
bca-660cac7f2011ada25c9a99fd7c6981ba,2024-12-02,49700
bca-dd539cc2d64cb8fb3fb8608815bf38ac,2024-12-02,99500
bca-6a84bc2592584b110a51d7a7cb6a7efc,2024-12-02,26900
bca-61c59098e2283aff3066b44ba4703856,2024-12-02,79500
bca-11153370aa8542510827a10030646dcc,2024-12-02,-29400
bca-46915fb7f551fc072181ab852134fa2c,2024-12-02,54700
bca-5668668dfe56cba65ca85f7c98786ae1,2024-12-02,69900
bca-7fb644612f85f976da8d7316ee80548d,2024-12-02,65500
bca-96005b00ef89080b7cb08b4ff862a5c6,2024-12-02,10200
bca-7fd9ebf096bb7220a9e4e587b91803cc,2024-12-02,3100
bca-d1b335a301be0e1063d519abd12f67f0,2024-12-02,25600
bca-ba05726ecde33500393ea3f337e9df51,2024-12-02,96100
bca-af3a14fa63343c7130204718cf554300,2024-12-02,-52000
bca-699e1e8232c8871eae5d6e509d428f45,2024-12-02,27600
bca-18dc4bfc5bf0bf783d4a586bcf79f4b8,2024-12-02,82800
bca-26b0e62eedaf86cf0a68a19bdb4a7b22,2024-12-02,43600
bca-786eba5357ee2e226018b9d4acd061e6,2024-12-02,51100
bca-3bee9f29d9b3194f5583be81944577c8,2024-12-02,53900
bca-b651c10e12e46b1d50d98bca38426487,2024-12-02,-64200
bca-03e50c482850d797b2f40580839ca3bc,2024-12-02,-99600
bca-9ab974fb8e72fc6bdb9c70902d11fa2d,2024-12-02,44800
bca-d0d596d8b20e2dc7d42c1519e1ce768f,2024-12-02,72500
bca-6244bc6debf794ba9590596379fce606,2024-12-02,-21900
bca-28207b109882486e19b3940ff0e8b443,2024-12-02,4400
bca-aec098c194ffe48b65fd22258dd145a4,2024-12-02,10900
bca-7820317916b5f48ad435e4775bebcc1e,2024-12-02,18900
bca-a444b2057fd0f1f28dd140bf0537185c,2024-12-02,-4300
bca-62cb48136fda0fb8102b64cff5bdd87f,2024-12-02,-78400
bca-08f8a3adfeb06e2b0204d2703f06ce72,2024-12-02,-89000
bca-afe0dae4bee40c5f9f2922da302b10fb,2024-12-02,18200
bca-74636edf090c07fc6139ee729c5385f4,2024-12-02,-30100
bca-b6a75356899b7901a26d51d05667cae5,2024-12-02,59200
bca-dff39eeb7a010ab66ec6f1cbd31df29c,2024-12-02,4500
bca-306f485903abbc8bd1787c7230e7dc3b,2024-12-02,41800
bca-5503572e97f8c7eb062e19a20ed15a58,2024-12-02,30600
bca-c2993ebbfc9bf25492435afb8fed5938,2024-12-02,86400
bca-d38560178cf70a1be3d07a414bb0d38d,2024-12-02,95000
bca-0b24a2124c752941d693e0bf20323190,2024-12-02,24200
bca-ba026809e16516e3c14539335faa65cf,2024-12-02,87800
bca-0d3e4f6130fb3b1acce2a4954b3b4601,2024-12-02,-23700
bca-0a923d9a2597e1c56d573a445addccb8,2024-12-02,60300
bca-799b345b9ad5d0aed8f7ca4bb0a788be,2024-12-02,60300
bca-ddbb9285e57199debad506fd0206e4e7,2024-12-02,-50100
bca-794f47785fad266c4b3055734d653786,2024-12-02,-18500
bca-9f3ff3a36b13fdf5e5c0eabcc324ec98,2024-12-02,49100
bca-ea35bf9f500231262285fd7030fe2f76,2024-12-02,97600
bca-7f17585f0b44a2d814c12b870b7e64d4,2024-12-02,90900
bca-cf80e8475584a61321a2220603b8c977,2024-12-02,42000
bca-924a3efe3e8826bf724a0f0d1a2c9b1c,2024-12-02,51200
bca-b14255f2329e70352adfe6296ebb673a,2024-12-02,37600
bca-2cfaf2c1cbc56cffa9b2eee0021b7a88,2024-12-02,76900
bca-2b7eac48d61659d84590f991b0c6ce38,2024-12-02,36500
bca-538bc81295a2d1fdea618e0d8cc5fc8d,2024-12-02,28500
bca-d8ae51cc6f46005d4f3d621c6ebf1da0,2024-12-02,-50400
bca-239b6da3f1718e4645643db3058aa33e,2024-12-02,5300
bca-cd8cff83bf815ebb95a0b70b35f34ec0,2024-12-02,31800
bca-c0a55d8590d6d251d12d78fa5dadab65,2024-12-02,19500
bca-76bfff8e87569f215790625590a6d64c,2024-12-02,-8800
bca-0bf17ec07fdb5811814ef6720f36b232,2024-12-02,90100
bca-0fc340e801886ff42e61ce41ace6059c,2024-12-02,59700
bca-547d57239378e45989b5893ad863c5a9,2024-12-02,-44300
bca-72f23f2be9bc7a5455f73278f6aaee08,2024-12-02,95700
bca-7b6cd76f5361a0ef1a6b277d135e052d,2024-12-02,7400
bca-d3ee75ae3026b57339b6e295c0ed3869,2024-12-02,-89300
bca-437091d98803ceef88eaddddcf3ec67d,2024-12-02,26900
bca-0a0f46e62efebcc997a541809ff02fc7,2024-12-02,68000
bca-4dcf6a2ef9f52ac7475499056f9579ac,2024-12-02,73600
bca-e31f11143a0a5f1b927070ae1830ba06,2024-12-02,23400
bca-8e04a17e89241171784f8239cd379090,2024-12-02,64000
bca-2b5aca35fb0b026b377173ce8320e6ff,2024-12-02,41700
bca-b957d658003fc5272897139866688b8a,2024-12-02,39500
bca-80c1efdb9defcc3021355d2fd243e546,2024-12-02,26200
bca-7ab61978c228198207ca911888d35b49,2024-12-02,47700
bca-614172bcf431afe8716122605c0179ea,2024-12-02,32700
bca-d57e235ba7d5ddf4790b18695eb0d517,2024-12-02,13800
bca-b12b2418e601f619a1db8d5741495bdf,2024-12-02,58300
bca-112de223c72e5ef8dbf96cb5473eb523,2024-12-02,70700
bca-7c4ba2617a0e8c230539707fe1895d29,2024-12-02,56000
bca-ac58e4cf2915f8d3d2fc45cb48b48465,2024-12-02,11000
bca-e5817e875c7179189e675d0f681758ef,2024-12-02,-88700
bca-3e4f139c08d0fa1afdd796600db938d9,2024-12-02,58500
bca-52f8caf33493ce580100e5b3b03246e5,2024-12-02,41200
bca-a5e4c7df564fa2f4478498dd0981dc8c,2024-12-02,10100
bca-ab8d91b3b70508ad6af0ac7f3518ed1a,2024-12-02,99800
bca-3a941fa6e52d5964e44cfa2ea1d3c4f6,2024-12-02,45400
bca-2f2bcec4b1d9ac3981fa6b7874ef4fd8,2024-12-02,46000
bca-be64d2548a705e4b2baec0b55b79f89e,2024-12-02,86300
bca-4b6d5eadfb5d865c88985650ffaa29b0,2024-12-02,40900
bca-eedbed4ec2ff73a822b4fa12b93ecd84,2024-12-02,9400
bca-0f5f6422b07a770e39744322b4f96355,2024-12-02,97800
bca-8525d11dd3e15712421e4b3dea03e574,2024-12-02,-84000
bca-2ee048ed24de9de63a817509dbbaf025,2024-12-02,-31000
bca-9da8197695fa58f0095d6bcc69b81ca8,2024-12-02,-80500
bca-74472563feb78cab0c62cf806a5169a7,2024-12-02,97000
bca-37f16f0c51b45670d8dcd5fec2c82088,2024-12-02,59400
bca-5d324e06879302d77e91366bb7d19c6e,2024-12-02,61800
bca-46c617202c67093369d5235a10a87c66,2024-12-02,49200
bca-a1defc1122c0910f308b462fe7420f11,2024-12-02,-55900
bca-bdc38ae5b32f0e1b92b95831988709d8,2024-12-02,69400
bca-1c73b417667b7235627675552ba21c39,2024-12-02,65500
bca-98446c66ae92546ceb5cacad0a1855e7,2024-12-02,71100
bca-f8e42ab1f429de9fb58b79f01bceb179,2024-12-02,96000
bca-f34466545a8cc805b4a5ef6fdcd79c66,2024-12-02,74000
bca-43bd11ba1e5182c2e6e913e0dd54227b,2024-12-02,70900
bca-4f5fdb921a3e98bf87ec105885ed9430,2024-12-02,74700
bca-cccbb2aeafa6dad9f8f1a0064b63f0c1,2024-12-02,35300
bca-92a8759caac2369ab932495134dac3d8,2024-12-02,22800
bca-7958c46786d694e06f0f28f064c94536,2024-12-02,-51000
bca-811feb5d61a91b00a4bd5128f47cd2bd,2024-12-02,67800
bca-6f5572527634466cd225d16b690fb44a,2024-12-02,20100
bca-6aaae81e5abca8d7255d0ecf9c80eea1,2024-12-02,93500
bca-4a0d62acab3f59cecab6e8a84051cb9b,2024-12-02,99700
bca-bd5d744e36aca3308207d06ce4e3455f,2024-12-02,56400
bca-c8ee8729c4a54904d3114c5628bd474a,2024-12-02,25700
bca-0cb669b82eb7a06b40e564a29b23a1c3,2024-12-02,83800
bca-de417a398551eea2dd18f1a115357c5d,2024-12-02,40100
bca-f2f93fe7e6eb8989ca384eb3d1b2b81c,2024-12-02,-92500
bca-f536fb315e12fde13662829c8171b8ae,2024-12-02,3800
bca-c24d986f0c6d4eaacf643a8cef57bfb4,2024-12-02,-78900
bca-51def6120f006e8ec6e952e30b47bfab,2024-12-02,90400
bca-55f0a1bf3dd0ff0880d626281560362e,2024-12-02,-95900
bca-a0f5e2f8a97a92f1a2f7b58aae0952e4,2024-12-02,62100
bca-1c77a0ccafaf628da6159b04d3415809,2024-12-02,16500
bca-68ef55d0ed8a58d7669dca9b34903631,2024-12-02,-92400
bca-21955753276d7dc9aec4b6c6386505d2,2024-12-02,50700
bca-90183f1baa3c3d63a9621ddee3714fc7,2024-12-02,57300
bca-5b1351eeab6eca28a0deea5db6a70ef1,2024-12-02,33200
bca-331c9cb2d9c96d0b77cc15b56f27ca8c,2024-12-02,-36400
bca-87a1b2c133df55264bb718b55c22724f,2024-12-02,16200
bca-1f5a857cac6a9da7124bb0b2172648ec,2024-12-02,-12000
bca-bb43a352e4eb99573b9527982a3bb3e8,2024-12-02,40400
bca-5119198c78ae11f73f9826b8426afd4b,2024-12-02,45500
bca-dc6d70d96adf2ec1a9b30d799e8424e1,2024-12-02,-72600
bca-de5d33c704aac8fc06dd480d6ef2ca58,2024-12-02,76400
bca-c90f4bbbee7ca972e8a4cd2f673f1558,2024-12-02,37900
bca-bbb055549d5d8973d09a7b3b071e7f22,2024-12-02,18500
bca-17816244b49d245e3714ecc9bd34c745,2024-12-02,-97300
bca-c9a8f4b33816cba323e3f21ec93f2aa9,2024-12-02,55100
bca-cef7397834fb8e57175a9666d6adb153,2024-12-02,26400
bca-9864434555f252bd1c662c90e0b966ab,2024-12-02,36100
bca-c1ef2494c65bf83843297a727884317c,2024-12-02,57600
bca-307cf5fa1da62219c02db4eb4412a340,2024-12-02,57900
bca-590a55a65ae86626fcf95d6beb91cc47,2024-12-02,-53800
bca-340cc6cfab2197ccc2d8b87c06796455,2024-12-02,56000
bca-9029812bdf9e8c8778034b3e62f265d3,2024-12-02,-4200
bca-52de3b60b96d9266b69f706c2443e50d,2024-12-02,49700
bca-28b446f41d3321f09e42a4a02985fde8,2024-12-02,69500
bca-8cdff3edb4531591c7dd84e0888dd56f,2024-12-02,-63300
bca-4280540f304dd5ec2b5fbbb0e61f59c0,2024-12-02,18200
bca-9efab944ca9a87d38f42e10c6d80b721,2024-12-02,77800
bca-9db1e3538aa86d26f845cfd2fcb5c886,2024-12-02,91300
bca-e53a36254423ca48d21c9a7df3b3d3bd,2024-12-02,58400
bca-7b2b7cf148a9a034126b37696a136b92,2024-12-02,-49800
bca-76f7ff44f1f3731d799e0d7f3a6ed811,2024-12-02,87900
bca-b20bef69bdc81ee5d620c64288c54c5d,2024-12-02,17800
bca-1e6a1e04e4157ad31133563a26fa4d78,2024-12-02,63500
bca-01ea6a20e428c6475bf31b48c10ab759,2024-12-02,14700
bca-e6e414fdb22028bc1485200e5bdc5267,2024-12-02,-78600
bca-26df15765ecae09c442f8c744b77e9d2,2024-12-02,22100
bca-5d1562b179ae31735c019761245dd022,2024-12-02,-54500
bca-8d249f2899278b6624fe0b084ff23c66,2024-12-02,9100
bca-24cf991b46d38cfe2586d1ace9790cfa,2024-12-02,55500
bca-4da23ed01a4b6a7cd0befdc436c08c89,2024-12-02,-59000
bca-4631bfe8f6ef3df79757b47f8bfdbdfe,2024-12-02,22700
bca-b3d40f083f112b4942b476f803ffb408,2024-12-02,29300
bca-8bcb27c8030fdde858965b2d7672c7d0,2024-12-02,93700
bca-4cf9719923fd3c861b7436c6510e2647,2024-12-02,-2000
bca-c962176fafbc5c389492bda46a18dfe7,2024-12-02,-98300
bca-50cfbc437b0206ccf24eedbccbb93419,2024-12-02,-35600
bca-115a19c81ad1bfb23e1ecc8c9767da20,2024-12-02,44200
bca-3b1567d737986c5e61e45a9a6fb9723c,2024-12-02,-94600
bca-52f3f5887bd111c2ca6c44da10c9e96b,2024-12-02,79800
bca-b18ae510829fd7e1af3e3cf652ecdeef,2024-12-02,81000
bca-a09c2cc2b20af6f22cae7f07c358b2ea,2024-12-02,9500
bca-f41a9a103adc53094e6267b405147f6e,2024-12-02,31000
bca-9f5517f35b52b6cf6cca209a1b8add68,2024-12-02,-26300
bca-ee4cda1f57cce16d5f37b9aba3095380,2024-12-02,93600
bca-4655660b06257ff549564ebacc85a6e9,2024-12-02,24000
bca-4d65db590388b31571fe4c0c3a883dc7,2024-12-02,34900
bca-b01e70134ef6242b3b579da0ada908d0,2024-12-02,14600
bca-7df6241dfec113db0ea6d9d05432bf98,2024-12-02,-11800
bca-8aba300ae0e7bbebb33e21c65993bd90,2024-12-02,41700
bca-38aa3cecf82206bf1d758c3f46bfdc96,2024-12-02,79800
bca-503c5f00a34c322d5722b1ad9acef47f,2024-12-02,27300
bca-a8cf2eb65da97c839834de143a9f7f80,2024-12-02,-28000
bca-b39ca82a625806a094c3413654593eb2,2024-12-02,16400
bca-0c78e492c3364901caeff982c77820d8,2024-12-02,13900
bca-172ecf3edfe1a89d9d256577279644b9,2024-12-02,88300
bca-36eb7c0b7e3cf7b5f323c74f0f744bee,2024-12-02,89200
bca-6bbce330f32e34761c716685f04612f7,2024-12-02,55600
bca-6b0c4ef6513967bd730b22013a43c1dd,2024-12-02,53200
bca-542703380da2f90ac612641e49ec16b6,2024-12-02,-73500
bca-f2396126f45a2cfc8203572907682779,2024-12-02,-55400
bca-d48818be67df62d5ef14b724d80b7b11,2024-12-02,20300
bca-78f09dcf7570adc62cf4dcfdac390d87,2024-12-02,41100
bca-38dedb625d0584eb21d6a527f081491a,2024-12-02,98400
bca-14b759271d71c6606e1ea10561bbdefa,2024-12-02,-97300
bca-a2d81cb0b45ea6b845f3a55948af3d27,2024-12-02,47300
bca-4c0105c2fdc3eabea564ab4ab87b7e83,2024-12-02,24100
bca-fde604592ddebc486594f0f845497e12,2024-12-02,1900
bca-d642e702fb24ca9a562799d12e3f90bc,2024-12-02,91800
bca-288a6c9960cb6223eb0605354a063d59,2024-12-02,4900
bca-88b6e64bffb0ebee0530a6422ea0a32f,2024-12-02,18300
bca-13ed6f072b494d16e9381d93b65151a5,2024-12-02,2000
bca-5eee760452b3178b481ad7086e02a93e,2024-12-02,91200
bca-253e443868a8f6e4d5c0bf3736bf261b,2024-12-02,59700
bca-f7a6efe79b5903132ccbf5f32924ec73,2024-12-02,52500
bca-907caf8de621ef4aa98a4a6fb3b0b3da,2024-12-02,81200
bca-d0213668cee2105c65840efb1f2e05b4,2024-12-02,16200
bca-13160c76dc47da217c365f0a714c27c1,2024-12-02,51000
bca-157e415b751246f23f689be6a9a604db,2024-12-02,-63600
bca-20dd0b98766daeb6b04098f4e20b3c35,2024-12-02,13200
bca-d7cfc3ae6db221c4b79f212b9414bc03,2024-12-02,69400
bca-574659773440ac364caa1e28f2442377,2024-12-02,11400
bca-258b8aefaac7fa12a807a99712a6e0eb,2024-12-02,94200
bca-3447282db05b80e360bfe8472e418e54,2024-12-02,23700
bca-5e392b21bc1534447bdedf720f93aa84,2024-12-02,8500
bca-fb84785dbf3ea15874dba9e46958d5dc,2024-12-02,15300
bca-43f1fc875bd953fcdcfeb81d2e054eb0,2024-12-02,26500
bca-8a86ecdc2f916414e20d83794e7e38d7,2024-12-02,-18500
bca-0411e2c8dd6cd7abe60bd11ee985f33d,2024-12-02,71000
bca-a3df02c39fd055acc72c95504b8a3e2c,2024-12-02,58000
bca-9190f4cdf681b6f6cade6de6544f62ba,2024-12-02,-2000
bca-1f9baf798339f36ddf9800e7f10e15f3,2024-12-02,74800
bca-42a78de62c4df457d7798a4b6ea3f0e4,2024-12-02,96800
bca-b6b4dfc8ee603ee65ba834f864537c20,2024-12-02,13100
bca-b72d60f85ff57996ec91495e28faae55,2024-12-02,84500
bca-662858d9250b00bb28c3ca5300fa65e0,2024-12-02,-90400
bca-944527f5674a760827f49c875bb363ed,2024-12-02,7500
bca-0af329d90ee8eb6d467ef5a06330d69d,2024-12-02,98200
bca-2bbe54664b94fa46813338fe87ef78b9,2024-12-02,28300
bca-112d957b5eaebd51c7a1ff18f57ebbee,2024-12-02,-56000
bca-835356315ccce3c43c451289796c47b3,2024-12-02,26700
bca-e22dcbd3b58b7bc24c12cf1d7c8ce1e8,2024-12-02,22100
bca-394f96730cf014281351938346c46d4f,2024-12-02,61700
bca-1bf58d97582336ade1ed432edb8c0df2,2024-12-02,59800
bca-5391a6be453fbb5d2fd7c3a9421bf740,2024-12-02,61800
bca-cfa277e95ddf269448f116625d4de89b,2024-12-02,82100
bca-0f88f430fb46bc2b3a17e9802d2a02bc,2024-12-02,47100
bca-a2eb63cc18dafb77e682db702a599ee7,2024-12-02,18500
bca-99501518cef45f13fa3e48861c00196b,2024-12-02,38300
bca-56fb8eb24549be7ca01d3287fab7f618,2024-12-02,-21000
bca-0dc20f4933d113edb5172a70790c28b8,2024-12-02,-7100
bca-ef61d757e43a3ee7754aa701ee9158a4,2024-12-02,-77000
bca-52f567d8e115da970d10418f307af36f,2024-12-02,97600
bca-3be3064ca1ce034599e169126a519cc1,2024-12-02,-1300
bca-879ef9c5525d832e859bb406cd1e43e7,2024-12-02,-15600
bca-b6d6aa0616e81da5a198e965c8dba97e,2024-12-02,94000
bca-97a366c684ad28aec63a35f6064bc5bf,2024-12-02,54200
bca-0df9fedf71a845e9d903b039bb35feed,2024-12-02,10400
bca-6b5ee7ee13ad6c40604f5ddc98a2da06,2024-12-02,-5400
bca-f1e2d9121145cf86c034d2482e9ca56f,2024-12-02,8500
bca-32dfe40c7a6ce72fc223c5e42b760d00,2024-12-02,6300
bca-28ddd3620b1ee7953ab8949078305672,2024-12-02,90700
bca-18c5b3fd1f40a4ee678426db11f5e02e,2024-12-02,-73800
bca-7a6f3fc897fa79e8e0e030107f0538d7,2024-12-02,14700
bca-ca1f7aac47bf895988c920ddfa8cbcde,2024-12-02,28000
bca-9f464114f369ae2230396f4aac13ebd3,2024-12-02,77700
bca-4bfa52a01a2f50b9770aba2a0bb12f56,2024-12-02,32100
bca-f538738bc6f4e7c034db2bed01baff0d,2024-12-02,26900
bca-b9f464682c923f4a58612982a1fa87f4,2024-12-02,82600
bca-7885d0dfd982c7982bfd5caf5c890008,2024-12-02,13200
bca-463fddc248dcf5bceb1399b9b843473e,2024-12-02,33000
bca-41f68fa08015a93ef44082c2ba68cbb4,2024-12-02,-48700
bca-6a0c1e3bbef4fce23550fc316f95642a,2024-12-02,80700
bca-df99b39ef9e0a99d10bd72ecec7bf1c7,2024-12-02,89200
bca-0b1e6880423df7228028d38c45963312,2024-12-02,84200
bca-e564012032f75d0f23f85c93e91d7fcf,2024-12-02,53400
bca-4462d474fc406a6a6fa3e9275d8857c3,2024-12-02,44400
bca-b868fdd7780c1d49155c7cfb6ce8a944,2024-12-02,68400
bca-390b34c37ccec3cfd991dbc69b522b69,2024-12-02,60400
bca-424420c0556bae8184ab41db4bbc5555,2024-12-02,83200
bca-6ea07658b57f86da7f549355ed9ba180,2024-12-02,57900
bca-7ec86b22bea0a660d32891f434796017,2024-12-02,-94500
bca-637a89de9f7ffab6bca9479f7ab74566,2024-12-02,45900
bca-7a40593170df806f9ea7425ebc5dc8e8,2024-12-02,35600
bca-d77cc56d800d5ba4d21b6c506464682e,2024-12-02,39600
bca-0a3960e414baf6280ec4a0873211e525,2024-12-02,63500
bca-6e0e56d064f2f56a7f7bbe5dc2b7c524,2024-12-02,82300
bca-9e172b03408e242ecd1cc4a7b4ee6e1b,2024-12-02,77600
bca-e679e2d950180391b3b598552b106aca,2024-12-02,28200
bca-e6e19d9e469a92db347f012407083c34,2024-12-02,30400
bca-a5b77584b669bada6fd71ee5b7ebf43b,2024-12-02,-56400
bca-fe5ea8410fdd3f89779a83a7d42b054c,2024-12-02,12100
bca-f6975ea9a9a094d8dfe05ac1995509b5,2024-12-02,31300
bca-23c397ea4d3932614266a32ab4599896,2024-12-02,-57300
bca-20deecbabb16a2e18d31790e8ad719e2,2024-12-02,-62400
bca-75e69118799f759e09aab6171c5bbb9d,2024-12-02,98700
bca-c8515296416483660bfde7738275fe35,2024-12-02,13100
bca-dd225bd337f64a5881fa7779dbfd874f,2024-12-02,9700
bca-c1388da3da6aa6aab03cbf5642fcad25,2024-12-02,49600
bca-5f08d6a2a42f3ba6b4cef1876587fbbf,2024-12-02,77300
bca-3b4f459a2b5a166273619c6218c9f3f3,2024-12-02,4100
bca-b6676805aa4788670ad09f765c10c6df,2024-12-02,17700
bca-faac3214badd6198efa90132ca74e0ab,2024-12-02,96800
bca-585c9044bf3b9d4f5a567f6ca9893f37,2024-12-02,88300
bca-8025fb3fd468ab16bc2bdc943d994f4c,2024-12-02,-32400
bca-9def4e0453d973ecda0e655fff16e163,2024-12-02,7300
bca-6fa2ac3a53b67d74a92d2fd9490fe2d0,2024-12-02,24600
bca-caf4be2b2fe905c066141d910abca8b7,2024-12-02,70300
bca-92ab51867871f598593c544dda9f886a,2024-12-02,-18700
bca-d5d90b30f48a51c06eca5bc9b403a4d1,2024-12-02,-48900
bca-9d749cc3047974c9702551747467951b,2024-12-02,88200
bca-4f70a12088ce739f05c1a6136e656f7a,2024-12-02,34000
bca-ca40fb6ff13f271a3d8f76cd26b7270b,2024-12-02,13100
bca-89ada5a7f467821f721dfa0cca51e57e,2024-12-02,14200
bca-811b94eb35d306b4138f89fb7dd23660,2024-12-02,-61500
bca-4429e162483b778f6d918b8e43a8df6b,2024-12-02,1500
bca-4e0ffa23cf0414d533bf10871dc3868b,2024-12-02,35900
bca-dbd2fcc986891c1cfd524376e7c2d729,2024-12-02,-89200
bca-0620b5286fd36ec3a290a5be53f5f6a7,2024-12-02,95200
bca-0a4672f52e6ec68b3a425057fe8a4e29,2024-12-02,32700
bca-582c0c37ae78aa827c85b55524d75b0c,2024-12-02,-31500
bca-c075639eca07fb6c207edb32d9ebefe3,2024-12-02,46800
bca-ab5ee9e35d1fc31bb8b4b1afcd6be27e,2024-12-02,-65300
bca-e9d9d47119fdf0f92f507d7aa7d7805b,2024-12-02,-77300
bca-7681f28a907594f0dba0dcc109b3a217,2024-12-02,57500
bca-bd6bd4a8ca771697ab1f6e3fc2b602e3,2024-12-02,46100
bca-fb59ff98a9a7b8e61714ec003d5a0e55,2024-12-02,94800
bca-8cbec01dc68e1385aca26ad7479a5ef9,2024-12-02,23600
bca-1b126d82621c45339879cdef2ca5b9be,2024-12-02,14300
bca-d6861643113ad3e19b98d2c1f0bddc3f,2024-12-02,-1900
bca-eab18a6279ead08f0f48b2654b8f37bc,2024-12-02,17100
bca-91da1f730b061be12df93e4ad7387e0a,2024-12-02,87000
bca-ca0643ae466eb3dd5d7ea38e1fe838d7,2024-12-02,43900
bca-58abaf55781082977ea86b597153ddf5,2024-12-02,87000
bca-6877bb30e7457ffa44fbf28efe19e2bf,2024-12-02,26500
bca-8a28e59eb191919ae9c03c191e12817d,2024-12-02,85200
bca-8620369fea4b3f1d09d5fbce78c6d92b,2024-12-02,27700
bca-b215199de5b7617d8556a6704766be80,2024-12-02,69200
bca-8cad25d8c5c81afe395074a15154dce6,2024-12-02,67500
bca-dc2334d910051a3b2058cca166a203c9,2024-12-02,-6500
bca-05698b5fa6211434c30d9d8ecc745455,2024-12-02,74400
bca-cd66fa18ed5ea92d8dca83ad479c0f14,2024-12-02,54300
bca-e2f50a997d2c253d0c0494ecf868fb04,2024-12-02,92300
bca-b77d977c7555f5e698b6d4690cb0fb42,2024-12-02,75300
bca-a21802f36c2017520a7e1e18d619111f,2024-12-02,1300
bca-c9460a6e1cfbc0a32f1264ed07e9c0bb,2024-12-02,86300
bca-8a28ab336592dc163217ecf502663ded,2024-12-02,83400
bca-9be978ecd04462757c821d4a6ac36c9f,2024-12-02,30800
bca-979bafbbcc7f9676d74fddaff0bdb9d5,2024-12-02,92800
bca-db69a2794a01babb75d09ba3d2cc1220,2024-12-02,37800
bca-5cfaa4170002756c8498916cedf4c0e3,2024-12-02,-68600
bca-2b832e8ab3088f7727520ffb9a1c18db,2024-12-02,-70100
bca-3c0f6a9d185cf34db15ef3910eab8be9,2024-12-02,13100
bca-57ac96611f896c225035791135a15222,2024-12-02,5000
bca-c9777a98140989750e4b3c88aa5a8c15,2024-12-02,53000
bca-dd011b97e96ebf0b15791d42c08cb5ae,2024-12-02,96000
bca-1afc5d5bf592bcbc6a7e3c23ad28a17d,2024-12-02,62400
bca-89c2bcab6661ca919289a320507c5d17,2024-12-02,51800
bca-c55cb8963f3f437f43f54e5bf46f0b1b,2024-12-02,22200
bca-e0b8e90e1155b6472e0c6c6c6f5d30b8,2024-12-02,77200
bca-91e0b453253c14450555aafbb7b90e18,2024-12-02,-56000
bca-d14ed38a6d8b3549763d7de6a4f17413,2024-12-02,43600
bca-2fe7ab5b566a7d40c2242cd1f3133dbb,2024-12-02,27900
bca-561a055130baf02cf46d2bff250056d5,2024-12-02,72500
bca-26d471b6bc1e28f7bf9618105e7a3ffa,2024-12-02,27000
bca-f60e6441e189afa52c012db7b1ef33b8,2024-12-02,-32900
bca-318b61ccc4712c221ab39cdfc528eb5b,2024-12-02,29100
bca-85ceeb2c9c09333f677670a47b4362de,2024-12-02,8000
bca-a9d3d4c924199c910f2f7edbd1b251cb,2024-12-02,41100
bca-6dbd0a2f116344ba1bfc0768fd1f4f0f,2024-12-02,97300
bca-ea6a632419d3144dd701393acaea6bec,2024-12-02,77400
bca-bf413e12cba3ab1c40c3445a03726b06,2024-12-02,16600
bca-0a6ceeea8ced850460944f7944771010,2024-12-02,-23000
bca-c8f4a883608d814e95db3b658369485f,2024-12-02,67900
bca-8410e0738d6ffa796f351577ac0ebb96,2024-12-02,34800
bca-b86bff5bb61163d4106a2c0766ab38b3,2024-12-02,97500
bca-5801de150e627072a0a17ff066f77486,2024-12-02,45900
bca-9b4ba9e2ee3b1ea3880a2a07687c36eb,2024-12-02,-87300
bca-48b2001fd6c9c0e67b373fcc7fcc2269,2024-12-02,-78400
bca-ff721df7a33db34844f6be6d410009bd,2024-12-02,97300
bca-ea79f862b52f0ca0f3b613d292fbf3b9,2024-12-02,98800
bca-523f1bd661cfa8ab501596683304d8a7,2024-12-02,35100
bca-e14be37fcba79f945d931da39e811153,2024-12-02,33400
bca-298776f62964a563b9a4f063c377f08e,2024-12-02,43800
bca-333e4862c74b52e1ef445b0c7a4b79ce,2024-12-02,5200
bca-1c1f0993175e2ddf9872f4caf07328f2,2024-12-02,40800
bca-60de5d427cf40984adbf36d45c8a1af7,2024-12-02,45300
bca-d6dfa4d91f04371aabc24e6b9a16c958,2024-12-02,-74300
bca-7f89775ee105b78af917859bde55f6bf,2024-12-02,85900
bca-7771abc3c24e5c0c141ca129c90df4a1,2024-12-02,26000
bca-36cc93249bff55df73046f3f3c519886,2024-12-02,99300
bca-db9320bbd01317d7596e54f53f52c92a,2024-12-02,5800
bca-8481f2654b951f5bc404e3ad682f4135,2024-12-02,37400
bca-c6574b5b665cb918ff29150b89010b76,2024-12-02,-1900
bca-6a812a5369522695b94636d3352c34ea,2024-12-02,-71400
bca-28b0dff2453f222886c9dad803839aaf,2024-12-02,94300
bca-1878b3bf66f2e767b7ca3043b0516f15,2024-12-02,83800
bca-6b70d7cb163c33613cc243c6e3400ecd,2024-12-02,55700
bca-b6aa9043ddb4f4195614d42626148dfd,2024-12-02,40200
bca-239dc5bee8c927d0934b927e2f45dead,2024-12-02,42500
bca-faceb11ad289c42c551ae94497365757,2024-12-02,-30300
bca-314fcd67178cad7755436248054ccba6,2024-12-02,83700
bca-0813db8a43b54a5cd69b791ef21fe94e,2024-12-02,81000
bca-f8b537003ec65b22d0b9e429c7804930,2024-12-02,33600
bca-9d72c39d5b59d60918c14eb751517459,2024-12-02,4400
bca-592af39f19897f93d1f141c68a8e2e18,2024-12-02,41300
bca-e082949bdb7d8223c3f2dbc57a046c2f,2024-12-02,-32000
bca-bea2c8e0bf8f2b7f828d680eb6459b13,2024-12-02,66400
bca-ff4088347d1c5ffe3812305490b1ff47,2024-12-02,21200
bca-66aaa3724f834c64b1460e5899d22402,2024-12-02,31300
bca-0e27b49d9afdda9a3faa5d9dd6656f48,2024-12-02,16600
bca-8cdc8b56bf98d492d53d59a06e2f0c35,2024-12-02,-54400
bca-5ff7d42e617b74ba1297e8545fe51cba,2024-12-02,5000
bca-fc6e5eefa1752d1514e0934f99262f3e,2024-12-02,44800
bca-4278bbebb19f079fb08ef040525a9783,2024-12-02,65800
bca-ba561a567b46655189fb95d40edbb4c2,2024-12-02,-12300
bca-5c69fac0e4dfe5e547f05da2ed4ab677,2024-12-02,11500
bca-e05d8c33cc12dd7b8952733d812ca799,2024-12-02,-54000
bca-756a9092579c163c37ebc25400e09513,2024-12-02,11400
bca-daa87b3cf6acf62cbd602b7a4147311c,2024-12-02,29600
bca-862322a968df46fadb607f0e4ba43d10,2024-12-02,3700
bca-809fa6aa30dfcaac3d9c40bad4cbaa50,2024-12-02,24100
bca-e6e7abd10edbe88dd9e6451f8a87b722,2024-12-02,-56200
bca-c9fc2ec0e5f4d22e61abd568556dcdd0,2024-12-02,94900
bca-40bc708d1d13e75e7a3333e612681418,2024-12-02,37900
bca-0853895d37423528eda591255a62fa63,2024-12-02,91400
bca-4e6a533f304a4d1cf08789eff02a6b55,2024-12-02,45000
bca-1741906bc79bed281f24a0e9cf1d5029,2024-12-02,29700
bca-b6fa4e82d7eeeadb7f823a2e1ea4e057,2024-12-02,98600
bca-e320616f8f9bc16696e297733d3f7baa,2024-12-02,34200
bca-e13860494fbf5d98d8ce482c41fd9afd,2024-12-02,25900
bca-69a22d5830b8f85bb746ebce646b7c75,2024-12-02,40400
bca-3ac2d4829c31e186bc7eff77428eed02,2024-12-02,3900
bca-d93afe2ecbb9921eb758a5c77a2b883f,2024-12-02,49100
bca-8ddf30ccec4977c0fd82ffeb650e8ead,2024-12-02,61000
bca-ae0654abce5304d1a51191b91952ad4e,2024-12-02,8900
bca-cd108d2ede282ab915424b14ed2634c7,2024-12-02,34600
bca-c96feae0815f1af150fe560e85895e6d,2024-12-02,-38500
bca-3c3ec1fc992134c1b1aa52613d73a091,2024-12-02,-21600
bca-1f9bd4308879c5fb6294c6b2208db36f,2024-12-02,4600
bca-71f523c22660dada73bbfc56aa9f2ec2,2024-12-02,-19800
bca-abbbe96f44490e50840a09b8ec1895e5,2024-12-02,19000
bca-7d734ae57db07eae5647fcb396cf24d9,2024-12-02,2600
bca-589f6c05cd5ca990637c5c250b75c4d0,2024-12-02,-81900
bca-a09eb91b95b29c8be29308fbc359d59c,2024-12-02,16700
bca-41d9987b9e2d71777eeb09e4ae5a9a7c,2024-12-02,21200
bca-1497d4021c24a6e16544be22aff3463b,2024-12-02,29200
bca-dd7f27bda6e4ab173417c5c484c0d1b4,2024-12-02,74100
bca-020d393a9ac380ac65eaf6e3fb27505a,2024-12-02,6900
bca-c30c803fb72c0ed8d5a4126e575e532b,2024-12-02,87400
bca-d7e7c42736d79ad34a3b7300c7865ca7,2024-12-02,50700
bca-18e65eca741ae21751e97c9d0ad263b7,2024-12-02,8800
bca-b095d1d571280d0df0d39053e5d5f01a,2024-12-02,-61700
bca-c302f8c1495598ac9f127d56b9414dc5,2024-12-02,-73300
bca-a64dc50bc4eff44e02161d475a010784,2024-12-02,-3700
bca-3034631e4d3bc6721d640f43c189ff98,2024-12-02,-8300
bca-1b733326470c4836cc5937e82efbdc45,2024-12-02,31700
bca-686df78fff45da706aa9403924a0abc3,2024-12-02,79100
bca-890952f194f4069ab0d70d2073155bdb,2024-12-02,32400
bca-bfbbe0ea17af05d4ba96d67a44d9d1a6,2024-12-02,22000
bca-1b3abe5978d174d656cb2b9cc9422411,2024-12-02,27800
bca-998db34a4e4804661737b172f03d7db6,2024-12-02,97500
bca-979da3e2e0471d804758f694d7bbd738,2024-12-02,82400
bca-537f663fdbe2665fc43392839b5c4672,2024-12-02,33200
bca-6f0d40f2b3421e94698ffc9610d0cbc0,2024-12-02,9900
bca-8cfd2e69a83ca48a7df30f4facb722f1,2024-12-02,57800
bca-0abe509c8fb2a58531f7c354a56e5cf7,2024-12-02,-86500
bca-3b08f1befe9f588f015354afd34a1ced,2024-12-02,95600
bca-9ea811818fa23ef1e75c90f79c36f008,2024-12-02,86000
bca-938738aba0a93852080ca80b2ee0530a,2024-12-02,69900
bca-3f6c1da409be3c91f242444f6bf0bc40,2024-12-02,9600
bca-ee2611bfba9f2458f22167d157919469,2024-12-02,-47100
bca-88a0ecb6d865556412deadbd92cb38ae,2024-12-02,90400
bca-70f59f3ce6c3b81b2bacf2fa6e0f1fdc,2024-12-02,-27200
bca-8e736f9e95b6117f63ad2a0a0787b547,2024-12-02,28500
bca-362243d1d4e80a2e8f7dab143ca34171,2024-12-02,44600
bca-7cdf59a036287184b1a1f29eb3a07a54,2024-12-02,46400
bca-193d41e9ee52c9edff44e7f3155aaa26,2024-12-02,17800
bca-6e882cf251808528f1517473cace89e6,2024-12-02,87800
bca-8c11c57242c02cbf07e75b0c3a116e9a,2024-12-02,35700
bca-25c6f113fb505e880e24e001466139b5,2024-12-02,68900
bca-0ea69db443a18d6dffae1faf67412471,2024-12-02,98500
bca-a25b7a9546d8706f87be08ebcbf07fd8,2024-12-02,90200
bca-6ab1e3cccc42e3158676e85745651e65,2024-12-02,91100
bca-d3550d2fde1e9237e6613171371813df,2024-12-02,72300
bca-30a7651e9ae1db48408a53706cd8400a,2024-12-02,36800
bca-0589e4d1ce67385f4fb8e94db5bf5a95,2024-12-02,-18200
bca-4459b6e508f4b839d36be2623d5ce271,2024-12-02,22000
bca-1fb2d4c980704f66da13e04878a80460,2024-12-02,92600
bca-14ee1387c3529efca14e27bd8eb1e95c,2024-12-02,82300
bca-8eefca9767298e94903975d9afe013c4,2024-12-02,-5300
bca-a47e766c82b919c61ddf31daffd94632,2024-12-02,30300
bca-864e8d601b475137081d6227328d2cdd,2024-12-02,76600
bca-a1cf5fd99b10fe2ecb506a49aa43a8fa,2024-12-02,54300
bca-dd4063d45c168fbbe3a6a8125cdab9cf,2024-12-02,-81500
bca-c70c40e9810668ce52e3cbb605b3405b,2024-12-02,-17600
bca-9bb037e4c3af539df39518989ad0febf,2024-12-02,17500
bca-13a65e31f836b329aaf30cca4dd82944,2024-12-02,47600
bca-e54d900d6adf6b0eff8daaa7c63d4dba,2024-12-02,65300
bca-b9a594070c7ebd043f939b7f59b5abaa,2024-12-02,78400
bca-331a4016ad7ce587e87f14cdee6d022e,2024-12-02,28700
bca-fb11753ee68bb5f43a4093dfaa1b90f4,2024-12-02,25900
bca-19655cd41d72c513da5c62aa21faa254,2024-12-02,72500
bca-892e927087f5385b151efec4048068bb,2024-12-02,-22100
bca-eb1f59f09c0acd032b61704113114ec2,2024-12-02,14300
bca-6674cda61caf8d848d4e67d8d3c79521,2024-12-02,32100
bca-5c45ce7c422a6057a340929bade7147a,2024-12-02,-53400
bca-3fa610978db21d8cd20854ecbab379fe,2024-12-02,29800
bca-6a6552f68263e4fbdd5bd984a7c702e7,2024-12-02,48600
bca-e49f070b06c400f226207e860d18859a,2024-12-02,58600
bca-1609a7e8ec817166147dee0233680948,2024-12-02,4300
bca-589ab8398aa02b13524a9ec3b68762e5,2024-12-02,80000
bca-e3cbd1a44e755aacda6973dde81b404d,2024-12-02,88200
bca-a4c04931cb5dc8e2f309fe13e9723ecd,2024-12-02,11500
bca-89b0fd94e8d1a05f8e406dd06e61d4f0,2024-12-02,48300
bca-f51518161df129563dfa5af0634655b7,2024-12-02,37200
bca-97cda8c08a6196aa3c5e3849cba48807,2024-12-02,19800
bca-f4d2e855930a30496b0f722bcdcd7e38,2024-12-02,26800
bca-496d3bfa38c6e7df162f3f986163e4d1,2024-12-02,90100
bca-7a337a344f85b78c8f0218027003a365,2024-12-02,76300
bca-ee97395a7686982c020fe6d07a0bcde6,2024-12-02,7400
bca-2bdcdd52113c821d6810ec2e34ac05c0,2024-12-02,37900
bca-f78771b54dd2c7b460a2af03a33451de,2024-12-02,39900
bca-8d2ed905c4c77ab2edc16a0041ea6de3,2024-12-02,20800
bca-4edd09c78b27ef863d7ccd1c99e6b6e4,2024-12-02,88100
bca-d7804e064411b8701d5728bca8ea5639,2024-12-02,74500
bca-ea5cc25867bb2f62f991f04442defc88,2024-12-02,60700
bca-99d18391e0e973acb2037c421ca709a4,2024-12-02,97100
bca-39ce30ea87a6f1bee3b5c02e1df0b696,2024-12-02,14000
bca-96a22fdf639dc68f62a7eda95b41504b,2024-12-02,58300
bca-17828aa15ee89be120f41664a5fa328a,2024-12-02,86400
bca-4bbf101887ae0da5e115e8172b48a3b6,2024-12-02,92000
bca-273b11beef4eea56272e3df344956cc4,2024-12-02,80400
bca-4ff81348e12671858cb539482b115a43,2024-12-02,63700
bca-7f655ac5c4b59cd2727f9596344edd66,2024-12-02,95600
bca-159b8f61ac233e98cd6cb5f5bba2a325,2024-12-02,29200
bca-4311f03953e80fe19fa8d085da4c149c,2024-12-02,14700
bca-43248221200095f72b3b0a00ef8aa0e5,2024-12-02,30700
bca-ba403a6d7d9337449de54f63d9ac3fd4,2024-12-02,-31800
bca-945ba038906ea651b1df72dc0410ce7e,2024-12-02,-73500
bca-121243935585ed84b982fb0d68bfe90f,2024-12-02,-10200
bca-d3c861df09db4868bb4c81ae7828a7e0,2024-12-02,-21400
bca-a23eadba24ace96efcd6077549ed9740,2024-12-02,78900
bca-60502b5e30e3c18603e75c79544f7d0a,2024-12-02,-48400
bca-216f611b34bd7c7ad10f4ea780f53d34,2024-12-02,12300
bca-d2c4731522f4552632c1c41e8f77055a,2024-12-02,-52800
bca-d0d97dac1f03ddcb29267b04fc339436,2024-12-02,17900
bca-13197d42bd1d8993549e4f65ffbb7dd9,2024-12-02,-39500
bca-4b296da36b30020bd97131de2e27d894,2024-12-02,91300
bca-28d4f00b6d6de4759cb6da1ffda6f25e,2024-12-02,-44000
bca-52e8af86527d3106027c0c4f4832632d,2024-12-02,53800
bca-6dea6cba19fc5da748907effda99872c,2024-12-02,-28800
bca-aec54ccc4cf184d2427fa0f42941433e,2024-12-02,12300
bca-bea43d7f969a4b7634b659b27f506fb3,2024-12-02,-89800
bca-dc6baa0300e4da9d27d8e3dec9df1184,2024-12-02,-43200
bca-fe3dd27bb595e4731dc1add936982462,2024-12-02,81200
bca-5fa6d473f9210c65a7ae1a21968cb4a6,2024-12-02,3400
bca-2111fcc94099846cf95acb9633d73aad,2024-12-02,89300
bca-a61991f152ce8ad97f09eb968d25741f,2024-12-02,-26300
bca-a8c17f21012d3499e60c01127a96250b,2024-12-02,94400
bca-416160aa691ea065bd496bfc1817c3bb,2024-12-02,92400
bca-76b4b94506fd29c0daf83ccffb9832c0,2024-12-02,72500
bca-41670fa8b6caea57a1b29715c90bc63f,2024-12-02,3900
bca-e5c3f3f8bcc252c0f4347d795cc12d10,2024-12-02,24000
bca-df1f3b131c6181491d2404c11208c753,2024-12-02,4200
bca-47682d45515cbddb169182996dc72e85,2024-12-02,27300
bca-f78076d1b0f2b01e4e217b7b6b97dd04,2024-12-02,67400
bca-e2e82e1ef5e61fb32e6a319e7ee9c61d,2024-12-02,38300
bca-e8350b3e8c4bf099880370c214690849,2024-12-02,63200
bca-a1e3b8a5f2feea379925147546393f0b,2024-12-02,3300
bca-df72a5002ec0303a8ac48fa48e36cbd7,2024-12-02,51200
bca-43183b5818feede6fcbe65f932f34b05,2024-12-02,66100
bca-7614aa0928d00b40a9109431f081f472,2024-12-02,62000
bca-cce0afa5d142e0ae3f059ba2559f8cd4,2024-12-02,-46200
bca-ef946540c783f51744b7fedab28c5041,2024-12-02,-51500
bca-660996813369c1a583863db9a376e7e0,2024-12-02,47300
bca-3911ed2b139526ca7bcca36bb1d99dba,2024-12-02,61200
bca-13b0ab4788bf4568d109b5137966de73,2024-12-02,-45300
bca-8cceeea20fc7605db4fe839220e0ec7b,2024-12-02,27600
bca-5242ed271a9a962905551b7f64332947,2024-12-02,92600
bca-b1146598656f2f8f855551b813a537f0,2024-12-02,10300
bca-62f297baa5cdd92ccca5cb352f48c3b4,2024-12-02,97400
bca-3dae5a0766cef9950bfcb39a50dc00cf,2024-12-02,9400
bca-0c917cfedf7e38988a552018379b7d97,2024-12-02,17600
bca-9ba2a7d84a39ea4c1e8125d882ef246c,2024-12-02,38800
bca-24aa703c53b7c514df36be455b7c6a60,2024-12-02,83100
bca-6f35f80ea1044338a49528cf27b727dd,2024-12-02,77200
bca-b554eb552c0242af04c068beb6c7adb4,2024-12-02,68700
bca-3fcff9532184ac278bb6d06ad898e670,2024-12-02,97000
bca-4a8a56a2a15d959ed9d23f0b5dcf81c2,2024-12-02,40400
bca-e476148ad86eeb77f75840edf48485b4,2024-12-02,54200
bca-456014a778239cb6f9514e888c96e497,2024-12-02,-22700
bca-7f2438c1019e374886d2fbcf39b35eb2,2024-12-02,-78400
bca-bab1ce98fc09a4bb8bf503684cfbee2e,2024-12-02,-81800
bca-b89c304ae3416e4e019e90e5f50a4791,2024-12-02,79100
bca-915338e7a50e2960a11639d3144f7962,2024-12-02,63200
bca-a1436d4f964954c89270a5d4431ee68d,2024-12-02,-13200
bca-71f60bdd5f2d09b350a69a179191569e,2024-12-02,45300
bca-358f4d4573849499fe87af090f8cb78d,2024-12-02,43400
bca-8cf584433a28adb58aca37f2413ded7d,2024-12-02,96400
bca-8cd715331f6257206d4c9f032b04e2fb,2024-12-02,51200
bca-941ae5f5ab8f840967957aa1b6cda8a4,2024-12-02,-13200
bca-f575d81fb1c4e91dbf9c25117827c634,2024-12-02,-36200
bca-c9b28e1396babe7a96830d8d260fa64d,2024-12-02,96600
bca-887f7560b2a18d5e7baddb7452ce1a88,2024-12-02,14200
bca-62bc8a88d345e5e135c67d76c582b779,2024-12-02,45000
bca-ed42b8a8f2d1b75f3d3512e068244553,2024-12-02,26000
bca-4931d241bbe0f3dd58c06bd5719414e9,2024-12-02,72000
bca-74943078bab725e87964877a381feaa2,2024-12-02,-73600
bca-87c329f2a5c1b72e900c7a728b1efefe,2024-12-02,-56500
bca-65a23a7f513a11e01d2e18d30daabe2b,2024-12-02,-9500
bca-77d13fa22fcb539929923b90af82eab6,2024-12-02,38300
bca-bd14e1f8e757ae8c25b87767b519a5b1,2024-12-02,-44000
bca-c080af8289b8b59c99eabb8150ecae4c,2024-12-02,29300
bca-cdbc25e4c82fc5b18c79e43769814283,2024-12-02,-47100
bca-279b040e3751ac6bb1cd1ded949930c8,2024-12-02,-64800
bca-61f0ba1715157cfa4c11625ed82f78f0,2024-12-02,48200
bca-b25f56d82c8675ca52807da87cf0f040,2024-12-02,-31400
bca-dedd2079b0f6ab4d9cd98efe605e7d2c,2024-12-02,13000
bca-0285c37c9af8a6fe9318f1ccfa30c981,2024-12-02,7000
bca-b67d0d586ee07a52c2f039a1b1edab9c,2024-12-02,21200
bca-fc6e7be1fea89077408f9ffccf04e24a,2024-12-02,91300
bca-790b602835b6ff60eeb3c4cf732ec59d,2024-12-02,-64400
bca-c93c7aed3913777f2260f5122085ead8,2024-12-02,58400
bca-c61cfe27392cbb74cdae3cfb1ee86c20,2024-12-02,-33900
bca-33f931c9a0450b5350a32d7d854d18f9,2024-12-02,73700
bca-8ba1eab4a130ae46f4c49ab2d30f9fbb,2024-12-02,90300
bca-20f98f2147370e9064181d009b577129,2024-12-02,-77100
bca-c0f7278228a365bb742a253ff642ffd0,2024-12-02,11900
bca-c767a6aee211237a7eab88b2eac745d2,2024-12-02,5800
bca-377fde19290200018b9718a3224a199f,2024-12-02,61700
bca-4b116970fdabddb341fa66cf2a625c7d,2024-12-02,86400
bca-7e911e11f34a5bcaf1f5c7839cc66d8d,2024-12-02,-55600
bca-92cf33cb30090d1968e6cc26020c6464,2024-12-02,39300
bca-80937c4ab4d708fe39204f5a69d396dd,2024-12-02,16700
bca-8ed06ae9038439d3715388f3202c653a,2024-12-02,-72400
bca-3b1a4749bf3b48ea0da42120543c3fb6,2024-12-02,67000
bca-7f8c0b80d592ed01737497505309237b,2024-12-02,46600
bca-ceaa33a31e4ac79eade59be5fb43ef3e,2024-12-02,96600
bca-35f78d02e345359316e23b99c383fa6f,2024-12-02,38000
bca-3a43af0fcb83f13ba5ada7199c93a114,2024-12-02,-31100
bca-70e029ebb6fbcd5d3a3e0bcef6d2e987,2024-12-02,14500
bca-a79e912845be6c09233558b73139101c,2024-12-02,98700
bca-b485d1111e1c58fb9102f38bda698619,2024-12-02,64300
bca-3d771cf915617d5d576bfdfcf37e721b,2024-12-02,42600
bca-3282b03f83bfa34541a8a15855a28a60,2024-12-02,-28100
bca-75d958c6dd43c50e5fdda626ff2e5e75,2024-12-02,10900
bca-d25d55032eb2e27a545e2d413da9842f,2024-12-02,56400
bca-ebb7dfa1825035bd16312c7a7919934e,2024-12-02,52100
bca-284807962abbd53d7aa8289697068336,2024-12-02,60300
bca-76e312078a3b3842eaa89b9c2b4faec2,2024-12-02,75800
bca-599b88b5c2890924a960d22a39fa8224,2024-12-02,24900
bca-ab29363c505c048232ab9e08537eb357,2024-12-02,-84100
bca-34ca6773ff638f7d0844f047dc9e25c8,2024-12-02,22600
bca-781d72aa4390d085158e9b6483920d1f,2024-12-02,-90000
bca-48656cffccdf91317b81be9834c869d9,2024-12-02,71900
bca-db8d7e941928867882ab4c36433787de,2024-12-02,-26500
bca-8d2a7743191071c21721f9cb1cedef0b,2024-12-02,94800
bca-ffa87d49cad45a535ff0153b71bffed3,2024-12-02,26900
bca-56e86c60b3bee55b2c336c44000d297f,2024-12-02,30700
bca-da92a33f1dd5b75f1adfed826d987d20,2024-12-02,25400
bca-18ba02d275de6c04fb0a40cf9c8eb028,2024-12-02,56300
bca-8903501521e8565df53eb43f0c214d09,2024-12-02,-88700
bca-ade13a9725e82195a1345f036b1881d6,2024-12-02,91300
bca-4030aa30bdd5af227af5b7af1ae9dde6,2024-12-02,-56100
bca-e56ca03535a1569623dd6c8ea8bdfd1a,2024-12-02,17300
bca-7f215979b5981351864d26b1af4dcded,2024-12-02,59600
bca-e8dda25b16b59af47125838654701578,2024-12-02,-41300
bca-a0c1de0af1ad7262e605a9a7ea6af43f,2024-12-02,94000
bca-7c4dafbdd51dd6a944880784e3090cb7,2024-12-02,-81700
bca-1e36fbd3e0377ade1d09c2c1c2fa7e55,2024-12-02,23300
bca-768a7b0817457f9c9d21e51765c04d52,2024-12-02,70600
bca-9d3f2d7d0c108c8086b2ab37be627340,2024-12-02,45500
bca-eba6e98d2acca8c8f8fa910ae53348d3,2024-12-02,38400
bca-23c4205262f85cb4e6be7ef383b06748,2024-12-02,-26900
bca-68e9f48687e126b840036ee12be6a1ed,2024-12-02,3300
bca-b7a1271712f99dec5e7a8db9fda24c8e,2024-12-02,17900
bca-4656f2324fa2b36ebb8c143715b23d45,2024-12-02,-96700
bca-734038ae18034044a23a56e9ecbe5e5b,2024-12-02,99400
bca-597424b1a4d23918101091a45c1b40b5,2024-12-02,59400
bca-134d8bd0de14ef6c127688583581000d,2024-12-02,76200
bca-d946978792ed85b822c4336850ce2f7c,2024-12-02,-9800
bca-17e765c0a093d512999a9f54416339c2,2024-12-02,99100
bca-010eb44c31bab436b72cb1ff4e7e9e55,2024-12-02,70600
bca-4614766189f05a525bd1112dbd26168b,2024-12-02,97200
bca-c3e3434084fe5986a137978ff8b86151,2024-12-02,90500
bca-124d6c7da6ea5afbe049b5002414b0d3,2024-12-02,39600
bca-c1a565fc2bf3e4bf9221b6d3df8d0a81,2024-12-02,29200
bca-a8fa5330fe080d2df938ccc08a7fe046,2024-12-02,31500
bca-0c488a59d05613687f1954db78648945,2024-12-02,7500
bca-31966a8c704549ac0694363704617284,2024-12-02,53500
bca-20ca5ea16c1144da67b9126eb6bc27af,2024-12-02,83300
bca-0a04f2347bc270c9173fe709f7d5d272,2024-12-02,91900
bca-5adacd42bc0fb69ac994d1605e5cfc11,2024-12-02,41500
bca-9e16dac6ffd1cfa038a832eefec374f2,2024-12-02,29200
bca-8c38c5ebcc0eec52b602a0dfa6bdf035,2024-12-02,-25300
bca-3587ccd1dfec67df01970c833e36d47b,2024-12-02,15800
bca-a775caff68e3af29f09533e53ac8fab2,2024-12-02,14800
bca-56f33e8ddfd5a1d3df2cad479e3fd9fc,2024-12-02,-33700
bca-0c2fecc63a6adf4733445858fcfb2984,2024-12-02,-19500
bca-8702ede86e071b5fa43741da05ea81e3,2024-12-02,32200
bca-2e0ebd38c2657c268d04e79ad1757c37,2024-12-02,-7300
bca-c248d9905c0cc2dad92d08cf83169dd7,2024-12-02,95000
bca-71cebd07ad490db4c2cce0a38924b795,2024-12-02,6200
bca-9a76bb32de246359e376851e6f949a53,2024-12-02,99700
bca-4a5e2f621231002de5d920cdbe28e5bd,2024-12-02,98100
bca-17c26de0f3028f9ab33c866e4827ce8c,2024-12-02,14300
bca-44c99309b755c16e6fa58970b2017993,2024-12-02,20400
bca-08a4ab38838bd497b09489baf99b4906,2024-12-02,96800
bca-90efa253aea4f0b5d929340a7439f6e7,2024-12-02,-19800
bca-e97f44f8336bbe63785e4f0a567ccf66,2024-12-02,60800
bca-f8437f38b080ba7113b70c8261e5009e,2024-12-02,38800
bca-2c0e91e3b3c32bf2ee02785961bc3286,2024-12-02,50700
bca-ad8200e0aae64a1abfcf1ed8022b000c,2024-12-02,89100
bca-95ff982a1f5aa83261c5fbd669f4722f,2024-12-02,77000
bca-2d23adfaa11b7a8e5d7f3390b47b2052,2024-12-02,62400
bca-907a7db971d7f3e4bc50196b359d693a,2024-12-02,60100
bca-f579bf723ba0313d101103688347dd58,2024-12-02,9100
bca-a894b11bdb3d76930910e52866b9aee7,2024-12-02,-42000
bca-986420948c58ccb8af3cc0e9dfa1e835,2024-12-02,-70300
bca-da5e2395b007249ca0d0d9fa7c9ede7b,2024-12-02,11000
bca-7fbe1dbd16e968fa98761676cdf29e65,2024-12-02,44300
bca-5b143a68496c6692cfce2877332a2397,2024-12-02,32000
bca-670fdf33ddafe8360c24cb6920383990,2024-12-02,4800
bca-4ecf54fd2dbd9710b0c083a6d8e1af68,2024-12-02,92800
bca-d1986499804e3004450a2e254201faff,2024-12-02,-89700
bca-896d61b4eaea8cbb660579843b56ee28,2024-12-02,20000
bca-86b31a96536bf4f3e70be729eb8c144c,2024-12-02,50400
bca-dc55191785c9c4ab8daeccd3acd9aa61,2024-12-02,72300
bca-e5d3fe20d21333c076233e61cc4f53be,2024-12-02,45900
bca-60fec9cd8d9b95fa6db0457eaf0a2eac,2024-12-02,-97400
bca-e4eb86b768f675f031a34cbc968b146a,2024-12-02,79800
bca-a4a1e855a48c9b11724ae155ac5468ca,2024-12-02,-91600
bca-2f61e2ded9787883a88da29c592fd613,2024-12-02,25500
bca-9604be626f30389a57385099210f74d6,2024-12-02,8400
bca-b9eb4af2750ac404530d8f425afa56c2,2024-12-02,89200
bca-2d7dec4744bf281b720c2e03ecaf09af,2024-12-02,37300
bca-b1d05fa79957389c5a28f3dc863d13bd,2024-12-02,97100
bca-8f36808cc982ec07b117d981d3e6a3f9,2024-12-02,-9500
bca-7e76c8f8c173d961d59fcdb78ef9f8d6,2024-12-02,4200
bca-9f5f5325ba70467a1a4d913bec38df0c,2024-12-02,89400
bca-af721ee2f0682655b01e0d8665a473d1,2024-12-02,-58200
bca-81651cc0bdb80995bf229d07fd163cc6,2024-12-02,63500
bca-552b2483486201fd0727ffa679b1e3dd,2024-12-02,-4200
bca-850572cfb8ce4c93384c0e297684bdba,2024-12-02,93200
bca-0ca73a541366338d9c9fe1b1c29f6646,2024-12-02,14900
bca-9f1a59eac7f31f0c137088ec2c3be1a2,2024-12-02,-73600
bca-1f0f773c7166992d5d45991815b65429,2024-12-02,58700
bca-315598c34b4c1a11311ed37b0addffc0,2024-12-02,-67300
bca-d7586f90d3c4253a6c5e8f5aac500f97,2024-12-02,61400
bca-550f477b6634b2b0c030c6451a6445ae,2024-12-02,81100
bca-73e541b1469ecdf6d8037739b003c44c,2024-12-02,69000
bca-f1c9618cfdd3c85179246f4f4d5e2b8e,2024-12-02,-12300
bca-67b99ad8e578c9f60434d869f6bdb412,2024-12-02,-82600
bca-b91c1d0234e14808d821b456f3846213,2024-12-02,76800
bca-dd356b71891dae255fbf5835ae5a3317,2024-12-02,23200
bca-33f5bb5b2b374614bfcc41f3b9b95696,2024-12-02,83300
bca-ceeabcd031ea3698eed37f96dc264dc7,2024-12-02,-4800
bca-1e31c1e8f4cfbbcdb0b217886445ffe3,2024-12-02,37400
bca-19c5bb8f5e4414cd6833e6174fd7c70b,2024-12-02,8900
bca-5e12e5c52f7b0a8354a085044249b898,2024-12-02,27500
bca-b0360a075852e061bf92a432746fbd1d,2024-12-02,5900
bca-0b7a9910469a25da16e002b60cd3ccd9,2024-12-02,5800
bca-9ef158db453a57e4a52b63ed4ffd202e,2024-12-02,-82400
bca-706160085c88e8c07a8535d972b5a4e3,2024-12-02,-52700
bca-e979dc74e237494334903619fb5d5b68,2024-12-02,35700
bca-c99dc84ae46d9c2eed7d694844709df0,2024-12-02,87600
bca-d941693eaba8f647d034e65c8601afbe,2024-12-02,-81500
bca-b92f10222a8d84272eb05bc3124927b9,2024-12-02,57500
bca-2a75ff5ab36ae81f2c09ff22fca2e95f,2024-12-02,37200
bca-59fcb7a6a684a0a0498427d74a5240ee,2024-12-02,52900
bca-d768af682c51ebe7f169421635148fc0,2024-12-02,-53900
bca-abf99e891802bbb298e294fe4227e708,2024-12-02,53500
bca-3720d5f81168ad573a8e37195c0e59f8,2024-12-02,80600
bca-5981b04ddb2d0175551ea33fb3d1f114,2024-12-02,15000
bca-746f12e6c637fa0279f8e67b3fb6e32f,2024-12-02,30000
bca-86b943e853c20bceba39e141afd9d9f7,2024-12-02,-41000
bca-1f141e6b0baaf4206e7e8a517862e737,2024-12-02,-30500
bca-5fa15287599c9fdf44b383806ea194f0,2024-12-02,10300
bca-766f01a1686cf39433b5a48a190d00db,2024-12-02,-37200
bca-da282ad231745595ed12176894fdde84,2024-12-02,57300
bca-9dcb453fbc10aad6d9acf857c46fe89f,2024-12-02,16400
bca-4ae4a0c4740adf2d9a7fa3fb12863743,2024-12-02,5800
bca-5b41174d3624417bfc1cb7f899119cb1,2024-12-02,27800
bca-03207b21beb34eeb5203c097fb230a78,2024-12-02,-26300
bca-3179eb927895741194f65d9e9cb3d784,2024-12-02,63500
bca-77afd2c1768cf895f403756889f540e6,2024-12-02,73300
bca-8d87d8fb5e1a314e243ea68cc5a6fac0,2024-12-02,47100
bca-21ffbc48593dd97a3f64e226f87c2315,2024-12-02,-97600
bca-18973166ee02a0cd1caa8c2b594e9578,2024-12-02,96500
bca-33a27f8d53624cae3e89ad1e778e2525,2024-12-02,17200
bca-b04d48503a3cb721bdc851b238f2326c,2024-12-02,-47500
bca-db161f8df0227d50083871dcdc0642e6,2024-12-02,29800
bca-703b2e1664c638842d104eff28d64712,2024-12-02,9500
bca-198057c7ea6e0f707851b2dc0213ffb8,2024-12-02,43000
bca-411e8972f72b56cc03b136d1b1e48298,2024-12-02,15000
bca-4ebcc7409ba3795ce995c36e57380c50,2024-12-02,75000
bca-b3c563738a5c7fc4d8bf0a6b728d4d30,2024-12-02,43700
bca-5092dcb3d2d72d920e6794d291ba97e3,2024-12-02,15700
bca-5e56b2848b4f822410635a05c3d3e8f2,2024-12-02,63400
bca-361b3717ce08e16699991db82e45cca2,2024-12-02,25400
bca-be39da96f206a4321a808c72e0da2d3c,2024-12-02,-43700
bca-608b56250c96b2c781023726b3b83802,2024-12-02,24800
bca-992fa06db8a6751e72843d45c27040b1,2024-12-02,5500
bca-528d4c9f9dd45066e98732c96aa75e6e,2024-12-02,34800
bca-e655a8cbfad7c7e7ab6633ca785e1ea0,2024-12-02,69200
bca-6aedf7becb0a546b42a9606afd751374,2024-12-02,70100
bca-4bf2f27516db03b95a1ab467ce432da4,2024-12-02,-95600
bca-b92eea2e89a93e309e84011ead7312ee,2024-12-02,73000
bca-2037db2dd816674e873fad481bf43978,2024-12-02,-47900
bca-535b1dd6f911591db343668de2e49c8a,2024-12-02,33800
bca-7a82cda93b2f6eb9394f025949c66f14,2024-12-02,89300
bca-d426368d1163173a92d7e71071d5927b,2024-12-02,40400
bca-c9f70cdcf5437df3e45dbbae57097a63,2024-12-02,3200
bca-e03d33f0689c5b157b93ddd915a7b7de,2024-12-02,95500
bca-fc7f6c044b6075b37515cea086d748f5,2024-12-02,15000
bca-d475db36d9abb12649de7d8af5eea49a,2024-12-02,86700
bca-ae63cedd42d09fa1b58e29264ec9327f,2024-12-02,8500
bca-3e8e4a1acba98918a43d9a3db440e85a,2024-12-02,95300
bca-67f04ec1dc0be82737e0dfc79340d76a,2024-12-02,67200
bca-7d380ac264249a368b3e632b7b5869ac,2024-12-02,65900
bca-283a200affa5688f2de6ea0762c20ce7,2024-12-02,-55100
bca-07495c946dd11dc275b0e450946b1a3c,2024-12-02,16900
bca-43e0a2b45fe1693613cd86a34dde2b97,2024-12-02,58800
bca-2b7bad356e5b6a38282ec763a7551446,2024-12-02,50200
bca-bf0196859d2fb141ca882d702ee8b123,2024-12-02,66900
bca-91656243390a4e1b727d3280ee6bcd1f,2024-12-02,-99000
bca-e062b1e498d880fc111393fd256f7b75,2024-12-02,39500
bca-28b2cfedaab27d311ebb5519e88498fb,2024-12-02,88100
bca-04309b4d918b26e7727d49185749fb62,2024-12-02,68800
bca-88217da1f7208df6ef6faae2a0b355b4,2024-12-02,92300
bca-0306509fc7d2e224d4b26b11fbafbe14,2024-12-02,-92400
bca-ea891a51f3c952a457ad5d5acefc4efc,2024-12-02,3800
bca-95e8af098fbe553058d9b0466de9588d,2024-12-02,55700
bca-4510d87a3aa587fd7e29fa8713a15b92,2024-12-02,99500
bca-03524e8d985236c8487aa05a9ad87a71,2024-12-02,16700
bca-8dc2fb01959814a01de9e7806fc26179,2024-12-02,79700
bca-d04e716083498540fa5f311eebed43b7,2024-12-02,65600
bca-f897831a11414d7fa610df55e5d47160,2024-12-02,14300
bca-6cb03be7ac6691813a9cc6a3c946f471,2024-12-02,65800
bca-12d3ff224dc91b736e317b3c208731c9,2024-12-02,-95900
bca-dc56bc9af04aafd0250637f075fbc129,2024-12-02,87400
bca-ef825e5597e4eccf295025096ceb6741,2024-12-02,-28500
bca-e24d539171e9850ee8741037c8164af0,2024-12-02,44600
bca-f384837e9b24b2cc1a762b0cc6cccd0f,2024-12-02,50800
bca-eda37d9977c72be559d516ed92bb4979,2024-12-02,99700
bca-a78fdfc862a74d14c98d714d56ad7646,2024-12-02,64400
bca-8919c192d8896917ffbf5d8e94964f48,2024-12-02,-20700
bca-59485baeb1d7b38645629f6a5bd81885,2024-12-02,6200
bca-fc29d15a33a92acc9caf35fd7ddab74e,2024-12-02,37300
bca-369f5cf031817d408e68e58c4744e68b,2024-12-02,42300
bca-0e3db7013c683353bd4d4a4384449298,2024-12-02,40900
bca-664aeab2e20f762edabfa8551894ace8,2024-12-02,66400
bca-e7f5ff3453061de039f752493b8f3e0a,2024-12-02,42000
bca-4ad8dead75773ff8645621081a65905c,2024-12-02,-12200
bca-55343b44f8191640722c3051aca9ad4c,2024-12-02,-68900
bca-0c80fa363e6f3e5337f9dde48008e462,2024-12-02,-62000
bca-1f1dab96a517d7a60c84553b8e4b115c,2024-12-02,-17700
bca-f1229ecca6dc9e661cfa73d12a523b96,2024-12-02,21700
bca-3ad21355d5a0c469f3f8a29f37206581,2024-12-02,63200
bca-f7b1a9c5bd13c8cd7865422294924ae2,2024-12-02,87100
bca-b86d021d80482118087106498ef63283,2024-12-02,-57600
bca-6f3c1ed7cada3c3921f4489b9591b7db,2024-12-02,17900
bca-04f1c9ef33da1fe7b08e194639b17ba6,2024-12-02,14200
bca-cfa814798258e80a3a56e38b97fca163,2024-12-02,64800
bca-f8726b2822080a2c25d2a67a0c328684,2024-12-02,95400
bca-cd5877e56bedffd427a657dc55dd7947,2024-12-02,93900
bca-6c46fba9292937d9ad2027b6f3d9be12,2024-12-02,54700
bca-ba73a5a8ea1f6fc31b91bcd12d89260b,2024-12-02,29400
bca-834a8ad6c7537f908834715be1cc15e7,2024-12-02,-13900
bca-655abec37d6efb314549e4546a1a260a,2024-12-02,-47300
bca-ecee28cf31bd741c0e61d4fb8f53fd9b,2024-12-02,-35100
bca-60feba03aa4809805eae5d728f7ef000,2024-12-02,74200
bca-0437620ce583184b1f332db1c3d25eb9,2024-12-02,91600
bca-2cfb18ccb9f40e15c94c59e078bd69e5,2024-12-02,9500
bca-6c9890af2c2a85a5ee38a3cf6de37288,2024-12-02,68000
bca-3973b04eb26b04bd757ab613eb624d0a,2024-12-02,26900
bca-b75a5411b18f74f92a9fa457c0b84fab,2024-12-02,58500
bca-92e885a5b7471eb1b41affafe559b376,2024-12-02,5500
bca-4ab5c1d827aade23477820cfaf4c4d97,2024-12-02,98200
bca-06cb04e848d5ed4d9fbea1ba47480339,2024-12-02,-91700
bca-225e17afd496dc28d395c3d592f9a5e7,2024-12-02,46600
bca-194997a10c913fc69ad642657d2c59f5,2024-12-02,65800
bca-682fcd9d6c5188c6da6e39d011833c36,2024-12-02,90800
bca-89fe2185db6cf054ff7badeaf6420cae,2024-12-02,26200
bca-b0dd724f4e2c6144cb3d3d5d2579e752,2024-12-02,67700
bca-26fd45b49aedd59e32f7c0ac124fe189,2024-12-02,97800
bca-a35d13b1c02870dd267c21528e90c402,2024-12-02,9600
bca-372398d09ed99e265c182cee588498fe,2024-12-02,43500
bca-bce278e82440e265074be6c01fbd4099,2024-12-02,51600
bca-7c9ca40c5fc737e7f0c2472e7314144d,2024-12-02,72700
bca-48d21be4eb25c596bff8d88c2c80cd14,2024-12-02,-92500
bca-a7c36fbadfda046fecb328892c250fed,2024-12-02,69600
bca-db0d56e8a4768555b084f34c73ea649e,2024-12-02,94500
bca-d6aaab5e85e837123e3d41afe23e6837,2024-12-02,81600
bca-cc94bfd3223d0455d207270418e2f9f2,2024-12-02,85200
bca-fffc6e395799757602d5280b491fbd63,2024-12-02,56600
bca-c48a5c76816c731c7acf363d9ca89129,2024-12-02,56600
bca-58b81843def4298f04f3162eaa6ae544,2024-12-02,88000
bca-c876e1feaf5e815b4e09765c5f205d08,2024-12-02,31800
bca-3d7dc7d9e6d238e7e2bfcd2dd5acdc05,2024-12-02,-68100
bca-332dc248dc61f79a2f7f3e49220b48fe,2024-12-02,55300
bca-17adb323cc39576a34ed98ca6f582e59,2024-12-02,28700
bca-c6f2d67b58b1ab02f5e3c63edffab917,2024-12-02,40200
bca-dd1a5c4183a7c9b302340ff6538da2bf,2024-12-02,56500
bca-5afd73af9f0587f80ec6d733e6503561,2024-12-02,-4200
bca-58bbc6b9128972524371126f94bd516c,2024-12-02,65300
bca-3f6ecaf66f8b93dbe0db243cadfae971,2024-12-02,13000
bca-fe5990bacd8d4f1fd8a6f6cc353d284d,2024-12-02,-66400
bca-3b0d1f5d0bcc605b29f383d3e7065890,2024-12-02,61100
bca-da73f84fe703c3fbcd7529c9268622ef,2024-12-02,74800
bca-70e9d293645fdd9f8b892f8ba023b8f1,2024-12-02,-65600
bca-26d999f1ef933a2ce07e3022c70e88cc,2024-12-02,-64400
bca-1ecee6cf998e03b5be9f1f1b531e0a2c,2024-12-02,10400
bca-e3cb7305946d5ce43085b226205610d2,2024-12-02,70800
bca-6cdfa54cfc2c749d2e7ee0c5ee013fd7,2024-12-02,13800
bca-0326ced5072057614509520578d8a518,2024-12-02,87500
bca-7a586385cddf708db9822f9239b74ea5,2024-12-02,92800
bca-ed339841a6621fc26fd89bc0ec319da8,2024-12-02,-98100
bca-e6b43e84b5f482fb1cb605a09b80102e,2024-12-02,-13900
bca-33712d22fd4684646068c8471c7c9062,2024-12-02,-23200
bca-64c1bcfdbe0dc579377fa217808c6f74,2024-12-02,71700
bca-b9a916bf5a74e79588d20e15c5a95f32,2024-12-02,14900
bca-f1ce6f18c4642705ae8a53d46fe5845b,2024-12-02,49100
bca-7beae9beeee283d9da0a729fcb0b1008,2024-12-02,9200
bca-86a3be667b3d876a6e4886afa2a31df0,2024-12-02,70500
bca-992028a118bab8493fcba94a80ab8047,2024-12-02,52900
bca-e8690d99b53190fc787048233789b7f4,2024-12-02,40300
bca-6e1fa4dbe799e347fca1c3021b8b8879,2024-12-02,47600
bca-4f1d86acf29ec4e658c67572425f7004,2024-12-02,5000
bca-1f0a29ab9c2601aab923c4b3f388248e,2024-12-02,7600
bca-2df9429ac363675b5f96123a25a8cfad,2024-12-02,95200
bca-164a5173c642ab6815411653eaaf87c4,2024-12-02,7800
bca-46ad8ce01ae584cd4935528ac3e0ae5c,2024-12-02,87700
bca-411b11a4454a8ef6b53b25551dcb0e39,2024-12-02,51800
bca-5358a29d165557650e20f5bb9ea8c1b4,2024-12-02,-35900
bca-36cd3b927dfc9d3bb279df0f40efa986,2024-12-02,75000
bca-f9f83bc0133d404f5c44c2388aca86ee,2024-12-02,88900
bca-3c41e48b0f4c5ed986d4d157a702f50b,2024-12-02,82900
bca-4340cf04e3f22541feb3ad92f80a2dee,2024-12-02,24200
bca-f5c6d73d9e85b7f6279aaf70a8ee20b4,2024-12-02,57200
bca-751444bd52c7e9dcc4b34337f906c766,2024-12-02,-5700
bca-5d5d223cabd973578368337d890f9179,2024-12-02,46000
bca-173e8b5068e6e2f552d55470361853d9,2024-12-02,81900
bca-1c38d46a10289d6f0ea422e4ccb2686e,2024-12-02,72000
bca-21b58071c8ca659301bee65648a86f39,2024-12-02,-21300
bca-cfa8a11fec3ae1ff66cc629a4c7de001,2024-12-02,72800
bca-4b1deb2d7897ac5a3a25ad810542737a,2024-12-02,86100
bca-dce8829c2a61b87e57ceff64289a133d,2024-12-02,33000
bca-969e167ae2e5214def331beb5e8aa3fd,2024-12-02,-15300
bca-c908007fd5a78795b5f00db5967948e0,2024-12-02,70000
bca-030b3de89b2121ebf8a9d07584ae4af9,2024-12-02,28700
bca-a60904bbbf96b2c081837bdf3ccb5754,2024-12-02,74900
bca-a9101ca969c71d395fe08ab3355170cb,2024-12-02,-49700
bca-61605c28417be32eefbeeca4e30fe419,2024-12-02,49000
bca-2fc28434ba9f817f90fdf96f93b0f318,2024-12-02,34700
bca-0f95695ddd3820323166dc35c74f5cb6,2024-12-02,52300
bca-e464c6066a5ae69fa9ef8f1c6d25eaeb,2024-12-02,26400
bca-479a325a0824e61d9a09288287b6a564,2024-12-02,6700
bca-67bdff8e0779da109f51acd2edd134fc,2024-12-02,22200
bca-3166c4adefc3ba74e8b594bf58d8fb67,2024-12-02,63700
bca-0a623de77bebf494fb6cc85aa3fcc80e,2024-12-02,61600
bca-a872bda535d3f6002c86ee6061060059,2024-12-02,33500
bca-3c28e29a471f1962bd4d66a39434cc64,2024-12-02,69500
bca-c20165a779d1150bbcdce59bf9bad0a4,2024-12-02,-79400
bca-d4f9e0d37d15a3efac235539de01d126,2024-12-02,-7100
bca-edb96363ef20960b70a20b7668617f05,2024-12-02,7500
bca-b03c0bcfc5fd86e3202e9ba5e8f292e7,2024-12-02,16100
bca-594651f03f6dc5a08184c492c670086d,2024-12-02,-68200
bca-493e50c1ed22ff5717c0c405713cff76,2024-12-02,40500
bca-30627776cd535973071891e385a8c91c,2024-12-02,1700
bca-b225885e46164688d797399af917f2c8,2024-12-02,81000
bca-f29901e66cc52981e258a6afb46609b0,2024-12-02,-83200
bca-82fcc61bc0ed384fc363c89910fb0e1d,2024-12-02,29300
bca-d52a9bc220148dc7c0f3aefd6d9164a4,2024-12-02,-39700
bca-bce8aa4a34de576d5ecb3e4fb3a439be,2024-12-02,16400
bca-4b2d0a8b53db6eea1e890d86e14cc1b2,2024-12-02,-22200
bca-1564816f652b4cb091dacb65c6835fc9,2024-12-02,89200
bca-bc218287f7780e139450b00f51860015,2024-12-02,-76200
bca-0e419d99650995a874b4ea931baf489f,2024-12-02,63800
bca-22863edfac36d6f502ba99ec4b50e9c3,2024-12-02,80800
bca-ae3aeaf39786aed47e8c6557e551ec80,2024-12-02,-72800
bca-27668e8ef80e1fd6837b7db2b104a2d4,2024-12-02,45300
bca-0efc556ce05527c100b5c0290c1c45b1,2024-12-02,98700
bca-3357da24af5b3b96d650bd1990beb882,2024-12-02,40000
bca-08aa495e2c3762c561a5503552894852,2024-12-02,45000
bca-0dd0f1196901d03ebe4e227bd6598b48,2024-12-02,-55100
bca-7da86b31a275290d74d4a2442a431bbf,2024-12-02,29000
bca-a8a52d67337856dbfe951ddc5c0c9be9,2024-12-02,33500
bca-c5e012638b9c60f555ee01604cb984d3,2024-12-02,61400
bca-472dca4a68a450d0f58a14be2041ec69,2024-12-02,65600
bca-0ff596e76bce0df3cc46bd6781a68288,2024-12-02,-42200
bca-aadf127ec38cf583cb2a9da9c28945ff,2024-12-02,-59900
bca-9e96c24d3d22f8ead64819243c507cbc,2024-12-02,-46500
bca-90815e7658a0c600b3b5283f28182f79,2024-12-02,61700
bca-984b4afa81e2b5f757d85a87cdd4b600,2024-12-02,72800
bca-4cf91aba0a8832431de41265d1d22ef6,2024-12-02,50100
bca-a12c97b233299c18c26a7d14f337a817,2024-12-02,8100
bca-be59a9073158037159d83c7303b85d69,2024-12-02,60500
bca-ec4a842ca6b0c6f76f55260a7523fddb,2024-12-02,49000
bca-b9fce74c0fb7b79fe5457707cd73f0b5,2024-12-02,-96400
bca-c596dbd7db78d6366d2cc8c86ba13fa5,2024-12-02,26800
bca-081aae545c90e407785d8dbe00fef741,2024-12-02,8200
bca-845d9eba09d16e7d61ea7c9ddbf32585,2024-12-02,1500
bca-ece524c1fb702dab4bc91cffe9f7a8ad,2024-12-02,71600
bca-1068397286560c14a05ec996e14e12bc,2024-12-02,53700
bca-943dffff7ec90e3caed4549ab3a7ff11,2024-12-02,-73200
bca-52a74ce61f9f623cd032e90cfd5d6097,2024-12-02,85100
bca-08d50d752dd1a53babd7b817a452c4f7,2024-12-02,33300
bca-9df3efc84411d5ee6a6ff060e7b63bca,2024-12-02,-59700
bca-779211acbffddb8ba1a22b69fc88af88,2024-12-02,66600
bca-a38e25ca9dcaf7e09055934c58d5ae37,2024-12-02,8100
bca-010ae89b2c5a52735adb9a521b758449,2024-12-02,12800
bca-5ebf3afcf1d313cb4962509ee1be239c,2024-12-02,41300
bca-e82c0bb8b12b68a3d97f894c4147adae,2024-12-02,-50800
bca-4c6f4cc9f551913b425bc1ac46c12353,2024-12-02,26100
bca-df41f3059df5de6fe2c591588ecd0c02,2024-12-02,22100
bca-9d96ba2bd5e3664bda55ee7913748718,2024-12-02,-29200
bca-082d8a0e7df7b782830f5b27460d9b8e,2024-12-02,76800
bca-3f2ebf810a55770fc22a85394f5227c3,2024-12-02,97100
bca-6e13f029fa0dd8587f68774e24b43c62,2024-12-02,36600
bca-2b26a0a0822ae889126f9a373453557f,2024-12-02,-18900
bca-d945d9c09b3c314e0ac01970740d529e,2024-12-02,26100
bca-5fa6e4768aa8a59acf690edaafc564ac,2024-12-02,29100
bca-653193f624f353957e13e7134a9100ea,2024-12-02,91600
bca-d3472b33b25eaf494d81aa27385b9a0d,2024-12-02,63100
bca-ea1e8e557b6875cc30bdf6b121f1f234,2024-12-02,-34800
bca-58b062b4b7c889fc871a978fe1d861cb,2024-12-02,76000
bca-b36ee045153cb5ef9c503e3e277f8094,2024-12-02,-62100
bca-eeb8cf6ad6b559920a69c9d6daa9d1ab,2024-12-02,22000
bca-a99ff76ab3d270cac129f8ca8d8f89f5,2024-12-02,-22500
bca-936216dd7391567f46d0b4b1a08ffdf8,2024-12-02,20200
bca-b5b1682536e6f96e24d2872d59a00a11,2024-12-02,53800
bca-f0712a5df995afdc387771e63043750a,2024-12-02,42200
bca-d5d140948b811168d5fdec23a9cbbc83,2024-12-02,-98300
bca-27a7d6ef01f0a8d0449240c1e465c8df,2024-12-02,37500
bca-79fd6a4a29171c7e44f3af5b79f0616b,2024-12-02,23900
bca-5e36a56c0500bd226c6aab75cda4628e,2024-12-02,42700
bca-573ba68912f921c6886c42729e3c758a,2024-12-02,-32700
bca-bff4d4e5df231390957f27265abea558,2024-12-02,34100
bca-2554cc3c56959f7a7104ca4cf23147c9,2024-12-02,43600
bca-17a9174c77e29643a75233f08b663485,2024-12-02,65600
bca-0df58f1a55183ea323db89ece0bad6b7,2024-12-02,53300
bca-cd4f8f4f0ac6b925341777bd16d018d9,2024-12-02,63300
bca-a4369be981c71d40584d1f31b81478bd,2024-12-02,8400
bca-2144d0d251ba30834311273f3bb85bfd,2024-12-02,25500
bca-c82c4175e60d5a695513003caa446e0b,2024-12-02,57900
bca-4abd894ab8ca05b799e85944aa86d1d6,2024-12-02,41300
bca-926b15ef4011a8739fd675269e67cfd6,2024-12-02,-56500
bca-de226fd7374b535972150d96de28ae7a,2024-12-02,37000
bca-2b5411ee22c23018efee159572732c32,2024-12-02,-23700
bca-cf85e781e6ae0607fdf7eeea61c71a08,2024-12-02,35300
bca-c2a6fe5a501db13c1af55b10bf84c3ff,2024-12-02,-94800
bca-440c7aa818c69a14310378d5c48f0753,2024-12-02,20700
bca-8d1bcb6b40a914d330bfdd02a6752d68,2024-12-02,13400
bca-ab8c5b3934daf4c256520cd533b82619,2024-12-02,-75800
bca-d9c3c6af3936433c41387440c7d793b4,2024-12-02,5100
bca-d94b61dfbf4f5342641c368b57b7e4fc,2024-12-02,65600
bca-34fa59ea8596eeb80735799ad8abbcdb,2024-12-02,95800
bca-9fb32cf087169ee5773125764e460c5d,2024-12-02,9300
bca-feca6f28eff27a5f74ab068f54f94b68,2024-12-02,15100
bca-261e6c5d73a79988bb58c933017fd4b0,2024-12-02,-30300
bca-e11154578ec5a33aeda3bdb751bb106b,2024-12-02,-9400
bca-6ef7bc8d1dd3673347ed1b75e028bfe7,2024-12-02,-6600
bca-e6d5c1453c6994e4e34099dbec608bf9,2024-12-02,11400
bca-49e51b82eb67804173878b79157e28d1,2024-12-02,45800
bca-03d3d88b5b33a9637464f928caabf81f,2024-12-02,78900
bca-3538311862ffac68a5019f84f2120705,2024-12-02,66100
bca-a335f44a9cae3febfa3040d0bf798d82,2024-12-02,-95500
bca-a709c137d0732583c85c501b75066750,2024-12-02,-37200
bca-a21f1f0bd619dc754a1b030770488ffa,2024-12-02,-70500
bca-d7bf085bcfa0d0c73878b0d0a2c17375,2024-12-02,86400
bca-e23efae6e87aa8222dba82ae6d07f8d5,2024-12-02,4100
bca-a0ba63787bade7177030570fd2ac07fa,2024-12-02,-90100
bca-be41808017c3675345a53b0c805cf1a3,2024-12-02,55500
bca-6ca1d2bbc68c4d1ed8b47875a2a6a761,2024-12-02,-57400
bca-f789baa18cc8d05f56fe7ff701814904,2024-12-02,-2500
bca-4557c8ef4f9a9c467a75d54c7e5abdf5,2024-12-02,-19100
bca-d2e3772cd62598c725056879f942f60b,2024-12-02,60400
bca-127d7c27a437a85447feb90bbf86d0a3,2024-12-02,3500
bca-53fa95027d9f8c3c2b9f2d5270a7b6d0,2024-12-02,88100
bca-63024283e665e1c94dc4a9c4333e114c,2024-12-02,-43100
bca-d9e53903263025fc85e891cd8bac3f32,2024-12-02,72400
bca-3abe2af561badc9457e0f5ea425bd45c,2024-12-02,98500
bca-35817a165291feee51664c9fabfc6f78,2024-12-02,41500
bca-32a8d01bed00d3fb3d0d23a0e487c2ae,2024-12-02,41400
bca-c935aa572f7e8963b53fea53a786ddf7,2024-12-02,40900
bca-969bac18661162bb22648063ce76c7dc,2024-12-02,12800
bca-3340bf5cae960eea06eba7f360da0a46,2024-12-02,-59900
bca-29162fd83080459cfaa1d7e271c2c33e,2024-12-02,60400
bca-f1fad60b9434eea1ba0dc31ee24090ea,2024-12-02,62700
bca-0efbe10600e909a5a293e5c2d73c2f69,2024-12-02,62600
bca-b89fdc88387965e95263ab3879e47935,2024-12-02,92300
bca-adef39b2199d55ec98cdbf6ae9e140f0,2024-12-02,-94500
bca-1ff5eefb1560dea47c3bde020e01ed56,2024-12-02,22100
bca-60bbbb08754a0e05411b5f88110e1b04,2024-12-02,-29600
bca-f971c6c3dea6ce8421260e93954cadfa,2024-12-02,-84500
bca-cfb2c9706ef7bfaa104e52a80ebba7a3,2024-12-02,-90000
bca-7a03ca3a731591d756eda2b875320865,2024-12-02,7200
bca-9eb8839298ae3325afeb26a211b7083a,2024-12-02,90500
bca-d13e5fd5cce0a3166fbff5af48d5c7b9,2024-12-02,62200
bca-76dc845e15dd3a2a6c979dcb29034e5e,2024-12-02,59100
bca-0e670a39cc675add49a4da9116234577,2024-12-02,-24300
bca-9ce5d2e5a35060ab1ff75e90d4b729a4,2024-12-02,35100
bca-1785ccbfbde457b84a2ec7f4b761194b,2024-12-02,71300
bca-9b3434f309c2dda72311879459387850,2024-12-02,71300
bca-5c0bf263ca46ff4687fe27f84ea17bb6,2024-12-02,52800
bca-4f927701215319850fd0157f1d9b08b8,2024-12-02,91700
bca-fa4aac336e7278cef9ae265c98117c95,2024-12-02,17500
bca-8105669d4fa4704cc7f54abc0029e814,2024-12-02,93100
bca-e392385a5b54a26bfae3ebd898f40a9a,2024-12-02,46000
bca-4e55eb712b70ffe9d4bb175b191345d2,2024-12-02,3700
bca-35606d892b994da989d879b8b551adc4,2024-12-02,57600
bca-53b746745727f69610347e6ff9222e1f,2024-12-02,44300
bca-140bab321b80d8a7a42439d86a835c5e,2024-12-02,70700
bca-808e36b1c3b33e315da476cacd42f817,2024-12-02,54300
bca-d51e51f4419dc13fe9f3b3cb5b1d0f57,2024-12-02,8000
bca-88d17fd0fe0c74e349f65b7a10d33133,2024-12-02,22400
bca-ed47972e91308d42036c4cda9e9e56cd,2024-12-02,49900
bca-213eb58d27c1b3b06538402b3cbb87a1,2024-12-02,99500
bca-fb31d8aab06549edd06ae27a9879d0e9,2024-12-02,26200
bca-7cf5e7eef181443017235677be3df02f,2024-12-02,92700
bca-4b1a9345fcea33cf16468ae27577b88d,2024-12-02,64500
bca-f588b146e53f26f2c59bec03a81d018e,2024-12-02,21600
bca-00eb491110b81c43a2a2f49ec82b4659,2024-12-02,98200
bca-39a433dfd33fa55a7685fb69f26629f1,2024-12-02,89000
bca-e5d6cf1b6716e5d6b7ca54e7c1b79aa5,2024-12-02,77500
bca-fa2f411648d4367a4e15252b00dc9988,2024-12-02,16900
bca-baaa404111be7cdb8c5a6b54fec610bf,2024-12-02,41300
bca-cf11d10f88a1818003a4beab2434f4b0,2024-12-02,53400
bca-1519d6b1fe9ceb6e5026509a62d91f99,2024-12-02,-21500
bca-7c43d67931e1d62cbbdce10a5b294cfb,2024-12-02,71500
bca-32f4898b12ec697b53fce26997634609,2024-12-02,75800
bca-aedf1610b0ade7545c2aad973e8a1d14,2024-12-02,70900
bca-6fe16437a449863e3f7f89969731a74d,2024-12-02,60300
bca-97e8cf71c43ddb937d2a75b9c95c83f6,2024-12-02,-20300
bca-ebd01b2f430f67da3fc7e7c69ad6f78c,2024-12-02,-74000
bca-873647d6d4107436ca07a706c7d7dec7,2024-12-02,75500
bca-83aa86f9bce006379594a339ec5f32ba,2024-12-02,88700
bca-fd6288b85e58187898765f2d3cc2fdd4,2024-12-02,81000
bca-98aedc50ed39f8c1b1056adb2b9a5ff5,2024-12-02,60400
bca-d1314328297f31dfe82f6fcdfa9e1bf1,2024-12-02,24000
bca-591cdf87e501da7cbad03de544e34aa6,2024-12-02,-13500
bca-04142322be72aed2f23cf73233ae8f78,2024-12-02,-3800
bca-f48c990e3166076efd473bfbb1e05102,2024-12-02,15700
bca-7e8563dec2ea6d6afeb8e667a0ef4f64,2024-12-02,1400
bca-2cc2372d0021e7c5066591048cca9fdf,2024-12-02,-67900
bca-a21a1e19fa21bf64796989b3a115a27a,2024-12-02,57100
bca-84ececb9c438b13e802607a4b48c71e8,2024-12-02,50100
bca-7e1ab318af4aeac55fbc8b01f0fb02f4,2024-12-02,2500
bca-ac54de35aa9816d349768784177bd428,2024-12-02,6400
bca-dbde79585b0b3f15ee2291a5a96aa0c6,2024-12-02,21500
bca-962977677955ab0d17dd4fbfabe8927b,2024-12-02,92300
bca-948cc514bb2ff6df7ba4fef756dced56,2024-12-02,-52000
bca-ff2f4744f01ac15b738f7f2b23ad6fc1,2024-12-02,42800
bca-dfe9c92ab89624046cc4c157d3a860a9,2024-12-02,29100
bca-10e7cd3ce765a40ac676cb670dd4dbb1,2024-12-02,77900
bca-89848d194ca9a5b095be129bac26fa22,2024-12-02,17000
bca-7e5eea882045d3673bda1fb9fd3d9630,2024-12-02,32200
bca-c32808bd508c84167f4056eecec920aa,2024-12-02,45600
bca-b6204a8a6dc1e66e5eb3d2211a1f84ff,2024-12-02,82900
bca-bc148141a4a275bba9f5d29851001aa9,2024-12-02,-38900
bca-937cbfc01217643820c89d7116dc6c73,2024-12-02,-66100
bca-fa33762a272adc6eecaa7822900dea58,2024-12-02,37800
bca-03d6845e1de6d64263f8ceb153f135da,2024-12-02,72600
bca-2d954d04d08a1334b9814385bf911e0b,2024-12-02,-61500
bca-51fed6f24f9f02ded47ad81c92e39d6d,2024-12-02,-1200
bca-5f09866f47d5297a344870c032a34cc3,2024-12-02,27000
bca-f14c2744d0531145dedcfd59d2f968ff,2024-12-02,28700
bca-05273236df06883ecd628f69936863ef,2024-12-02,33100
bca-eaef830b937e0c414e7379e92fe1f837,2024-12-02,53600
bca-db1ade05b53c82cea9d04cc9c7c1d974,2024-12-02,2100
bca-9a1b8f0c8b74006032058f769ca46b6f,2024-12-02,88200
bca-aab1de71e59619af19ad31fe0dc5254a,2024-12-02,26900
bca-acb935b92ec55663432d2220c494445e,2024-12-02,91200
bca-94bfe6650453ef9d8da306709903b640,2024-12-02,30500
bca-074d56b1634226eb8fd2e9e0677669dc,2024-12-02,64600
bca-6cbff8a2c6cdf2f9c43dc7987023c540,2024-12-02,-81100
bca-13a5883b7f0a609f345d43c4e1ecf226,2024-12-02,8100
bca-e15e3179e4c16fcad46debaf212e8c7e,2024-12-02,75300
bca-09474e501e67433cdadfdc852199d809,2024-12-02,-92500
bca-666cb38d0de11759ee75f278691c7979,2024-12-02,-60600
bca-b948de2789534cddde5692d67cc59fa4,2024-12-02,19200
bca-ae249d7325d1d453fd4f9e7bf79dd841,2024-12-02,41400
bca-ec8032dd0a34a10dda0c73d7a04d313d,2024-12-02,14800
bca-be78c80662c8ddb7c534301f04300dab,2024-12-02,-90700
bca-ae0841c98a9327833eb7461eddb0297d,2024-12-02,94500
bca-b353db7cf98b0260a24a3bcbacc75da8,2024-12-02,83500
bca-2facfc178ff8c0f253c8030263ee977e,2024-12-02,53100
bca-d8d3e806cdde91beeb994a11df24bb57,2024-12-02,-2700
bca-ead2d224300cc7dc5a5bc0b76c3dda9d,2024-12-02,11700
bca-d27ac4d9489540fc8a177d74c0330a61,2024-12-02,10300
bca-96828cae6a49f62ddc8639bde3f53e67,2024-12-02,21800
bca-00305ff143a971b2cd81b2a94ee4573c,2024-12-02,85700
bca-e0cc9389d00aa1460abb4cfabba1a8bb,2024-12-02,9800
bca-3c5659520fc2999793eda0c30b3cce83,2024-12-02,-84700
bca-71ac436a555be7c4dc26861341e5e8c6,2024-12-02,16700
bca-aba7436c099040bbcc0f649edac800bc,2024-12-02,-1100
bca-d56c1857c3983c1f4886827e20be9d14,2024-12-02,83100
bca-9f33bc4851bfa018721caf9fc60633ad,2024-12-02,-45700
bca-7e65cacc5d3d73046f9e42ca362e98e4,2024-12-02,99200
bca-70a97aa374502d92db571fa9be22d2d5,2024-12-02,83700
bca-fa05a9edc43ad6d0c456a982cc9abd4b,2024-12-02,87100
bca-9cf6e606e02153ef758a60a2aa942749,2024-12-02,-87700
bca-134b2f6f7bab82b550d1da2ec7bd2d57,2024-12-02,19200
bca-8fc4590bef87494eae080e594bf46370,2024-12-02,28100
bca-d1669ae8c861416365bd15964eb1fe6a,2024-12-02,55500
bca-df336da6dfa692b7549a3941d31857f5,2024-12-02,-70500
bca-5ef05c0920fbced1646db62ee2feb624,2024-12-02,-88500
bca-d847c3ce2988d76df5fba7fddaa3d78c,2024-12-02,94900
bca-232be24727138b5779d4254dbc32380b,2024-12-02,-46100
bca-be7191a36dd2424acf36ba103fc92926,2024-12-02,80100
bca-70e853fd6609beb78bfd30d5518d1fb4,2024-12-02,55600
bca-5c8bac94c3765ac98aa11c512f58da0d,2024-12-02,46400
bca-d999258523047f4fa297c3cfdb5b7722,2024-12-02,87400
bca-c04ba87e2cf6d8de208aa06a5af923d7,2024-12-02,1000
bca-f0531bbd0152b0a6bdc115508fb40119,2024-12-02,76900
bca-bb66fce122df843280a945dc0e59a0c1,2024-12-02,21400
bca-c25f33587959ca417efafa1b61fe7e6f,2024-12-02,43300
bca-567a00ee7f5acf784b35729a54465b84,2024-12-02,17400
bca-604f025d217981d5e36f71334c928a9c,2024-12-02,25700
bca-39d68c125ecda9c2ab729c53bf410acf,2024-12-02,-98900
bca-f091f570f114c19224a3bf05258242ab,2024-12-02,30700
bca-b4dd5ea08366248cbc0c26b4d15e6fc9,2024-12-02,-57600
bca-d368d67eec9418135ce30aa0d6029f5a,2024-12-02,13400
bca-40241c0173e7686bc0f0e617d527693a,2024-12-02,63200
bca-06fc111bdd6d8f6f5937d7b3c03e27ea,2024-12-02,38100
bca-92275737451cead0b581ef15e055a171,2024-12-02,-51900
bca-4ff80af0522a1d2e3640b1b5f8cfaae5,2024-12-02,63900
bca-77b681e862d7629ac829d5267b3da9a1,2024-12-02,62100
bca-58a5d23200c5e9cd8792479ed34fee3c,2024-12-02,13900
bca-260614ea667907996cce92209ccd7612,2024-12-02,95600
bca-84b2736ccc97f66064ff44a267249c84,2024-12-02,88400
bca-514cf0c008bea34c6fc320a81d6a9067,2024-12-02,77400
bca-be56c7913a6ab855174835fa837b0685,2024-12-02,50200
bca-c236f83ce2e707f4eb9f139c60d2d8d9,2024-12-02,41100
bca-9678b2bf7ed2ec3c18e57cf08c84f09b,2024-12-02,48500
bca-17e756e3bdbe7bb5eb48c4f16f1fc11f,2024-12-02,-98100
bca-997383fe68b361971a22c3594f870465,2024-12-02,84400
bca-39451093e899847b42c226a7151cbcc3,2024-12-02,35700
bca-acd418664b1383981c02b5503f4b6660,2024-12-02,57900
bca-f4e4e7aac6d704fb2641fff081901bcb,2024-12-02,-34500
bca-8b3717be704477518db05fd34f6e070b,2024-12-02,-49000
bca-58693d1c47d8996ea1206d2621007279,2024-12-02,72500
bca-3393b1eb6efd692a9ac909c45e0502ff,2024-12-02,40000
bca-83968618cb43981612f7fc02cd6158bf,2024-12-02,3200
bca-533de2eaf0ac5c14a4c02cc8b21f831e,2024-12-02,50500
bca-03bffb8985210ec3c3d70122f4dfed30,2024-12-02,59700
bca-fb8b6f4acbb6ab033515ee9ff9d5cd78,2024-12-02,-37500
bca-b98aba713e5bc6d2547a062cb23869c4,2024-12-02,53100
bca-73d53692a8991e751d68fcdb7bcf009b,2024-12-02,8700
bca-006909cfb8ebe5ac884ea736d6538a8d,2024-12-02,66900
bca-745fbb85a3a794bcceeb8cfff1adfc77,2024-12-02,32800
bca-7a09f23691588ee9063aa9b44ab6067a,2024-12-02,-15200
bca-5346dfe77b69a84436085943bfeab73f,2024-12-02,57800
bca-12f8baebd7a84ff062b1e751a52a0c2b,2024-12-02,38300
bca-0037abd8d7f63306329f120ffdd63011,2024-12-02,77700
bca-bfa5e138ae2dd0df11ba435e01acc726,2024-12-02,36100
bca-cd246761cf13e4709af4073842d071e1,2024-12-02,64500
bca-40c69e2d207e50118700101c024dfcec,2024-12-02,-63000
bca-6b352716d17e8b75d00355d4adfa7421,2024-12-02,66300
bca-c7fd4fb619c369ebbc8d6bb1affea2cc,2024-12-02,73400
bca-7df0929b20cb08c9bbf6678315f0dd5d,2024-12-02,-45900
bca-12bbfea4017fea4de1cead8d5eac4c25,2024-12-02,4800
bca-e5ad87e88b0a98e44bca063bd7f2cfe0,2024-12-02,38500
bca-2392833ef1d7dcf87206bf67e0b0d178,2024-12-02,16700
bca-b45aad775725bcbb2a390d9445c79bdf,2024-12-02,15100
bca-9984488e29f4071e19ce26c02ccb5e91,2024-12-02,99300
bca-00e8b09b1fa26577d29ce168cf25ea34,2024-12-02,-81100
bca-1537774a8f253fd35c4c67dcedead2c1,2024-12-02,56400
bca-94645e2072290cce25f167cfbb0275d3,2024-12-02,45000
bca-284f9ecd64163e52802b46b112da5091,2024-12-02,74600
bca-c7fdb6b95e1f28fdbb3bef5fb5fd6be0,2024-12-02,47600
bca-4537fad54a06e37e24b87f45d6dacbb7,2024-12-02,93400
bca-52e9db6a0ffc04ae5acc4b02f0a1c5d8,2024-12-02,-14400
bca-62b3cac103e617c71b54dfc0113d12f3,2024-12-02,-67600
bca-7dc372430ad98857cf8b299347aa0acd,2024-12-02,-31000
bca-2d41990c28109335083dc12e74c30a03,2024-12-02,53600
bca-e28d12e4ea0e72f0bb8d46d070718675,2024-12-02,12500
bca-7aae07887d038cb7f80c396096220ad5,2024-12-02,-39800
bca-584d51a1326522d551dc3a5f089600f1,2024-12-02,39900
bca-d8fa92d130c33d65bb7281ed3f9f0fee,2024-12-02,40800
bca-70cd95acef18b21090d51d2d37f6e409,2024-12-02,42100
bca-bf84c7d3d510fc2290501626f6670877,2024-12-02,21100
bca-9eaab860af968faabd7db7e6bf77a165,2024-12-02,41100
bca-9b584e63bd067f7b0e4656bfa7b8468c,2024-12-02,21400
bca-9284353fd8180c4360be144cb1f14d72,2024-12-02,93700
bca-148cbd3b46c1ea81f7b7b7d3522917a7,2024-12-02,97200
bca-d2fde81dc0f75012f418986aaecb9cdc,2024-12-02,67800
bca-30f6ee4751d96c5d503cee5393928290,2024-12-02,23800
bca-884f525ca4e4d7e0a1e533dd566c06af,2024-12-02,79600
bca-9aee7108abfcef007f8b426b7e48a03c,2024-12-02,45900
bca-262d2763588b625efb9b3b03bd277718,2024-12-02,85300
bca-8926e0dc14711955d3f1a9298606e65c,2024-12-02,70800
bca-d83a9079ba782a7ae2e593fad5e73e72,2024-12-02,-82500
bca-9a5e5d434a128601fd30b2c7736a6cd3,2024-12-02,87400
bca-500e1f79dcfd2c29e655690adfb05782,2024-12-02,11700
bca-363d0023a01525ab3857e3b4924fbbe2,2024-12-02,28500
bca-fbdb6c9dc5e3dfcb27d9460c1ca2b72a,2024-12-02,-24200
bca-f4641bb7fac8262690a7d73755480614,2024-12-02,57600
bca-8e3ffd06898b39631552b34027494c82,2024-12-02,99800
bca-79e6b7b633830c237fcea544f8ece705,2024-12-02,-77200
bca-f8349bd303d81aa8b1442afd21041813,2024-12-02,-53500
bca-b9942d8627d13c5a5d5b8e37a374aacc,2024-12-02,10200
bca-38e03b158df01b5e493949191452d4b9,2024-12-02,67300
bca-67e3e3013dc211cd977596db0b8797f2,2024-12-02,32900
bca-ce7d1d9bfa94dd4529cdb8efd3a9bcab,2024-12-02,6200
bca-8d5ce28f1e27a9cd2046bcf56db3e01d,2024-12-02,73500
bca-d90f168abfaa471f612853e31e81f763,2024-12-02,-96700
bca-08a2c4bc10e7e12cf688094e0b514b05,2024-12-02,3300
bca-8abd0a8fe30d1f04d93dce6266a7bf1c,2024-12-02,59900
bca-719c1c14bbeaa75101d976c5ca82c844,2024-12-02,-72500
bca-66c35a9fc8eac4a55156716babb7583f,2024-12-02,-34100
bca-1a2d16e3ea95e03f379ee6e7f0bdd7b1,2024-12-02,74400
bca-13adeef9fa727c20d7e3ea3467c4738c,2024-12-02,48200
bca-d31b31c7e636f4db0da507765a337403,2024-12-02,81600
bca-7b419ebe4859ed7e56aa67d90bc98bc2,2024-12-02,-84200
bca-3dea12c7be858c8d926c1f2e1b940aad,2024-12-02,39400
bca-210fb3bc6f373bb0561c31aad6e82301,2024-12-02,-70200
bca-5c5b1bf34b5e297f7983339b7bb98371,2024-12-02,40700
bca-e3d54e68880e147328c30758cdf8d660,2024-12-02,-43300
bca-d515cfc858f99c6873e95a3d863534e0,2024-12-02,70100
bca-e82028b917be2cbaf56c04f29464cb91,2024-12-02,48900
bca-b37274834faccfab2b3377a565106e49,2024-12-02,45800
bca-0889a7f87975cfe1238367c52981b103,2024-12-02,73200
bca-349173592fbe33babd816ac29fdb7c1a,2024-12-02,29200
bca-82bcc55c985caf69a7c9b86f7ceba0cf,2024-12-02,82200
bca-11c75ca1bb66dd1e4dedcda73919f6fb,2024-12-02,13800
bca-608a11d0b00fd4f63ac04d4d3fe16f81,2024-12-02,-27600
bca-4aa2783ee88c6ddf6bb2d14008d76813,2024-12-02,4300
bca-56d2536beb1d3ff44861a276fd03fff4,2024-12-02,74000
bca-b8aae04eb9889373fc0503fbd0a51a3b,2024-12-02,45700
bca-bc29f06146c8fa814a527fde5ce54a08,2024-12-02,-98800
bca-d8d59dbd7d193713ed99018b6c902b45,2024-12-02,89500
bca-a65f589bdb0e222650b8096836e40592,2024-12-02,99800
bca-6f6c0f8f5fb169e84b2fa58ec6d2703c,2024-12-02,53900
bca-9ca15211c96f6c209e3a2448b3c6f55b,2024-12-02,61100
bca-0f6642bf37c8c27ec20be5ce81c9281f,2024-12-02,55800
bca-d924225aaeed037501c7a1cd0cbebe7e,2024-12-02,35200
bca-3e115c31b7cb80eb01b23d4f0c533bfc,2024-12-02,65700
bca-b0e1c00a4143fb2b0c9bf1e924cb175d,2024-12-02,68800
bca-a816dfc267de47f020953314066709e2,2024-12-02,88600
bca-ff94edcb08a30fc1e549117ac1b2f0e7,2024-12-02,34900
bca-6c4f409e99cfc9302793fe04a05777f6,2024-12-02,43200
bca-6fddcd44479d4b9e671e604e3aaa8ca1,2024-12-02,27900
bca-80b5e7e4081f522bf42199c9b2e3e0e3,2024-12-02,85400
bca-ecfc3820574b4bdce95f5c0d53df30f1,2024-12-02,-29300
bca-3f04e0f9846553a8dca7f8edcc1aeee0,2024-12-02,74500
bca-5f44dde0e7f691f6b4ac4199a31f5983,2024-12-02,29300
bca-58d7934ab6755ac793cd412485d9dddc,2024-12-02,31000
bca-2fa9ee0572ff7bc753fb9c365b295472,2024-12-02,8800
bca-4dbb4311f88dfea93a2b3b2b29cdc537,2024-12-02,24200
bca-6a33b7d41d0a6a367e7c92ab07cc8da2,2024-12-02,15400
bca-4915df8ed9cbe7f401f8f38c89c2979a,2024-12-02,67900
bca-87e3167a1fab45d141b479e22174092b,2024-12-02,66300
bca-1948789eaa584a28799eadc315dbf006,2024-12-02,-15000
bca-6c6e6c79c2cb67aaee2846c13791aa55,2024-12-02,28700
bca-24c5ae1654ff5b878d68412ff01dda22,2024-12-02,64400
bca-965d9b09eaa35c7bbf510b2271cea6fa,2024-12-02,40000
bca-827bda92fa179cd61d1cd047845dde71,2024-12-02,13700
bca-cc3b51a065fe430371afb4a0fffafbb9,2024-12-02,-89800
bca-e524846bd0dd649cba8f3df453021705,2024-12-02,43900
bca-8544bb3b8d07c221c086a6c25637b494,2024-12-02,90500
bca-ad87c8ff9f428ed91506ac3918e65907,2024-12-02,24200
bca-29574d33824da8ebe664ed1efd69bf15,2024-12-02,56600
bca-01da44843886c2516902838c80d2d776,2024-12-02,9900
bca-dcaa0509799df55019116427a6a057ab,2024-12-02,2100
bca-fc5fd64b078885d69f5b716ce1fe9307,2024-12-02,-31600
bca-af34a1ca76b31a4176066988eda9c766,2024-12-02,83400
bca-0a5e8de082974e124340375b0d73bcdd,2024-12-02,-93800
bca-cf8d1109e0546d2a975e8f780a2cc4d2,2024-12-02,6100
bca-ef69eefa188fb4320decb007ebdb14da,2024-12-02,-99700
bca-ad42a4a634e90a5da254adc28887dab6,2024-12-02,89000
bca-e88cebe9934ab6d7900c7cbf1d59c949,2024-12-02,59600
bca-040dfcc25dfce5ce63e36d970c2bf17c,2024-12-02,90300
bca-73b03394b9c9e5e94775ff2564801d2b,2024-12-02,2700
bca-394164088487be9b4cf4c1da675f9b1b,2024-12-02,77900
bca-71ae190a7bf9ef1be1f29ec4c855d98e,2024-12-02,51100
bca-ea1aa6f6db88b83ebb3011161b78fc2c,2024-12-02,24400
bca-892c427deb4cffaeb9c1cbabb3d1f77e,2024-12-02,-18300
bca-cbbd8013a1356c1c857cf0e51b8744b3,2024-12-02,47900
bca-43e50bbac3d25f533b57595bacccfc0a,2024-12-02,-44800
bca-2aaf120304d7d8ae51efed8874bedcd9,2024-12-02,-89900
bca-bd454a20b8f8d82c43c3acd4acb35acd,2024-12-02,34900
bca-27e689540b3fd989313cede10135074c,2024-12-02,86200
bca-3ee17e65e057ddec362ab36057878894,2024-12-02,99900
bca-b93fa40b61923c2a4a570dd33cade09c,2024-12-02,34400
bca-d1bf2a2f7d31e70140f44cc68807de09,2024-12-02,-24200
bca-4ebf74e03cc266fe2461eb6a86d06d48,2024-12-02,93200
bca-ee279e2c365a12e81ac9d8befcc44004,2024-12-02,36700
bca-376ef7845f56db1a3a647affddbaf083,2024-12-02,-31000
bca-49331590e0cd8cc686d49f8d5f47b63f,2024-12-02,-76900
bca-9a2d129cac8ee9cd07a201bfdaaf332f,2024-12-02,-4300
bca-a6b32835fc8b07f5d72aceaf5e12fcf3,2024-12-02,-72800
bca-bd3462ab8a0d6a03766dc0ebbef4b20a,2024-12-02,97600
bca-9c78ec18eaa92ce45a56c0fa7ae61441,2024-12-02,53700
bca-15421be78b4b8f800888700103661009,2024-12-02,-68800
bca-4eaa4daac5ffe6fddd874be0a192ae68,2024-12-02,1500
bca-3f2ccd887b722615e38174dc9249af33,2024-12-02,54400
bca-0f7044972e52db36dd23590d751f4977,2024-12-02,13800
bca-43db49f302e64a6900bf1cb974c06390,2024-12-02,-31200
bca-c595ad9eb7831d7d5b38814f9ca8f96b,2024-12-02,97400
bca-ac20a59ae9ac54b44318bf6007584069,2024-12-02,74600
bca-505d46282291d8c4ba352e8688b0b57b,2024-12-02,51400
bca-2215dcd5842678195d1830a3c6c449ed,2024-12-02,51300
bca-1821145f72f31c4e27578f92bb83cf3d,2024-12-02,15700
bca-ee316fa6802dd3c684580a2f9496e815,2024-12-02,22900
bca-f1ddceca52c6ccdf8ef2b4f4c752482b,2024-12-02,64300
bca-7fedb88ca4b305819a56d61f830c7649,2024-12-02,96500
bca-ab5d3f3177eef986990c74b7f13a6c5c,2024-12-02,19800
bca-6c2af5f5bb7e4553e1f13fb5ba29c462,2024-12-02,64100
bca-b77770f7f6c89f3de568804ce25d0859,2024-12-02,82100
bca-4c3ece35b8e3709aba9790eaf4ce4571,2024-12-02,41600
bca-a9eab5a41162f58e5decc8ecda8021b7,2024-12-02,88200
bca-7bf234df184a1a63df62f68664deb90a,2024-12-02,-21800
bca-dee4fdccf18955b176aa72347221c562,2024-12-02,28100
bca-2b61bc200cb7bf0567c2c9367857f61d,2024-12-02,98200
bca-aced568afacd4d9a2e72635cc07866f5,2024-12-02,4700
bca-e055525063b9a805cfbea41b199c1819,2024-12-02,80800
bca-99e0a9eed2724e0dcef0a62231e46af8,2024-12-02,95000
bca-ea66ae184770f7dce6c7f18a868f4f5a,2024-12-02,48600
bca-17759c8fecb14d7f395cc3a5f8285dc7,2024-12-02,6800
bca-10463424275f34344c6fd3d163590229,2024-12-02,62800
bca-9e9e0041ad3bd9f13796f869381c21cd,2024-12-02,-14000
bca-ac81474afd8035039f438a1aa7b001df,2024-12-02,11300
bca-7b58ae7bfc86163f804cb4bb5fe3d9f6,2024-12-02,-67000
bca-109bc9d8af6abd97e4b0f860b8bbafe1,2024-12-02,93300
bca-fb7196e46a6c9798aa6d56a6882d3082,2024-12-02,-12100
bca-f3e7e7f7903a1414942bbd590be5263c,2024-12-02,-75400
bca-ff1084400299f7dbc0694866d3dd8c47,2024-12-02,76700
bca-09faf4f30df0c84c4b225e1c2c716098,2024-12-02,17200
bca-abd6438108e3f8e4bf3273f8086aac50,2024-12-02,-39700
bca-afd111e82890fa19538d35280cd17ff7,2024-12-02,16400
bca-a05d7477f0549e4aabd86d32ea4c4619,2024-12-02,49700
bca-48be92cf1a49ad5821225f8223407c0b,2024-12-02,14700
bca-175221f8520047922ae44ce32fa60d23,2024-12-02,6300
bca-92641c64f752be23a80fbf2d35a0f97b,2024-12-02,89000
bca-00ebbff2974b010578d1d5e9a13eca54,2024-12-02,-76500
bca-71a1e85256e5cea273f75ed97808fa14,2024-12-02,27200
bca-cfd650263ff9f257411ab4fe28d796a7,2024-12-02,29400
bca-f5a57e892ddb8c7035d9b370244cd722,2024-12-02,-35700
bca-cd81443850f3cc1350331eef3e07e07d,2024-12-02,34800
bca-a8598ee1a8a16a1946949a1c811d2237,2024-12-02,70200
bca-92db142bf17fcc8ddd83b2b4c2a5ac66,2024-12-02,45000
bca-36103412c681ef6dd7ef9fb2c44fa88b,2024-12-02,99500
bca-927513cc0df4c875a057c36658702352,2024-12-02,23200
bca-04549142b1a2a8ec5c6b42de80205109,2024-12-02,99500
bca-3dfcb248a916a3cd690c9ac629b12a33,2024-12-02,-31700
bca-ce48f81b987770c101e8ff6b9c05a2ff,2024-12-02,-45400
bca-43b5d16af6678edefa5eb1f6915c952b,2024-12-02,92800
bca-8ff84c8e7467dd824296bfb47b537915,2024-12-02,-32500
bca-65d2cac1cff696289471a2e433615138,2024-12-02,92500
bca-a6a968415687a4acf1c34501ef63e59b,2024-12-02,16500
bca-672cb71c385919f359802ee726c2d1c2,2024-12-02,-95800
bca-e2df0e5aed71bcebbb978772331588cd,2024-12-02,-57800
bca-70dde2b03bac9c8b613b7e704f418cfe,2024-12-02,91200
bca-40a32eac8fdad975607a3f164bc30fac,2024-12-02,92000
bca-50c0d5a6476ebf300a43a424af733197,2024-12-02,-6500
bca-3cc7bf22503e1a07596151702c7ad7cb,2024-12-02,-35500
bca-f07c661ad5bb65096d68aada67d8aa12,2024-12-02,73500
bca-4ac1e5ff93ce0df719f55027b73ae5bb,2024-12-02,-80500
bca-999d5179d6609abd96dd0f43f5644acb,2024-12-02,-46800
bca-2b1570f6418f76241e8fef32c7a07e25,2024-12-02,7900
bca-df4527993e480a72d5071cb96ca422ff,2024-12-02,78200
bca-cb69ed9a89e1aa0c38285685d706289a,2024-12-02,3100
bca-d227570234014f3cc403341cacd597df,2024-12-02,72900
bca-5ce851df81b524f6dc78ff179dbccfa7,2024-12-02,10400
bca-6d7bb66ba04ddf8e03e9574a853f423e,2024-12-02,74200
bca-fdb3df920dd03109705eac16428b5d25,2024-12-02,56500
bca-2f0698f8f671ca193f08ae62cb393565,2024-12-02,86900
bca-fc379966de3f84e3499f95df9f3f01d6,2024-12-02,31800
bca-67b5bfdb384eaf161d44e3c5d2264637,2024-12-02,79100
bca-686d3cdd88fa083346ad5f2ee9bd3459,2024-12-02,70700
bca-0d0148e5813d116b5fe51c0685307fe5,2024-12-02,16300
bca-a7d1b4adfa9ed10a5a84e92b6f7d146f,2024-12-02,5900
bca-0d7d9db17d3296a5ddd13537296106c2,2024-12-02,62000
bca-928be72405e35cd823859ef7be6e99fc,2024-12-02,22600
bca-10e85b0b7ae456c4383696c6a7b55cd3,2024-12-02,4600
bca-f35555fb92dba7c382e75746542da3b3,2024-12-02,41400
bca-a0da575dfae0cb9952d28038019e2db7,2024-12-02,26500
bca-427a5346271bf8e715a1535f4d791730,2024-12-02,47600
bca-e5d511a53dc05f43d5d0319609154c5d,2024-12-02,91400
bca-d180f2f87750c2fa1bd3e0137c99e31f,2024-12-02,90200
bca-47abaa1ce76a1a06415b76e83d9b7942,2024-12-02,28900
bca-83db22f8f0b3538498639d99ca49b5c6,2024-12-02,82000
bca-6d4c3879f8ef1248f66d49f11766608d,2024-12-02,-90100
bca-ca1ba409474db28b216bf1b351f0e704,2024-12-02,80600
bca-89f842156675f03c2e60fe7ef916ae41,2024-12-02,-25700
bca-5af3f0a1aba3c9de2ed05c85e2373496,2024-12-02,50300
bca-d910c69698fb5166104a5bd913f87d85,2024-12-02,53300
bca-78575f6334f61ddd33fdd5875d46ade0,2024-12-02,47600
bca-e7fdcae58204462ba317832c7519e15d,2024-12-02,-93500
bca-7deecc3123d0ffb814ffb20681acb886,2024-12-02,94200
bca-cafba05dbec479b5a904c1c2f6798c20,2024-12-02,3800
bca-632702b41b5a78b795594a9e07ec8238,2024-12-02,-81000
bca-e50b44c5b61df95cb94bd9f621ffb7a7,2024-12-02,28400
bca-8e7a176b677d5a6730de6fd1cc805a9b,2024-12-02,-84700
bca-d6cac44cbe443099f811f9ce374abebd,2024-12-02,29000
bca-bf518b53c81afd81ed389dabb5c48660,2024-12-02,54400
bca-f32edaf169a756b3bf375c128f326065,2024-12-02,69200
bca-5936a4d28330543287c7028c1bae95f5,2024-12-02,8000
bca-8d0e6fb047f4bfc05831666ac0b0b7d9,2024-12-02,30000
bca-a9a5a83451bd62f1f6ddbf818f27d795,2024-12-02,-38600
bca-4d0da30efb62ada764d3d4430f06963f,2024-12-02,51500
bca-dd05f5dc0a11bdb1fe7f0dd2ce169b87,2024-12-02,24600
bca-36c6de5fe12e67cd91cd69ef137c716d,2024-12-02,-54000
bca-39bc2db17c63f3108af8673e867ebf5f,2024-12-02,87600
bca-6cd0012cd02b6af728f02b612cf468c0,2024-12-02,74300
bca-ef289de4dea28549815900dfea1bded1,2024-12-02,-41000
bca-fbe0c4813d96c2db541766dfc1c1d15b,2024-12-02,3100
bca-25af2d77b3d414c6c031f815207889d1,2024-12-02,96400
bca-28e35a52a2da0df56420cf7a1ed53ee8,2024-12-02,42900
bca-1dcc7a45852471da6105d43c03a01b88,2024-12-02,89200
bca-5953e7741876970e251b521dd689fab7,2024-12-02,-18500
bca-9e8590c32346ff1dc5ca8ce36f399eec,2024-12-02,44300
bca-63a7dad6471592c114a63be891733ea1,2024-12-02,28600
bca-0dae184f37900d08c9914e9086dbc7ef,2024-12-02,-34400
bca-fcf9d998408f625fc6c68b517548fb3c,2024-12-02,12000
bca-4b2bcf07559d00f55e6d7a88169fa214,2024-12-02,96000
bca-78726baceda75f7144687046a854afc2,2024-12-02,68700
bca-97b0ceeb77e82ce28599fd9afe23d323,2024-12-02,37900
bca-fabdf199facebabab5786bc970cf2848,2024-12-02,55600
bca-e69c8ef63e1eb671710378353d3f5986,2024-12-02,-73900
bca-5b4c74830be36e03730712c1d5f29fc1,2024-12-02,-9900
bca-24ed4c278860155ecd0376f0733707d7,2024-12-02,-31500
bca-d10b72f796ea60dcafa02458faad6c13,2024-12-02,72900
bca-60fd357fd025cc2b0ac7cefc6fade6f0,2024-12-02,15600
bca-b4bbdd264a98b2ad89be3f5885588a2c,2024-12-02,98400
bca-4213fd29b3432e2c2703a19bf4f971f2,2024-12-02,56800
bca-1c569005972a3581c0d5847b8e34c795,2024-12-02,-58700
bca-4d263119fc8db05911eff2546685e500,2024-12-02,39100
bca-cfb27fd3382554d6b9587dfe72c8696f,2024-12-02,-14900
bca-4f8514cfd1d366257d1dc4f5fe1b6f09,2024-12-02,35600
bca-74c9cc92360618f65268c7f0b9a16796,2024-12-02,28700
bca-262923d0d55fc3d85cfec5cc0082c60c,2024-12-02,38100
bca-3beaa954e04f66f1a4a1883e9dab46a5,2024-12-02,95100
bca-0fdebcc836dfe256366ffff1f2c67218,2024-12-02,-48500
bca-a0762d8c52bd36a601152b88871bd155,2024-12-02,20100
bca-9178f37ced6886ef0c43eb877b84524a,2024-12-02,-30200
bca-a510a91cea652fe974061fafbb15c833,2024-12-02,61900
bca-9ea3f0bd499ce11019ed56d8cba4c125,2024-12-02,-1700
bca-4ecebd475de759f2200df6b8f9f03f6f,2024-12-02,32300
bca-2c854afb1bceba543f159224582f595d,2024-12-02,90500
bca-a70d72abf8767ebdc537c7788fec89b1,2024-12-02,80100
bca-cfd8dba8b43be3eda0afb3e1cd4ddd0c,2024-12-02,-75900
bca-b2d9f4feffbdc3516bdeaeb5ba938bb2,2024-12-02,76200
bca-b87128c58e175dfba8117c7de229e449,2024-12-02,-1200
bca-8edfe19fa1962bb61e91a2505915dea6,2024-12-02,19400
bca-75b84bb55cd12d74905f825c6c37a43d,2024-12-02,-12600
bca-709ba3df0b2ca4ca2b1edb2c4c03da2a,2024-12-02,11400
bca-0d78bea455b0ca3780a2758e3db46fa4,2024-12-02,-71600
bca-cbc77bc27c10f721e2d260d230f3c828,2024-12-02,67700
bca-5679cb1eb62bdd0a51f29442c8aacb8d,2024-12-02,47100
bca-0f741454bca39fb8f3a7c4c80adb5c6e,2024-12-02,88800
bca-5bc88bbf460094383de6418c92b4868f,2024-12-02,51900
bca-46a750355783e8fc5b70a70cf045a4c1,2024-12-02,24900
bca-1e23787bec8320b59357477014d70fcd,2024-12-02,26300
bca-fccb3dc2dac1376e863e505da81bb72d,2024-12-02,55200
bca-0e2e324e264f5b4efee58d731d50fe1d,2024-12-02,-14600
bca-7c919b9096803b6cdb6e8754d0920f02,2024-12-02,64200
bca-88aa2c88ebf22d22491449250c1bf22b,2024-12-02,14700
bca-b6a72bde4c69daa3b79134c1d5382bec,2024-12-02,46500
bca-8aa7c28e508842fc2241d55f62b53b65,2024-12-02,1500
bca-4ecd85b763df7a41e75b3de87b05916a,2024-12-02,-86400
bca-57f7abde38a7ff92c1ddb1a0a11f0b14,2024-12-02,7400
bca-f0a5024c5e54f8bf54f045c2c66c85ab,2024-12-02,40500
bca-46849b128e7f6130c800397b2263ae5a,2024-12-02,81100
bca-d9933bb5d62a68fa86fa1c9490450402,2024-12-02,84600
bca-bf8375609a1286ed14818f569fa28c6f,2024-12-02,76900
bca-861cdda5640e218bb8d156f7a0938c92,2024-12-02,-8000
bca-dd4bfbe9055f5ad9f21061452615aa55,2024-12-02,89800
bca-3b9207745b672a82054d308d020e63a2,2024-12-02,12500
bca-21f4321bd4782ea5240335d9386cecda,2024-12-02,62400
bca-660ae239839d6bf304f5c87c531fa2d1,2024-12-02,33500
bca-93dee61b5bb43cbc98907745c5db5655,2024-12-02,66200
bca-2aa1a74217e9c156f9f7ed6a2270aca5,2024-12-02,-28000
bca-513e9427dfdaca5f4d336f95d2af1e2c,2024-12-02,16300
bca-b436bd81d049f230ceadc40b63245bfc,2024-12-02,24300
bca-f203770a14aa81c2bea016896ac9ba96,2024-12-02,-4700
bca-cff1daa233924197d62293396464ff29,2024-12-02,93300
bca-c3734eb13fb56e0abe2c1f6e0a14d8d7,2024-12-02,48900
bca-4cba4371638f69a515e23688f2997d3d,2024-12-02,57900
bca-244a9ba85e2a33b8d656ae9b365af2ed,2024-12-02,51900
bca-c73aa95c1938d9124fbca0a3512a6524,2024-12-02,19500
bca-d4a2adbe2c52486c46447362b27230e0,2024-12-02,47600
bca-4bd12358e10d95e3165da3f01ccd559e,2024-12-02,69400
bca-d1ec9832cb0e03209eef2bf95128e18f,2024-12-02,19500
bca-db9798446939d1e47f6fba809970dea1,2024-12-02,-68000
bca-cd0bbe4a209bf6401d6af8fa1fdeaf72,2024-12-02,12800
bca-a673608d484d643e46cc2582aa227165,2024-12-02,23300
bca-a67b8941e5f3016116902e8bc1b47fff,2024-12-02,-86200
bca-0a38ea284647cb3df9057ebc5ee7c9f0,2024-12-02,-24600
bca-d802c78d4934399879b2e577c1e0ca30,2024-12-02,95100
bca-5e17eb4396db063235431daba77ab624,2024-12-02,97700
bca-4854f482e32fe495502f7c608dad4977,2024-12-02,19000
bca-321bcca2cd4b7c07843bf6826efb6425,2024-12-02,18400
bca-ed331a007b2102ba00c5116166166754,2024-12-02,81900
bca-614d90002c45448a89445442ed0200b4,2024-12-02,64900
bca-79edb2794dfcc8b57baf5600ec4bcc49,2024-12-02,-97200
bca-d9afab5d60891281ba86bf148c89b0cb,2024-12-02,-88700
bca-0a57658d865207c1c7bf971b2a9f6f5b,2024-12-02,16900
bca-1f181527a3af773a2d65dd21b14c4763,2024-12-02,-66100
bca-13bb0538e1b755d1a98265a9c82083fe,2024-12-02,82400
bca-ee5b0850f070ebfcf0098f9d43121ecd,2024-12-02,-77200
bca-1626f73acf3cade9db5fd7d222818dd3,2024-12-02,47800
bca-6704c03e12d9913052c34c6097759be1,2024-12-02,63700
bca-a58a51ab37e3f48ccbbae139a41af076,2024-12-02,87200
bca-2afcf7816374a4da208e6125c009084a,2024-12-02,38200
bca-5b5c8dcd8689600bc25aec096c9a184d,2024-12-02,98700
bca-6548e8352952eb10578405099e3006c6,2024-12-02,-42100
bca-0444a1ce384c3d7d77f66dfee786fddf,2024-12-02,97900
bca-7c02c26a585be27629271e2e7d693de6,2024-12-02,11800
bca-e42f5227bc3877d54d88e31a3fe65b43,2024-12-02,-98600
bca-4fd3f8a70d0d0f1c59b1795ad3df1203,2024-12-02,-74300
bca-38a7e48cde2e78c97584a750de6005eb,2024-12-02,95900
bca-48e65e1ebcb021c6335d98a2719948a0,2024-12-02,-88100
bca-4ee2ef1f3016b286c581b0dd58204ba8,2024-12-02,-97900
bca-79e34709d8e950c7df785d5b91126168,2024-12-02,42800
bca-60fe625242b335eb5cb0b6f81accd925,2024-12-02,3100
bca-7d0589668a1523c7a6e209e289cfe101,2024-12-02,16000
bca-ed828291a528f8fd4f2ed83ea6c22561,2024-12-02,-42100
bca-b0636bf99eb6b801ea74862919f7a5e9,2024-12-02,-26300
bca-ba469dec478c86314c864446575b17a3,2024-12-02,18900
bca-7a084413a94115370270302ecfc19af6,2024-12-02,5500
bca-9ca6f48eeee7bcf62be3cbf776e1994d,2024-12-02,73100
bca-de92161fa704023e11a2614789502a44,2024-12-02,-45100
bca-b8a6823d5df070cd7e82a8b3e025a529,2024-12-02,-8900
bca-8c329d0439dfa6b530ba50566e218fd5,2024-12-02,25000
bca-f4e5533ae37ef22355d88fde787daa7e,2024-12-02,91800
bca-ffd0ec3b66ec831f917c386e209e6c3c,2024-12-02,64300
bca-a60ca8e5b1860e3316032d33b31dce7f,2024-12-02,25200
bca-bd8bcc2c7536f392e4fa4af6f4d9e633,2024-12-02,-10800
bca-8b92045846cb62c414d5e632b6bd97b3,2024-12-02,88500
bca-58d80173f9109db2692c2b72b5b338fc,2024-12-02,19500
bca-28e215afc95422c9050e5572bc3b32de,2024-12-02,32100
bca-f6a594432982d5ee6858460dd5c9d772,2024-12-02,14800
bca-f2b8e27478f8529451bfea546da11116,2024-12-02,-45900
bca-4d2b21e547d91b116b235714ab26b61c,2024-12-02,-40200
bca-9efdb8309a60014d4bdc4d33a6ae0d1b,2024-12-02,47700
bca-dac21305c461eb64c1f666da0c5278f8,2024-12-02,63200
bca-806c4f06fbac486aeaed58d6bcab9559,2024-12-02,-48100
bca-ff6ed94e48244803be667d2ed163b99d,2024-12-02,51900
bca-b7d63d746d56d68508b726e1be41e7ff,2024-12-02,58800
bca-e257b7ab7c0efadeb654ef0ca9cb4c9c,2024-12-02,82400
bca-595e8ee5b7be77c3ceb0783352541435,2024-12-02,-45200
bca-c7b8fa5def22cff1124f34236457c421,2024-12-02,66100
bca-e13762305d394a6274f335b283a73270,2024-12-02,10300
bca-88e9520550a94dd6c80a6042c9a70339,2024-12-02,-46000
bca-897853becc1b954b1d9be63d0d8ab1c4,2024-12-02,-42200
bca-f1799363ae69b3eedde688ec0447a895,2024-12-02,45100
bca-0dc44813e343c2c1dee52d4476a203b4,2024-12-02,10000
bca-c7c2274c3109acfc05b656bdff4bb587,2024-12-02,-26700
bca-36a0513d82ed472ef7245823bebb7bf0,2024-12-02,-21800
bca-0b82c866b69d76773fed0d688890d63a,2024-12-02,64600
bca-5ecf8dd63b94beb5a2602178b33782b5,2024-12-02,30900
bca-d6622383edff7b4b03857d9c7c55149b,2024-12-02,71200
bca-69641bf074d702aff754044c33f1bc0b,2024-12-02,-68500
bca-810e697936cf73fb9941416752c945bc,2024-12-02,78900
bca-c3df5d0c640765ca4b58afd789ebe568,2024-12-02,57400
bca-72f9e20f8fdb09c23369c06096141622,2024-12-02,-90100
bca-e22e76977e86c034ea78e5aae83fcf8b,2024-12-02,34200
bca-d035d8346ea4b0349171d0e7e84781f6,2024-12-02,97200
bca-ca591ceeb31c204a74bb1cccb480b6c0,2024-12-02,13900
bca-e6e32448a1b4cd1e052783e11403fff6,2024-12-02,93300
bca-2c9c506e4d00adbb3f4b892e207eea82,2024-12-02,35500
bca-fb9f33c07330f47e5a26e641c6a2afdf,2024-12-02,63300
bca-adf120f3434a08fbbafb855d5fb9f184,2024-12-02,6400
bca-5a7c23b5b3bf650c8be8847c5226b436,2024-12-02,82500
bca-60b2138b7651b7e3a4a6b677e46172de,2024-12-02,52200
bca-7f0dd68d7541e72a8fad1c60bc99d158,2024-12-02,68400
bca-5266bebe2ce66a6f1dc8f5edeb0a57ef,2024-12-02,72800
bca-dc4a7835231f03e6b2b9d69b7f61de91,2024-12-02,-73800
bca-bf60fa6f002972e063f74009fd929738,2024-12-02,-87600
bca-1645792b94391ab23fbcea6fe88ac639,2024-12-02,61100
bca-e5fa2cfd01883d5028dad66b697f74fc,2024-12-02,92400
bca-21bd6f4e869e8dfb45ffc7b79cbe3eab,2024-12-02,58300
bca-5941ba426c209a71cb116a98af1442fd,2024-12-02,18100
bca-766f956097ef314610a994fb7dd49679,2024-12-02,47500
bca-620fdf9b9dd90b3cd1fba7be04b52b26,2024-12-02,-41400
bca-a8b83b0d2d021b0f20fc313f80c12ac5,2024-12-02,39000
bca-626c21cb693be345dcd47805a531d141,2024-12-02,47500
bca-9e0cd132e8c32c9c2dda87606ae91093,2024-12-02,15800
bca-0b5e9d692615627b0e1a1f60d76e4e4f,2024-12-02,29800
bca-7f73f4abc2548e0cb038936c19a4ea5b,2024-12-02,79900
bca-625236bf770119bba1b4b5a973517486,2024-12-02,66900
bca-1fa36d061375224bcf16d70b9fc2a43b,2024-12-02,17300
bca-70bdb17ec13fdbab2fd4c94c2e3a80ba,2024-12-02,37400
bca-56d3ea7e0abdbc77294ae7a9f1c4a605,2024-12-02,76500
bca-96fb5800c599f0d47fa2dc265b4b1f78,2024-12-02,-96600
bca-41e440f8282abffdc9b13fa3fd5d5d69,2024-12-02,49300
bca-2f55c932471c22e62c35d75f3eb03b75,2024-12-02,83600
bca-a5b207faa5d9dbaeb3877dd321addb5a,2024-12-02,2200
bca-ae2a00a8ceca270b992fc276f02586aa,2024-12-02,94800
bca-d16e947d317f3ed46b90e2de9dba29d0,2024-12-02,-60200
bca-49330aa8ea24c94e901662e74db35c6e,2024-12-02,74800
bca-3a66516253f0b01b218065b5587523ff,2024-12-02,-77700
bca-1a806dc47e089741a6b430fb872d7ebf,2024-12-02,97600
bca-1ddbb33aba5c9aface76b7e23dc912c2,2024-12-02,10300
bca-b65370e5d00a4175990941d8b50619ab,2024-12-02,-61900
bca-a588b1a8ca18cea5a6415ef5a5f8298a,2024-12-02,22600
bca-a7bb69205dc9395d0b023b5321a5da16,2024-12-02,73900
bca-0c58f8dd39580152330929e397742955,2024-12-02,29100
bca-835b37cd42220ca85714a1069834b181,2024-12-02,87400
bca-f12bcf615199eba70c26486b92cf3259,2024-12-02,73200
bca-b5aebb49668dd06e1e79dc482fcf42ea,2024-12-02,76400
bca-aa7188b1759f3717d033c652e02e76b6,2024-12-02,9900
bca-0efb029c4b690521517c1f7a1e65cf57,2024-12-02,99900
bca-4b6e34fb766577b45cb27bd53a64fe17,2024-12-02,52400
bca-84f00894b1133ed46f2ce0c5c9f427fd,2024-12-02,63000
bca-81a8ebbc6f762b0acc92582c16b51b37,2024-12-02,-44000
bca-b3cbdfa6e6f91e26469b2d82062c76b3,2024-12-02,32700
bca-fa8c208c36d9744870b857843003334f,2024-12-02,61800
bca-5ed353c23c20b62e2097a72cd7885ac5,2024-12-02,63900
bca-52212e1782bdd10f3bebc9178d31f87e,2024-12-02,-94800
bca-9b796159b5d14591ffa2ca7725852233,2024-12-02,39000
bca-b991a786887c55e7db1f80bbbba56287,2024-12-02,-70700
bca-117f5fa79d6bd6e62817af8084216b0b,2024-12-02,1400
bca-7b25476191427cbc3cc8bb01b4653c02,2024-12-02,43600
bca-c638e77bcc4fdcc2d80c1658a7dcf7de,2024-12-02,78800
bca-a39395eb203c318dcf24257fe743700f,2024-12-02,41400
bca-a197ea7de4f9dc1c982d52a5e317fa9d,2024-12-02,53400
bca-4a917c942368358a013fc3e464b7c99f,2024-12-02,-12800
bca-170089aada38bb44d520b509140d42b5,2024-12-02,5400
bca-2c0cf5790d5e7f10f8c446e76e05bb2b,2024-12-02,46200
bca-763120f4994ccc0e35ce5c1a9de2dc99,2024-12-02,46600
bca-18c803dc2fc439b8c548037d64e43a4e,2024-12-02,39900
bca-c80a022c012460ca5e8a548df32fc934,2024-12-02,1500
bca-c4185ed96c5f1ea567dc35d996eb2c64,2024-12-02,-46500
bca-de46ce59a82d928811a06287c3338da7,2024-12-02,-73500
bca-a3e9bd4d1c0a72286e2869f99ac0884a,2024-12-02,48600
bca-c99c8d0ce20997a72245d7ce67113131,2024-12-02,-72100
bca-d60d9ec4e89ebbcee26242eeac88efe6,2024-12-02,-34600
bca-a131d3833f93ff1b574410a00d283f0c,2024-12-02,56600
bca-1c50b06f10beda62d5f479468b2ea844,2024-12-02,96300
bca-c6472a872b7815a8f1a0c7b07f01180c,2024-12-02,-66600
bca-666390cf6133e2cb7162906d4dd0fe34,2024-12-02,88400
bca-db8a0a96e6d6134d5fe0a1142c0e4af0,2024-12-02,67900
bca-dedc3bb4c6f6bff8a791b727f20ad75a,2024-12-02,73800
bca-76d566710059e9f6fc5695d5561892bd,2024-12-02,42500
bca-d8b03d779113151931f74de58ae3408d,2024-12-02,73200
bca-bfe19b455e44759d713beedab7581e25,2024-12-02,15700
bca-1d45cc7a8f2d762ece0a7f7e5d0a8147,2024-12-02,64800
bca-fd9767eb0fe9fb6ad71736a6d60d36f7,2024-12-02,-29900
bca-89f0df331155a9e7121e06c5a8edb173,2024-12-02,46600
bca-a53089e7160f84914ccfd792d65d6cbc,2024-12-02,50400
bca-592dba7045353d9f56cbea145b57c605,2024-12-02,-63800
bca-cdf95bbcd807546a2d8d5f42febf2bae,2024-12-02,-63300
bca-a37d2d21db26a1910c7a9f49ad297384,2024-12-02,49400
bca-df0ea6324a2154a4c277038f7347b91e,2024-12-02,43400
bca-f630fa9a8a3ad41b2d071e49a11f6f2a,2024-12-02,76000
bca-a1bed53130b98ecaeeeaaeea0f316223,2024-12-02,-96900
bca-cfe8a8a7c9c0374e072dd14ed91ce23d,2024-12-02,82800
bca-2fec9533f2cfb856753f5cb509abf71f,2024-12-02,-20000
bca-3a9a5f5863763ad21a31dbdd022e2e53,2024-12-02,-87200
bca-fce88811f1588d206afd4b64728aded2,2024-12-02,11400
bca-107e6a00908e2eeb87407b0086860a86,2024-12-02,-36300
bca-9b6332f141cefce1f6ef242a7773b079,2024-12-02,85700
bca-475e77adc80acbe590ca59676de1825e,2024-12-02,42000
bca-f7e41f960c41fd9a5e32dc121a7cde56,2024-12-02,73700
bca-71e4f044dd4e26ec3acb9c0c66fed226,2024-12-02,-49900
bca-df30adc7c9865405dc9b227514f546c5,2024-12-02,-81100
bca-3f2b6e736e90886de92516537693f560,2024-12-02,-43400
bca-feeeb00c15e18a902bafd2226c9cbfc3,2024-12-02,14000
bca-c592818e9bbfdef4dd39c08066d0082f,2024-12-02,53500
bca-0b23d143088aa88e2b86c14f1a99ec98,2024-12-02,35400
bca-751c9f8c42abfd2d7dead3696f74aff0,2024-12-02,11200
bca-9f41cdb7a8808a37f3ce2e6091fdccdf,2024-12-02,92100
bca-946a374774d87aa7d2df8b41cd5b76be,2024-12-02,17900
bca-49f3ad8a1cf11ceef5f844828d1747fd,2024-12-02,89900
bca-88b99ef3b784834a9f9fa21d9751e6e2,2024-12-02,-20600
bca-5ee56154862949d66710cb12825b0b3c,2024-12-02,13500
bca-31118a6710c2ff632d11752e92493c50,2024-12-02,37700
bca-f42b1c78d38a083075ad5c2c369bf7b8,2024-12-02,74200
bca-6a4587c72f0db1c140da8ba329a9f392,2024-12-02,-20300
bca-c83b9d4891d957e0fbcc84a48268fc82,2024-12-02,24500
bca-70ea4b45b2f42749791b1c561ca5d95a,2024-12-02,99500
bca-0c013fb0e5e636e5e7f287b5a3bc7cf0,2024-12-02,-82000
bca-f7efe4962dd3c8b6b15f9440434074b1,2024-12-02,81900
bca-d3c0cacb35613c14bbf20181545a647e,2024-12-02,-50200
bca-7871b90003edc4e1949a583b2466aa14,2024-12-02,92100
bca-96c708bf83657297b5b85cc442be645b,2024-12-02,73500
bca-b6769159a439cc907d29325bd1afd251,2024-12-02,49100
bca-480c297c4bec76f99450422f3a4b60a1,2024-12-02,43500
bca-cbfd916e6ccc96b54140757f3b22c529,2024-12-02,4400
bca-64a499259ed8ecbd390683c709235f51,2024-12-02,-72200
bca-c2024913cc2a5bb3ee0fc35bc075cd23,2024-12-02,1000
bca-2edcf45d485f0bc1aa51a8966d81cd48,2024-12-02,86000
bca-e73fda688a0f93954b1de64079ab9655,2024-12-02,39700
bca-054b1f77e7ad81308c270a89b418efd1,2024-12-02,67800
bca-ce345be976906b5516548e0a040b615e,2024-12-02,64900
bca-a20a199d856e97ab1b5d3f7828123550,2024-12-02,2200
bca-415f09aed3648a97a5800b90a3d5e8ac,2024-12-02,52600
bca-d78dacda6e74ebdfa5ad0d4791ab6bae,2024-12-02,-85600
bca-23bf566dfed117bb49981743abf65904,2024-12-02,90400
bca-95e4bf89cf858c0486ed97e4e7e346a9,2024-12-02,65200
bca-d9a3113395acfe0a9ad6213bf88ef650,2024-12-02,27800
bca-d2f051edb56cd40721dee76f368eeaee,2024-12-02,61500
bca-749b694323a446af106b21f25bfa5ad2,2024-12-02,67500
bca-d047004aff307af430e67eea876bcef1,2024-12-02,84900
bca-cf2ad1999e2174fdf039586230d0116b,2024-12-02,-95000
bca-56d96fab4038e828780d94be9df25004,2024-12-02,65400
bca-6e154a0ec27a0668e5e957a8f9a395de,2024-12-02,71400
bca-71c394d5bf3e4a5af3043b3facc62ebc,2024-12-02,87300
bca-8caf2e4e31aa73bff510887ebc1f92d5,2024-12-02,15400
bca-0ffa76959099e658f5252cdc3f254d90,2024-12-02,53800
bca-35b6e34e9bb7f3aee301f8cf58997733,2024-12-02,74400
bca-0b8340c45ea5a35b179cd9f3c805b56e,2024-12-02,67000
bca-43a9a00ed7f09d44fb1e6fc1b4736f4c,2024-12-02,-10300
bca-37aec5954d110b0fdffc3c99622718d5,2024-12-02,26000
bca-fbe33a2d2cd9cd56ce72d8ed430d581b,2024-12-02,30100
bca-43884755a02f70399416b267930c662c,2024-12-02,-40400
bca-ab18b6c0bd756efe46dc025954e202e4,2024-12-02,4100
bca-eb9c466bd78df6eabe70a617f89b3b1f,2024-12-02,-28600
bca-fa9f359a36a3a01ffe52c463c90e12d6,2024-12-02,-73100
bca-abcf78e388555c572859a212d81a9569,2024-12-02,72900
bca-e9c90039a8ff048de356ebc456b91819,2024-12-02,-9700
bca-8ea01fbdfcf8701a74422d32e5b5e8b2,2024-12-02,66500
bca-9443cf242022ba40e70f21126b1dfb65,2024-12-02,9200
bca-8bf423c5dea24a0f4a114bd398926cb1,2024-12-02,60200
bca-3935aaa16ab1d28367a87c1274fbde86,2024-12-02,82500
bca-2da31021e75c31e3c5fff3c6868d2e73,2024-12-02,44000
bca-61b6b18dded4244d9c720697beaa8b2f,2024-12-02,86800
bca-9de1ac6bc7f42b3b04d765b570e58e00,2024-12-02,34600
bca-4edc843909966559241fc2a01dd33da6,2024-12-02,97700
bca-f478b37c3e02454583b1cf4e723941f2,2024-12-02,48200
bca-2d1388129e0da57764b5f5327843136c,2024-12-02,70300
bca-9ffa02f9f8c0d37466946fb60272094a,2024-12-02,4700
bca-78cf7231a9247aaed5b5248991aa8ffe,2024-12-02,82300
bca-75bb567f5c5472390f530e34bdf5afcf,2024-12-02,91700
bca-1b260e417f0bf1da786c79889e4667e6,2024-12-02,61000
bca-1ad17527b1245ba4a8eedccf6373a415,2024-12-02,52400
bca-a74a38d9fe219e3646af6b751ac71b2f,2024-12-02,-79500
bca-12e72014a1abfe1b968b8edbc6b1b3fc,2024-12-02,67900
bca-d8118e3e28ac2ca0d7fabcc70b081f8b,2024-12-02,56400
bca-6ca77c8ed436708a6fd7e5915fb56075,2024-12-02,7000
bca-69f114d9deb00ebc87b813ea0c458c0a,2024-12-02,75100
bca-04f36cb3bd68792e0caa800d6920e81a,2024-12-02,92800
bca-dabdb7a4d1de3ce59d556c5efa8b7179,2024-12-02,-34400
bca-cb37395c901880583bd39a4ffe5ff235,2024-12-02,67900
bca-04a61c25c3d0f4116dce77d9b33e9df5,2024-12-02,79700
bca-1282f39a58227655dd999800468967f8,2024-12-02,95200
bca-9a8a4ef4a3c010a809d6e769351b4363,2024-12-02,38700
bca-31b2ec9a0e6e75b9cb64fe049ff06e9a,2024-12-02,73900
bca-e7674668ce5c99d0fd0f8eb401ce8f3a,2024-12-02,24600
bca-ca9f446a821a70720a82d7b941665c1d,2024-12-02,36400
bca-5a3937c0b5717161e70618ee701e3c95,2024-12-02,-57200
bca-888855f953afe649fd2bbf16f8d5a39a,2024-12-02,21100
bca-f38ea74ccab8cb6e454c425bece6a006,2024-12-02,93400
bca-16ce116983e468d248da868a166fc7bc,2024-12-02,80400
bca-7e78968154af393cf4ae5db4472c5d15,2024-12-02,-7000
bca-31f352115c4960d63ec94c592586d030,2024-12-02,19800
bca-d1784e53680628a32fd2d73f25f38d7f,2024-12-02,6700
bca-a568cd86a1dceadb5614b371dea4dac3,2024-12-02,95800
bca-a10f1b6ba02edbbaf7c33ba838bba989,2024-12-02,-69900
bca-631b5da25924346dd93816e2708f0405,2024-12-02,70700
bca-e5854602a22a8e1f6fe18bdb12b619e2,2024-12-02,-47400
bca-0f61daad15dee603b44f73fda9c8e81e,2024-12-02,85300
bca-086f2dbfc2f1b842b8892c2dff2d19b9,2024-12-02,91300
bca-fea424ea8f5930be26f696ca2c74d7aa,2024-12-02,89500
bca-f33772bc932404e52df0c231d8397a62,2024-12-02,-49900
bca-d2688cd1e32f8fe2d9f805a5fd9c3dbd,2024-12-02,12700
bca-b1a7009dec71c84a5f0989003f2ce879,2024-12-02,90700
bca-400b8712ec11d52fe96b4a33c089513b,2024-12-02,53600
bca-a079b268ed1a7b7dafe123c599504cf4,2024-12-02,-98100
bca-cb1b76328cd6625460c0855b47aa03aa,2024-12-02,94900
bca-dac8cc6d6dd70e4cc7e7b3106fc5de79,2024-12-02,7900
bca-1419b43a04fb29bfb3acbd376a2a5b7b,2024-12-02,-73000
bca-430e2264f224ed80dc23f9fe4b325f79,2024-12-02,-94400
bca-436c970a00fac35c00304ef8eb5c548f,2024-12-02,27400
bca-b7e431567fef5bb5d97609ddd5cecf3e,2024-12-02,-81200
bca-dbc22221f3a2fa57d7d52b32c22b5da2,2024-12-02,30000
bca-29006114742f5b75ed04db462bfa6420,2024-12-02,23500
bca-d84a1d5abeb184e40c1a1a30ed5543a0,2024-12-02,98600
bca-8d46f4dc55bd067491bb210f4b2aa886,2024-12-02,39500
bca-b2bd22b290e6d7f6cd26a32b2d0d64d8,2024-12-02,12100
bca-726a2992c9b07db209147dad1298b9a8,2024-12-02,86800
bca-c6d5a336450923fad0350931fb303dc5,2024-12-02,-82900
bca-472825bb73232e7c12ba5b3b18cf6d7a,2024-12-02,-20700
bca-cad67c14b611fb35a4350868a7b9b4c3,2024-12-02,49300
bca-74bf1e4e8502d47293b0ffb8a7936225,2024-12-02,9400
bca-05b4b7d55904cbc7988f85da101e6061,2024-12-02,-57900
bca-d4f329673c7c4a45472c34d1151d110a,2024-12-02,84800
bca-f7ace3b1d4646e508d43b98179df904b,2024-12-02,-43700
bca-998affb88c1b892b50324fb44be6f5e0,2024-12-02,50400
bca-0cdf1363899dad95a3f5451287e078f6,2024-12-02,1500
bca-b06956cad208178304e9caf7c1e4c7bf,2024-12-02,46500
bca-c5bf37494c136a62d32372e082b1ce53,2024-12-02,35400
bca-39293009be7056ea5d077d4ba06c9d02,2024-12-02,38700
bca-8a49ae502168dfce83ab87c044f65279,2024-12-02,78200
bca-6b74e23bc1b23bb5d943d39c292b65c4,2024-12-02,60800
bca-d42c199b1718709decbfcf76799efdfd,2024-12-02,77700
bca-72ebcbc1146c7f13ac0f710882f2c4a7,2024-12-02,95400
bca-bf063475a62e8b577ec8134dff36f4bd,2024-12-02,41000
bca-d1d8e7bc04b315bdb6a3dc7a0857e967,2024-12-02,28000
bca-63578dc6dd54f09b6880d3960e5ce4c1,2024-12-02,9500
bca-f6589327cdc5a000b64e3369e6400362,2024-12-02,62700
bca-c6d4c4534d07f129727d177f4970b6b8,2024-12-02,21300
bca-f5e5a2405699579d6c923289f3cb3006,2024-12-02,-66400
bca-3dbaa2d160fc016649b14efa0e09521b,2024-12-02,32700
bca-fdc3a4ae0ba11203679e75ac39bf31de,2024-12-02,35400
bca-7a610ea2d857148434006bf1928fd3c1,2024-12-02,-85600
bca-5a17b028f55234ba2c65f8b52dd8006a,2024-12-02,61500
bca-765a9be8c2054132a4d2acfb422f3b53,2024-12-02,-7400
bca-f9b83e924b6b0a3278b7a2c5224d5c87,2024-12-02,56300
bca-7bd5d839c092abca3fc476bce6b00c09,2024-12-02,26700
bca-d73832b9698cf9a841d82b20b5772911,2024-12-02,21000
bca-56e29251545294a9ad9f44391aada76b,2024-12-02,-89700
bca-9c5d21f554f00f6be1d66e122e7cc93c,2024-12-02,61200
bca-5cbbb861e93e01a099c1f57df0b27b01,2024-12-02,70000
bca-20d236f6a4a4cc35437cf5fcc51eaf53,2024-12-02,65100
bca-6001cc17d6178f40b7a02effd4ca0d9c,2024-12-02,85700
bca-2a7498813bf386e7f39440646f2b5295,2024-12-02,24800
bca-aee55800d3d69484d01d5cd478238cf1,2024-12-02,11200
bca-74388064c8e9dc2becb8c5850b01b1d3,2024-12-02,16600
bca-6f56f84e6b00b7c645964fc98245a068,2024-12-02,31900
bca-1798b423d586cad65807ca45cfdb4256,2024-12-02,15200
bca-8dd8df274f1c4fbe2af6a04a78a07a4e,2024-12-02,-16800
bca-9d86d7615b5598eabb137cfed9db7692,2024-12-02,97500
bca-47e90968f3659b5a3b6926e3cbfd09fa,2024-12-02,20300
bca-eca0ac7a7b8beb6c41798c8bb0a2e70c,2024-12-02,-98900
bca-9649585fd9c417ffc994ca552ea7f5b4,2024-12-02,56500
bca-11f147c7ab84d2edf3d4ff72ec355329,2024-12-02,31200
bca-599842ce1da7061f283d266a3b3107c7,2024-12-02,73400
bca-545565de5862819b02979d222fdac839,2024-12-02,89700
bca-73a2c5495a98ccdd5ea932dcde83b2fa,2024-12-02,-4600
bca-a62603bc8bd7338bde5deb479e6cdcff,2024-12-02,-30500
bca-1c23b4fdb6166ef2aad264971f228949,2024-12-02,86500
bca-0002739554339724a6d8d0fd7981b628,2024-12-02,-67700
bca-6d6700d2813985b98472988c99521203,2024-12-02,-5700
bca-1a4c8a7a73c5a36ee387644bd5d68917,2024-12-02,7600
bca-a8fc0feba4ed5d110a89666e3cdf2824,2024-12-02,39300
bca-70e5c267c3cc91d59f9963cf94d69c62,2024-12-02,-30300
bca-eebe8bea3326305e5a722e8d26d49317,2024-12-02,61600
bca-9499430b892fc54d19be771ebe762de4,2024-12-02,83800
bca-79078933435ec4d131054f414605c299,2024-12-02,15000
bca-f07fda652ec6e80c46d470dbeb55c9fa,2024-12-02,-36300
bca-5cd10d0a0227bbcc2bc57aebbe7177a9,2024-12-02,41800
bca-4a4aff3b1db7cc417ec09a81beb1b7ba,2024-12-02,36100
bca-b319ca2678a7e6574981e649f8cce4f1,2024-12-02,12800
bca-b0843dd951af5daab316e38c63e38d96,2024-12-02,81300
bca-474b1093c0f9ce800503343681257ae7,2024-12-02,-5200
bca-6354552ec63854a340159799b072164c,2024-12-02,-81500
bca-452672daac9a85cb94887c6e7a9c6ab7,2024-12-02,58500
bca-2825fdde4a38f97721c2e5281e6ff602,2024-12-02,42000
bca-1815cc4f4a6845d1e5dee575563975e9,2024-12-02,42300
bca-bf496f22501e91a6bc7f728816a5480d,2024-12-02,46600
bca-54f685748483b1d3e2598645a7f4a560,2024-12-02,65700
bca-3091fef2cb9bdaa5b437ba09de7e89a0,2024-12-02,-55300
bca-1490d9ea5ab00a7c4a3b00dc99d3ce85,2024-12-02,22400
bca-e4122c65f51c75ad06b6ad60d9509f2c,2024-12-02,94100
bca-8cad0abac367e8c05ab4d24e459d5121,2024-12-02,95600
bca-e8205285e2c73b29b624654b014e905b,2024-12-02,85300
bca-1bc7ec67004753222d4478a3628fe48f,2024-12-02,8000
bca-24bd89aba6602e081517adc5750f41b7,2024-12-02,39500
bca-68bb0f48463f9d838e5dfeeaf0a22219,2024-12-02,-30000
bca-dddca95359c801ea081ae8ce7d86d640,2024-12-02,-8900
bca-82b696b08effe17e711fae348aba6dc8,2024-12-02,-72800
bca-423290cf83643f94310f62ea36dff1c1,2024-12-02,24500
bca-eff4fe97e75a1ca9f07fd4018010716b,2024-12-02,-34300
bca-bdaaead4b836d9444c442bff9547d12c,2024-12-02,26900
bca-eaa46e1dd0a1ae2ff74e0f6b642e3530,2024-12-02,-41200
bca-01de160bdbc5d590782372f9e32c1bb0,2024-12-02,59200
bca-ddef0c3f605667f7c1af38d407f47cf1,2024-12-02,29000
bca-28e3a25a0dde3a74caf4d82b04d95a1b,2024-12-02,-43900
bca-8d086872914db6904d4d4298a2faf722,2024-12-02,8700
bca-7d4dc6d8cdfc7a49c1674b1b721f25c2,2024-12-02,53300
bca-9ac766feef36cf9c9cd7a709a19eb7dd,2024-12-02,45600
bca-8c2789ce3144c24b7dd46802e3cf04d9,2024-12-02,21400
bca-9e8fa45cd8abf3c6e1128f63aaffcb93,2024-12-02,-9300
bca-3682fc1a8d359f3a48f928555318b490,2024-12-02,47500
bca-1e9d940f00a591a51e000ad5fe46529e,2024-12-02,50100
bca-4e871ed7cca4c35137e969e65764a26a,2024-12-02,20000
bca-efed56b0964b8afad4016e38b4e5c4cd,2024-12-02,-89000
bca-a9a85a6ba1f2cd309cee22a4c296520b,2024-12-02,68700
bca-12c1e1113ecf8d62b7ecaa0f60561b10,2024-12-02,-10400
bca-67f429009a218460eaafad641052ff81,2024-12-02,50700
bca-edf9470659702adc7bc490f916105a74,2024-12-02,26100
bca-69dff575597aefe022cb6e5459d111f2,2024-12-02,-44400
bca-eb0282c4419ee3a583872a088c7cb7bb,2024-12-02,68500
bca-5d8376ba5fc7ba597be6c3146b4569de,2024-12-02,-45000
bca-6acda8c41d1a7e6ed8d3fe00286e1ea2,2024-12-02,72100
bca-0f1e6bfd074a2b9fae023ff6307ca270,2024-12-02,-84000
bca-c416eb039411531132e8baac73526710,2024-12-02,45300
bca-ecfd0190796d820a38c6dc183e5e3765,2024-12-02,-43700
bca-64333e44baebf221f8e37cd4e6f4c80f,2024-12-02,-95900
bca-44acee2eefd9e41ad3a79a060b89e98e,2024-12-02,9500
bca-318824d7bb8cba28b1a8641923341b2c,2024-12-02,98800
bca-d9765a1c52d6cc195ff1afc46356e1b5,2024-12-02,22400
bca-69f63f2bb36ecfb397358848f351ed58,2024-12-02,47000
bca-cd28d8e3103d3d250cf474787cd15536,2024-12-02,50300
bca-a74aadaaac4b61756fb21b21cf79803a,2024-12-02,86600
bca-0ea1632e73da2550fef485ab68bae204,2024-12-02,18200
bca-912b19627206548bc5a1a16bf625c3f9,2024-12-02,3500
bca-a9a4be2cd2c3636ec51830bab1023036,2024-12-02,67200
bca-6262a3ed7822bd0b01c2b6fa80bc7262,2024-12-02,1200
bca-1e2eee636b67779eef4c2e1079f76038,2024-12-02,-62800
bca-07cf751c7050be512c0e169b3379e0d8,2024-12-02,39400
bca-c86f7a8f7dae8ec639fa817ee2cf32b4,2024-12-02,91900
bca-4ff88719eb4cb3b1a0691c51e6888a99,2024-12-02,95200
bca-53f46410bed6b3269bb4172cd24d354f,2024-12-02,60000
bca-fc6e62d6e074774a4f52a09c7ed00a36,2024-12-02,-4400
bca-b12790639c4ac2d7773f13f388523ce0,2024-12-02,94100
bca-68c0c34879776d19ffe86bcb192a7dec,2024-12-02,48000
bca-b09a71af12c3c784ffe38dafa5730630,2024-12-02,2300
bca-2c6afd1b67bcc73c75a97b984c493a87,2024-12-02,46000
bca-1c104e1098a4f54a969c1d86035e9fa7,2024-12-02,27200
bca-ace462edf452917cc0f906ba99d17647,2024-12-02,73500
bca-ad3e61906153acbe2b9bb40968aaae6d,2024-12-02,-32600
bca-21522708470762f882d8ab38f3cac5bb,2024-12-02,-94400
bca-d14b2bbfc46de2d7adb573cf789c6b79,2024-12-02,56000
bca-8783291569f45537118918ee3017b1c6,2024-12-02,-42000
bca-6637ce2f72562c7c371c1af755d975cc,2024-12-02,-55800
bca-6cc67abe2cd84ae4db7ccc4c3a2b7d20,2024-12-02,38400
bca-b88775d8a9425b9a57622da722baac31,2024-12-02,-79700
bca-26d745bde7d5831814cfb85294cbb908,2024-12-02,-15400
bca-142405f6795b9d5e6ad93862488aead8,2024-12-02,56800
bca-d5140fef48792e5b92198753de23031f,2024-12-02,77300
bca-c78ea168077f8b26a8e00ecca6bdb14b,2024-12-02,-81600
bca-ad97c90d606c6e7c8d9f1f426f0d1a04,2024-12-02,-10000
bca-43c86fb3515823d048f9f11dd6a1c834,2024-12-02,94400
bca-f505143dce636f76ecc9b586e61b0e39,2024-12-02,49900
bca-b36f3e3536e84238a96758281d144b69,2024-12-02,10300
bca-6ae43f66f4ec883551c5d9ea1d5fca4a,2024-12-02,75100
bca-557c737fd5b445246452636d70fe0321,2024-12-02,-48800
bca-538ec4cd23c1f354cbe455b85deb9a7d,2024-12-02,-12500
bca-023ed5406ea47d57cd29a853b2bded22,2024-12-02,58000
bca-407929ffcd9bc90377b9ba9912afbc08,2024-12-02,76600
bca-5314ad971a1b24de3aedb5d6f373b5d3,2024-12-02,-7900
bca-dc89c1504ba5a101883fcad78512c74e,2024-12-02,34100
bca-b18f7f86acaa5e4ce09984b03ad60b7e,2024-12-02,57000
bca-660b9963677b7d3ace623a427b7ad0e5,2024-12-02,90400
bca-dc7b533ecc56993ad0a12db73df57a6f,2024-12-02,20500
bca-2dee07447d9731e58a3502c7bb8eb849,2024-12-02,58700
bca-f66b87a7a9c4ae3cc45baddd4c05a6a0,2024-12-02,12900
bca-ff213c5d52943a12650ffd853784c066,2024-12-02,20500
bca-1e3ff776135d2dd3891420e7b69ae067,2024-12-02,94900
bca-1c91d63755a2f7ab9cdd9a22aa8a4bfb,2024-12-02,63700
bca-566ba45531d2b5d75561a2d9b91a5145,2024-12-02,-50600
bca-2695d4f4835f047365a7df67c60e05d3,2024-12-02,-83900
bca-13e417b83654b52fb234ff0971921bda,2024-12-02,92100
bca-7c2e3f3539cde6a19aac02f720f3afb1,2024-12-02,90600
bca-e9e55875858488340ae4416184a577bf,2024-12-02,-53600
bca-118b118ec6ee786444483a9672d479a3,2024-12-02,-72900
bca-c560b435212eae2ae29b20cc56b2089a,2024-12-02,80900
bca-14487169e9daf8dc997e546cda22b69d,2024-12-02,23100
bca-54be10d739fdfc7d9533842b03710fe7,2024-12-02,-97700
bca-a9eea68e751dae99a942c73afb0d733b,2024-12-02,-44100
bca-3218d37b546dc6083d1eec44e73ac35f,2024-12-02,95200
bca-ca99ce292edba7cb4befef8427e2d5ed,2024-12-02,76700
bca-f93295076ed45c9640e51fa1d98c0601,2024-12-02,-96000
bca-29dbce311406ad3261318d95d46d6650,2024-12-02,15900
bca-8c1b9c4bb5dd671216e1ff4f72260559,2024-12-02,88700
bca-bc626ab7b76546a5efef70af379d45ea,2024-12-02,84600
bca-74f369038f8f7f8e910cea9d300d08dc,2024-12-02,-82000
bca-87d6edf3d585565c520aaf593462637f,2024-12-02,80600
bca-0ed0643e1f943c84bebc0bbae83abc40,2024-12-02,7000
bca-fb9a6a4ea39eb949e9901c41d870f7e8,2024-12-02,65100
bca-4820f7cbf80e76a33d61786b6b6e6c89,2024-12-02,4600
bca-7ada826578f1f1f439a9f53d5cc50654,2024-12-02,-59500
bca-4721f684ad225c28251a0d7892b87e4d,2024-12-02,84000
bca-573b53a8b0082f1344df769e3d79f9f7,2024-12-02,49800
bca-b433bb33c9be0d85c23de82de34ebb80,2024-12-02,76800
bca-2513fcbd255da40be48022fd1b774c03,2024-12-02,36300
bca-ba9edefeae13bb5bd06c1f675adf6363,2024-12-02,74000
bca-b9b036c171e323e9974a366c1ab531b3,2024-12-02,34200
bca-1648b8763310f17ce84eb23d506f80f6,2024-12-02,88200
bca-32da4b6a2a7ee7cbc9dac2d361f18718,2024-12-02,86300
bca-7f84e7a5db5300c4dad2b4d75c99e4fd,2024-12-02,16700
bca-f2d282089bcc05ee3eb4305c28a8cb92,2024-12-02,-18600
bca-9563084e04ae5696cdbcb3f053028b2c,2024-12-02,15300
bca-d83b34291c71eba1eb761e6d5b4aa2f6,2024-12-02,-36100
bca-d88448482506a18060cb343f0e8b6f2b,2024-12-02,70600
bca-85fb8aaee037cf7b439540ffaa6fe38e,2024-12-02,-69600
bca-450f79bd8c1ee502ae502e4b76aeb64c,2024-12-02,-97800
bca-1d5a0d36e7e178b723ae4ea6e559af9f,2024-12-02,21500
bca-efb83c6066c05636402176bcc8c06246,2024-12-02,-58000
bca-3adb4371a9671f60c5a12e6d37b65ee7,2024-12-02,47800
bca-676a22a4261beb006f2b149b4af089f5,2024-12-02,83000
bca-464efdbe1e9340192ac86dc44a5775c2,2024-12-02,52900
bca-d6c928bcadd209d8df15267ce722ac6e,2024-12-02,60000
bca-82d852c7596e48cb3b9a0d384ca31133,2024-12-02,86600
bca-91945ab28fe9fbfbfa15fcd4e5d5babd,2024-12-02,-28900
bca-e99e1b6877254643d5809466e0fbefb4,2024-12-02,56500
bca-00e8fd05e19e8da0a035333323b9b88a,2024-12-02,68400
bca-b0b3c804d5378a1c4b1a4f79068247c7,2024-12-02,45000
bca-add17bd3fa18e8328b7214a286748131,2024-12-02,-64500
bca-0af24144d980ce21ff93054707d559bd,2024-12-02,44700
bca-7dd1d570de8cc02381f241e968125d8e,2024-12-02,31800
bca-058f74be7d2f99c91f56bdbaa95e8456,2024-12-02,45700
bca-95a7045efb5f04be6d5a3f00f6bf2028,2024-12-02,11100
bca-2950cd71adbf85ff77229927ddee91af,2024-12-02,14600
bca-b04b858c94b998cfdb807fabc287e9db,2024-12-02,-49900
bca-e2bb067e9952cf90b430e8edd5d1f394,2024-12-02,68800
bca-e76a5c1b6e3a7b427eae9df28821f229,2024-12-02,76300
bca-26a3f30f1f5b2f174568e0144a9c04b3,2024-12-02,70100
bca-1b138e30f736eba61ca419c3fcf958f9,2024-12-02,45800
bca-6f6ef55043ce223a3c522d677c476766,2024-12-02,4100
bca-66faa670c12539a143d9b15abee61de8,2024-12-02,60800
bca-6870d0a6188353eaf585b268643dbd76,2024-12-02,21400
bca-d35d56dc5e4bba4fe85c2ff3166c3633,2024-12-02,-89100
bca-3d9fb1957b89fefafcf5782e6cdc2dca,2024-12-02,36800
bca-54aa61559440f39c5021ee4e867a9e77,2024-12-02,58000
bca-243111238531271b46120c86201c31e6,2024-12-02,46200
bca-88eaff64364d39efd2688e31fe7da1e0,2024-12-02,28600
bca-a29ce76058a43a4dd6cb126aee133f19,2024-12-02,84000
bca-5dede0a9438993a729cfec6dd38038ad,2024-12-02,31800
bca-407b4caff041a0abe83d9527a96a2917,2024-12-02,86200
bca-37b16827f6348fabb04ffba9a10ab460,2024-12-02,35300
bca-c73797de81d45f2d12e069fe05d211f6,2024-12-02,39300
bca-e60424b5fb7d7c877750a9587ab0c5f6,2024-12-02,39800
bca-f4bd072aa3fb8f7fed2011defc13475f,2024-12-02,16100
bca-4378bc7be03495b843b5a38cc2be71b7,2024-12-02,45300
bca-75e3948b3c24672dd86bd7ec904fe91e,2024-12-02,97500
bca-fbb3ccf81643295356cbf22fac3d54a4,2024-12-02,91900
bca-bc173cb229119dc88631831c43637a9a,2024-12-02,71400
bca-a53d6fdaab7a3eabd0d45119e5a031f3,2024-12-02,22200
bca-563996258026166547d33ec6c6decdb2,2024-12-02,-67400
bca-b2bfbb1ff4271bead094a1e12d8a56e2,2024-12-02,-20300
bca-408a3cbb99a800d95f3682d80a16c259,2024-12-02,52800
bca-ddfb273051d8d5d401f4bdb3e20eca56,2024-12-02,-72600
bca-9d855ebd86ea7535da99b8520f842fdd,2024-12-02,-13000
bca-6ffa9ae7e746d9623aadc6dc9099fdfb,2024-12-02,16900
bca-0d7217bdb0cc222a577a9de418faf9e2,2024-12-02,95600
bca-f68b04c73f517e2f77bdb4e8621e3ce0,2024-12-02,37100
bca-a1a458412b3b69d00ecded4a5834635d,2024-12-02,1500
bca-a4367caa14b82f6a6588658540fd044b,2024-12-02,35300
bca-687c19267ac52bd5949f1a2ad45773e3,2024-12-02,87400
bca-531285c60a6b43b5d6483f0ed2f7c430,2024-12-02,57500
bca-70bd2b209b02d24cae06332af2113cf6,2024-12-02,76700
bca-a5042ca54673bd41ce2a375a43d7862c,2024-12-02,-85800
bca-25d0110d2dcad9db709a41278adf1266,2024-12-02,-90000
bca-2054e53f29a13ba5eced58ddc98d87be,2024-12-02,38700
bca-d92e47aa7f3aff39f21f1b1af7bcdfa4,2024-12-02,99900
bca-89636565639c0750d550d76aac5fd69c,2024-12-02,27500
bca-caa9fbe4306fe9a1212414444bc0c9bc,2024-12-02,12300
bca-1322d677afbba68ab24734457d81d420,2024-12-02,45600
bca-9990e24cf9158cf08229128281abee96,2024-12-02,29100
bca-5324a6ef8b358aff51c71482358e2ede,2024-12-02,46800
bca-672f379adf71683ed5000428562c14dd,2024-12-02,25100
bca-54e0ea3506abd3441e5e677afda066bd,2024-12-02,82600
bca-df111a983d83c9126d30a61ab0328c2f,2024-12-02,42500
bca-834246eb47e5e0d8711a37a9eb97ba24,2024-12-02,3500
bca-86074d7b7a2f5dd97881f20fc3865ea5,2024-12-02,71000
bca-ee47b5a8e8cab1bbc74410edde2e44aa,2024-12-02,6400
bca-70b301584d6b7dfd84ef02de53bc6e81,2024-12-02,-37700
bca-a9ef8bf86505ed1fce0d58058d010f92,2024-12-02,39900
bca-23e95ac2e4bf2c608f0f22883df9bcc9,2024-12-02,91700
bca-1d326d9c6c5821b5a8cee41b089b4ab5,2024-12-02,31200
bca-0afada25d108bea9629442664bfeccfe,2024-12-02,-92100
bca-fdb2da9935135be86063560b553b8815,2024-12-02,-54300
bca-665c8f1fe898f96729157f297c422605,2024-12-02,-89600
bca-8147e07b34e657f16b69128b8cf78aeb,2024-12-02,67600
bca-da5558d6aa8d152c46a32c557ffce058,2024-12-02,45700
bca-11a05e34fa388077adb2ddea6410f945,2024-12-02,95500
bca-f80619d30d862600528ba2877f041cf2,2024-12-02,33900
bca-197e1d540770ea21efb8087730611c60,2024-12-02,3900
bca-dc0bc0d7af29b27a818ac7ec8a57695c,2024-12-02,92300
bca-258e59897ada896efc9be6a73202e342,2024-12-02,4300
bca-41719297b5867d610d66e829379f55c3,2024-12-02,97500
bca-d0631bd515ebae4e76c47743c7d87abd,2024-12-02,30400
bca-d137cc813a7089dcc631614a2e73e399,2024-12-02,72800
bca-c4212427c0242970041804ce673a76c4,2024-12-02,92600
bca-ce02e990d1f1555673a31069397aff7c,2024-12-02,10900
bca-309819bd551b68092147cb78e1e3dab5,2024-12-02,97700
bca-35774ecc72d0fb180f5d9fd55209cb8f,2024-12-02,96100
bca-e831ca52b59b43ec51f16065b50ad4a7,2024-12-02,99400
bca-74757e0fdb4ad4d5db3ae4030e8c631d,2024-12-02,78800
bca-c6c098098d2f32bc749c7572c6cc9142,2024-12-02,29000
bca-0da9676ca2900c0232c5111e59d2e74b,2024-12-02,41700
bca-e7f156ef358f1ec02b8fcc7b77ad6b5d,2024-12-02,72900
bca-6765495ca60bde1e93daa19e27e5af8b,2024-12-02,68000
bca-de05807bc077b16d435e9be26f7a4e82,2024-12-02,65700
bca-31b9b675a87ad2737d1a135a9bcea22f,2024-12-02,62700
bca-307c75c506e738789a60c330b9db792c,2024-12-02,20400
bca-e5c929d1e794e0a90e3e419286e0cf48,2024-12-02,20100
bca-a39fe967d951012add7a50beea8d90e6,2024-12-02,52800
bca-9f15988c4f0f5ff54f50851957e79853,2024-12-02,81600
bca-d894dc22c9a81ed2829a36c9c1d49708,2024-12-02,30000
bca-283bfe0080152bfa01e0360ed11881ba,2024-12-02,-87100
bca-15fffeb4cc9380ec44f357aab27d3198,2024-12-02,76100
bca-38a921fbc639f244e17fd4547b74b530,2024-12-02,47800
bca-2dceb984578e40b6fbed9bbcdb1d726d,2024-12-02,21900
bca-f47ccf22c9487e9428faa326632f63f8,2024-12-02,35200
bca-777a818945242299be31961c01ff6661,2024-12-02,19900
bca-e8064218eb15e884ae56f05640fff751,2024-12-02,62500
bca-abf392c554be15685da5d23e26ec2cb0,2024-12-02,-82100
bca-d74a2918a1840e01514b1795d8e303d9,2024-12-02,-25100
bca-45abb889a09368433509248519450066,2024-12-02,2300
bca-ebf46f0cef5dbeb4cc5711157e8542c3,2024-12-02,-3200
bca-caa2757451939e19d0d09e8e3b24bf6d,2024-12-02,41800
bca-e2d8a6ead661b0bc46cbf681b1049fb6,2024-12-02,-70800
bca-bf852b38525ee6f909295e58143b498d,2024-12-02,53600
bca-68f6c4a0df2a30a359e73f454cbe7013,2024-12-02,32300
bca-ca8d901d47edacfca7befb9bc293408b,2024-12-02,48600
bca-ec2673e6e71649f0ccc4e9ae9cf76b16,2024-12-02,-72300
bca-37e618ba22b03bf8dc7c44d51e761449,2024-12-02,90300
bca-db5b76400b26eaaad450a1587200fa88,2024-12-02,-33900
bca-9673672092e4faba00b25fac71c87d7a,2024-12-02,4800
bca-d9a795ad612c4783924bd65b218e8fd6,2024-12-02,91100
bca-5cc33adcb7dc1f1ee8c06e7a236918c4,2024-12-02,96300
bca-c1820f97ddc8a3f0b8406acdbbd50ea8,2024-12-02,75500
bca-9e8f60a2f9bcb7a802a92d4a44f7e933,2024-12-02,43500
bca-82b6ffc477bca0036560814a259b3441,2024-12-02,57100
bca-1208dead4a311b6d5f1216e26a0a61ff,2024-12-02,-5100
bca-b3638e9a511353b5a30c417113960701,2024-12-02,90800
bca-c55f6ff417a65ef0f1ddad90a619d46b,2024-12-02,6800
bca-69951cbcb7a688e8e536d5b19daf5f70,2024-12-02,46600
bca-8451b7c753ad73393612040fb018ddf6,2024-12-02,-50100
bca-adda6f4f3a16e3779d7c061df73fc07d,2024-12-02,80200
bca-2af8e9fde034ef4674eafda6a782b29c,2024-12-02,-75100
bca-0b7ec4f6cbe562d6e2c3c19783fa5d6b,2024-12-02,-15200
bca-d1904d62c086c2f7e01bf0ef76d87fe7,2024-12-02,34400
bca-8e33b97e5c7b6c1cf6bbd22d7590a51c,2024-12-02,15100
bca-60fb2034f86103e7afc419c9b00027d8,2024-12-02,-48200
bca-0af096feadf925230279b6cb01b1a3d6,2024-12-02,44000
bca-4f37ba09faab1fa8784416dec6cfcc75,2024-12-02,57500
bca-35036ada18552efab685457396856263,2024-12-02,50500
bca-fa56ac3bc3f56f9212fde18ebcca9a93,2024-12-02,25000
bca-d7660ef057b63c29306580a02322e920,2024-12-02,9100
bca-42c52a1135f00cce81239fd83131cea7,2024-12-02,-64500
bca-653538dcc20538fc82e53bd325335670,2024-12-02,80500
bca-e1c974b28920d5bb5d5edfb4b9abe574,2024-12-02,7400
bca-6192940d04112420ddfe91e8adcb5727,2024-12-02,16600
bca-123928e575a55c00d7a1707c55450abf,2024-12-02,3400
bca-7f7ac007675b0b8388d9889a042f5c23,2024-12-02,31000
bca-08f925816dc089022e9d2ab5897b8571,2024-12-02,42500
bca-56df7fe5f92cc414e95eb8ceecca59ac,2024-12-02,73200
bca-92720165ddad32024c7ea446ef8f76a2,2024-12-02,74600
bca-94b42ff62b3c985bbf5fce3218645961,2024-12-02,-1700
bca-e638cc4677a2dc33c5bbaefab3ecd741,2024-12-02,-78400
bca-f2d9f083c08f05fcb0fe2aaf233094db,2024-12-02,34500
bca-3237b4f2159658d5bc8e9aa52a62af3d,2024-12-02,-45000
bca-639fbaddfdff11b1f665c79dca8febe0,2024-12-02,61900
bca-b487fbc69169ebfc4696d499c687099d,2024-12-02,78500
bca-f8d9827754dc984e8af307d489935a23,2024-12-02,-89000
bca-9f68c9dfef69e4a14671d6e3f9574c1f,2024-12-02,86600
bca-15e43e9be910a162ab6c8180710ecf10,2024-12-02,-71200
bca-7fbe656d36f0ae4aabef3b3cd4ee81d1,2024-12-02,53100
bca-2b4523ba1c55801a765db80b5c934dcb,2024-12-02,94200
bca-83d17c7e4b643b9177b13f435cd0a57e,2024-12-02,30300
bca-2c140c8176c7d95b0b5b2de86b3faf0f,2024-12-02,12800
bca-5bf08b0aee3d16a83bd3d4067b28f524,2024-12-02,99200
bca-56cd021272c1dbd4be8e4a7edd496161,2024-12-02,16600
bca-2938dd27ff2e977cb4633d542ed8ad19,2024-12-02,7500
bca-36cf36b7f45afab31ea73e9850080496,2024-12-02,41000
bca-dc09b02a77c9153bc1ab4fdb5d3e535a,2024-12-02,70400
bca-e6e3899fafe23a893ea138c3bd931e11,2024-12-02,84000
bca-c7e87dc314d38b6b9a0b464e0908dd4b,2024-12-02,78300
bca-6e22aff7cf2edcf40fd9a3323a9fb154,2024-12-02,88100
bca-f2d8e637f721f9432466c1ecd3575bc4,2024-12-02,47300
bca-9d536bfecfa227041e42ff3b8f23a38c,2024-12-02,19300
bca-0e974bd899abdc4f243ac0a6b185230e,2024-12-02,-48500
bca-3fc67ec883eedb880d8cf8cf3d154e0f,2024-12-02,55900
bca-f6f4d20bff62b7b174f3e052b940945b,2024-12-02,-56800
bca-3acb8b7a238cf73b0247130c7ff964ac,2024-12-02,29800
bca-8130c0d086f7b196f3f16c3d96878798,2024-12-02,84100
bca-045ba66a45de75ab65cdc125a74c7f70,2024-12-02,30000
bca-715afbb328faf069094bb4bc16b4c369,2024-12-02,23900
bca-fef1e073c2503b65ca789b5635c7a73d,2024-12-02,31900
bca-00313ad7deab0838f07b188071aaa513,2024-12-02,3600
bca-a6ea66cdbfc2b759cf1ec1d87a286c08,2024-12-02,-78900
bca-7b80303f044f21ff37fa84c440cc6771,2024-12-02,-87300
bca-24d3f517e9d8830c77d5f5817cf2a0ac,2024-12-02,30700
bca-1dcbc030be1be8791efa49bf40fb311b,2024-12-02,77500
bca-8d897a76ce26a802e3c104e77564c591,2024-12-02,31900
bca-10f5f76adbfcc7e0714140462b86b9b8,2024-12-02,-56800
bca-06397d6913c1423c69b6a1ea41dea141,2024-12-02,64000
bca-0ec9ff9c2cd98ab1fa38f76bd5a55bdc,2024-12-02,88300
bca-42360422cdb243567b0d9c46dfaa1b4b,2024-12-02,74200
bca-d6084f8240c7d3db896fba075b2a37bb,2024-12-02,68000
bca-5e1c5b1b3c4cb498ab88500fc22d76b9,2024-12-02,61300
bca-593aa9cb36f98cdbf37a50176ebb028b,2024-12-02,91200
bca-64bc2ca026dff22d85cf7ba6cc85053f,2024-12-02,18100
bca-abbc7eec400f61665b18f32a9ed28398,2024-12-02,82800
bca-468dd3b202a7ffcc7b84538ce1ab5ff3,2024-12-02,34800
bca-f11df904acba25140076c307337de18b,2024-12-02,89300
bca-f6e0fb8f2c5e1561c3ffd6354eb48b0c,2024-12-02,60300
bca-d933a1db63c7bf6618b300c7187dfa37,2024-12-02,97800
bca-3cacebd9a7d363dc5163d5326c750ad0,2024-12-02,98100
bca-14100826f8cffc917918535dd4f666d0,2024-12-02,15300
bca-dea4f218acd842cd516254d67920c2de,2024-12-02,88800
bca-76427502cd7728349e4ed59fa162b52d,2024-12-02,55400
bca-2aceb2dc2a172844af75651517a75291,2024-12-02,-77000
bca-85275b80af67d0cd972998e14cf73df3,2024-12-02,58100
bca-9db72d656beedf54fb7f582b31a30b30,2024-12-02,5100
bca-e4cf51d5ef5548a3be0acda04111f604,2024-12-02,19600
bca-52481b9ffcdc71db7c1e4d301f6f4a79,2024-12-02,-7000
bca-b402cb8823069a38a8b2315a16a0963f,2024-12-02,75000
bca-5827555d3b7d65265e60ecba21aa96f8,2024-12-02,48100
bca-262dfa36da24eda7c15073186babe183,2024-12-02,67500
bca-976beb462a51c746744df6507f41eb37,2024-12-02,-15100
bca-3fa130a7729e36bd44fe5d2d5d7fb23e,2024-12-02,48600
bca-be7597a395e6c8d19d3cb528cd1a647b,2024-12-02,58400
bca-0aa3f4264a4c1c711ecaf42434dc8989,2024-12-02,25300
bca-58347985f4c25676b12576240553eae2,2024-12-02,-59500
bca-bc282b7e7afe2be8b06b6d983021ae76,2024-12-02,52500
bca-061707ccd57ff3654f605905ad7666ed,2024-12-02,-95200
bca-fb37f1893938411d4e2ae6a671c48c5c,2024-12-02,88000
bca-15bd74a35ac10b7daaf74c4fa5713ed7,2024-12-02,-50700
bca-148deff8b5f40378feb0956236ccc265,2024-12-02,-16500
bca-248fefe027bd28989ec4a7e0e09471cd,2024-12-02,48000
bca-77b7ab640433c08ab0f95eb8c8067c01,2024-12-02,-79100
bca-325386cad808fbdd29cb21e91eb2b11a,2024-12-02,71000
bca-7b7e3db036afd09a918060776adb4bbc,2024-12-02,-37200
bca-d76b95661b39aa7384c8a36af88225a7,2024-12-02,-28600
bca-86826302dcc65b54efdcb0559a77920c,2024-12-02,34500
bca-2e0d1934c2df7bd54029368db21711c2,2024-12-02,-12200
bca-0a5fbb0d1bf8c110223f1e3d70ce44f1,2024-12-02,-89300
bca-86e5c7be5edee9ca90c252eedb181f8f,2024-12-02,57300
bca-e008ad972a0410db83106b393794e820,2024-12-02,82600
bca-779ea30e76ceccd6d803ff550d8b70c5,2024-12-02,53200
bca-925c2b17900e6e0653b605cf4870bbd4,2024-12-02,-16300
bca-47d70724bab471861137bc41f6fabcd7,2024-12-02,30200
bca-d6ad2cff9e8935fa35ac1146504468a0,2024-12-02,72000
bca-2194804bc3f1cf7dac005f4b798fdd67,2024-12-02,52200
bca-e6cd7f168a4c602d8cb223104d9ae6d6,2024-12-02,53900
bca-891cba2baa2b159dc7629f118e8e2e45,2024-12-02,-22500
bca-209aee51b722647b6cc6aedd4c3c0d06,2024-12-02,-96600
bca-67b58011db74cb4fc57578de9483db76,2024-12-02,65900
bca-12f021773b4a97fcdf8874dc0be39c9b,2024-12-02,39100
bca-475ea38d378e8f28637f1ff648d6f8bc,2024-12-02,86000
bca-4f8597ac681bf8f738cd5f5989e4c47e,2024-12-02,25600
bca-d6f5a598a5221f5162ffff5f4b60e4f4,2024-12-02,26200
bca-bb4a85be00eb3cb5050b79734b10fab4,2024-12-02,5500
bca-1da3e9316a370d8df6ad6d62f3f046be,2024-12-02,62700
bca-bddc37c0d224caad6b0ab33f3652c85e,2024-12-02,-34600
bca-eb4047123d4021de424a3d903979878d,2024-12-02,47400
bca-27aa5f89d841d9faa5968e2268e6ca44,2024-12-02,74700
bca-07dcb4b9e93a9b498a7c8a06e10ce527,2024-12-02,38100
bca-362a252126904b975f1280ecf85b7450,2024-12-02,1500
bca-794747083dd0256e6c580a05a53bbe03,2024-12-02,-83500
bca-a31591059a375059ff634872837b1fb0,2024-12-02,48200
bca-4c7cf3d12498c06cfb4c086ccb1948d0,2024-12-02,-37600
bca-a9d1b42143e6c762e926b136ea74ff3c,2024-12-02,20100
bca-b03773eaef21f33907560c47eef48f28,2024-12-02,25300
bca-04fa092564c68653628bc67828cd6d79,2024-12-02,59800
bca-881a7ed924ac5c23701b0a4f91b4b51a,2024-12-02,3600
bca-416d2b0ed44bce2fb760c8a9e079eeee,2024-12-02,36600
bca-474db7cbde55fad91d318b39c0cbaf24,2024-12-02,36400
bca-ebfa0a3f343b7118bad5ce949e582724,2024-12-02,27000
bca-33b538f36032606149d1bbab515672f7,2024-12-02,-58600
bca-1b2744463fc8cff89fe2605cb9cc1bec,2024-12-02,13200
bca-c942ccb6d4b8a4a3c6f2277f01ce2c05,2024-12-02,-65100
bca-bb84e42e8761758c49a6da112f459250,2024-12-02,87800
bca-b7fd86675ef631fb73637af707440175,2024-12-02,96700
bca-dd06ec6d051af9bac3d9bd90236c39e6,2024-12-02,45500
bca-393dcf2d1414b65f6120185ce98389b0,2024-12-02,40200
bca-09ad340ae9bc9c3161e0d946611349c9,2024-12-02,57500
bca-24db4c365a344d13b6de5d77400c0c91,2024-12-02,50600
bca-5a5d9344838d7e9dadad28fefcb44b3c,2024-12-02,68700
bca-512df1755280c6fc91e1b1db2a6f88eb,2024-12-02,-76900
bca-e9c10185be39774e14f250644deb148a,2024-12-02,24100
bca-fc850c6450020ca8099693b0165cb6be,2024-12-02,30900
bca-a02a86593530caf759d655c4671a5deb,2024-12-02,35700
bca-6511179fa148de583ac18250128d9fbe,2024-12-02,18000
bca-6a91395bf03b7624fec71d56755c0f22,2024-12-02,53500
bca-c97d750d159a96d0c5e765212f069e1b,2024-12-02,79100
bca-8bdfb45945915474cf687e6174bd9f2c,2024-12-02,34400
bca-6d61c1096420ab80684ed4b748d8b041,2024-12-02,-68700
bca-b42ab926072ec6191ba37f157d2fdbb8,2024-12-02,-74900
bca-0a34ab22ed8d3291e226149a5df01cd0,2024-12-02,-67900
bca-3d18aa284cb7cb0a0ab7d1db895afafb,2024-12-02,16500
bca-e6d58e81ec5fb090f6b0356a1c3bfcec,2024-12-02,57900
bca-fa7f0a95097ada2ec373daea808b1408,2024-12-02,-73400
bca-fd6ff9dd155c81a305b90d3ebca7c2ad,2024-12-02,2300
bca-cbb8a01e177800498493eef420a2d7e8,2024-12-02,51000
bca-8f184e5a56c236e40cc39b70b8bf901c,2024-12-02,7800
bca-3a165b55ceb30ab932e72dbc765a18a0,2024-12-02,44000
bca-c802a318c5abbbf9f7d1629e3eefa208,2024-12-02,89200
bca-b1624a68e3ed80eecc78144f9618fdbb,2024-12-02,98900
bca-b011fa0d6113e3bf0df69e101825bf02,2024-12-02,51600
bca-6a7112ac64fbc3d5d37b087ffa9da246,2024-12-02,13200
bca-81e599415fad7e4a4a5af41d4dd79a50,2024-12-02,78700
bca-ffb15d051bd35df3b4446ee97c6d9175,2024-12-02,-54500
bca-23b947c907aa4d02cd9d8f24ab38fa25,2024-12-02,79800
bca-9d40887d652abdea4ad5ad4b86dd4b38,2024-12-02,-52800
bca-cdb6270d0b7d7842b7ae54ff72797638,2024-12-02,53900
bca-0ad6cbce259e21f3aac931aeefcc6cb5,2024-12-02,24000
bca-e73e6e6ce1cf57b982ab130675d57408,2024-12-02,64300
bca-893ed865d2d787e7bdaa7dd98e3ec645,2024-12-02,40300
bca-1a73010e6a7fb471cadc2a9875fc3e07,2024-12-02,59600
bca-f3d39224089e6ed7b93680ddedfc0439,2024-12-02,9500
bca-44630c488a3ccc7c83d11cb737559f3c,2024-12-02,-90600
bca-203a51ae1a53f25025c4ff5a613849c8,2024-12-02,66300
bca-070f9990f07fe4147a4053e02af50cd3,2024-12-02,78300
bca-5041813d3bfd121f0b6d6aea8b31e008,2024-12-02,88400
bca-11fb807476b33d74d443bfc8d7b10645,2024-12-02,64200
bca-5a5a7229804669f5fca74dde75a9deb7,2024-12-02,3400
bca-aed0ac87c11ed25304454b1854178261,2024-12-02,-18200
bca-ee048aca9b43edb3fcb2764c9836f37e,2024-12-02,4000
bca-ef9311bb4269f00bc97cf4ba1b6c3f34,2024-12-02,39900
bca-1535f1d7be4028583e1b3c7814e46d92,2024-12-02,72400
bca-384dae91a1895fdb6cc2158090ad5e49,2024-12-02,-62300
bca-ec2c468b346e3e06c08703907f9f6aca,2024-12-02,32600
bca-94c129611afb073acbe37efee9b9cedb,2024-12-02,87100
bca-3f2094783472605b1f81ee10c92af0f9,2024-12-02,76800
bca-b58f1c67b9035ae77bfa2bd368fab30f,2024-12-02,22500
bca-e2d833523c3b24124b6f132e43c94c7c,2024-12-02,2300
bca-cb4119d11780bee29c14bf563296238c,2024-12-02,82900
bca-7ce51f6253cf9f5881ec31c77558377c,2024-12-02,84800
bca-69d317fd10166dd9fd8d3d1aedbbb442,2024-12-02,96900
bca-1173dd1c00356706dfde61a87fe22185,2024-12-02,64300
bca-8c7d02338d66a0de90d4f5885f826865,2024-12-02,-36000
bca-e1640b5f7b4e3652de270922d6037669,2024-12-02,-64700
bca-a500c0d250023145fbef9f45d0d1c113,2024-12-02,77000
bca-9cb196ec9f4c5288b0010cd22f0ce07f,2024-12-02,85700
bca-835955bc240662c4959e31c2a7567acc,2024-12-02,17900
bca-744bc99384d0a19d51c458e4af2741e1,2024-12-02,91700
bca-8c2506ddcdaadeffca289a067546c783,2024-12-02,64500
bca-20c369a0c8990995e03d766c4cf45805,2024-12-02,11600
bca-8542b44d501d4ee0e1f14b084c5d51c8,2024-12-02,77200
bca-1952d263d32d13b79fae43554c02402a,2024-12-02,69800
bca-11b4baf2d84284bea3979a749a6f6a51,2024-12-02,34600
bca-7e2ac8a4e48ece15211fa5f2173e68cf,2024-12-02,-46300
bca-eb09b2e286851fb60908801f12c8a9c5,2024-12-02,75600
bca-fd6cd2adf422dd4e90f92247c09183fe,2024-12-02,-7800
bca-3ac243115ebda0eca34b28352c57b8cc,2024-12-02,72300
bca-eee6a13e4158769bfdeba829cbdeb8b5,2024-12-02,-42200
bca-2482c911aab2229d0e1eab8e8c3ff1f9,2024-12-02,-10900
bca-cefa35d2750638dfdfdc3d1ea76e5405,2024-12-02,-83200
bca-76aef9827d559f219d01adfb8a28428d,2024-12-02,9700
bca-384e87b887206083c54773d4cf66f73c,2024-12-02,62900
bca-524443dfefa0d48ea2f82fc5b45cbbb7,2024-12-02,-95500
bca-9fd39ad5fd297d7bde269d44635d2731,2024-12-02,32300
bca-184a49fa430c605bce538ac6818814c7,2024-12-02,75500
bca-71622feb195dfe1960bef586e8519ca2,2024-12-02,34100
bca-406f58261962393a0f334e3c8cc06eef,2024-12-02,-29900
bca-1ab94beaa08ab790b4e8cabf8db0c2d7,2024-12-02,28500
bca-34ea8e5b74dbfcfc230a6fa43ab1c0fa,2024-12-02,9100
bca-0de4c24aef8435556ea3ba08c77af50f,2024-12-02,8500
bca-5892c6e10ebc06a3058c619e901bd3ca,2024-12-02,82600
bca-fb25792a8825d020087bd5ffac7dc4fe,2024-12-02,-59100
bca-f2b84e75b19647da6fad45b6e71f081f,2024-12-02,-97400
bca-889a248d9e721cfa7698771de2815012,2024-12-02,79700
bca-241a28011a38659ac16859e12d903c85,2024-12-02,-21500
bca-b5de901861a456e797eebd60cda5628f,2024-12-02,-12800
bca-87f7b5646ed6bab32c52d653f37d478d,2024-12-02,7500
bca-cc0167eeee5d15c229fbf253e624e082,2024-12-02,42300
bca-92354351deeefe96654ead13d0bb7271,2024-12-02,90800
bca-de5108debd4791992de90984d032cca7,2024-12-02,61900
bca-67ab1b925fc4cffde6ca743cd254f6ea,2024-12-02,82400
bca-5f5cbe5b8fcb8a2b9cf531bfb8f2df6a,2024-12-02,65400
bca-6e6a3063a322b00698c6ca37c9688ff7,2024-12-02,33100
bca-2f10d318191b2bee772526b761cfa259,2024-12-02,24400
bca-b1911d810cf07f9d509c004efeb55c0a,2024-12-02,48200
bca-0ea305fd3e09c134e69cdcd472c37889,2024-12-02,-22800
bca-b4eb858937cbc8146f373fc26e3aaa6d,2024-12-02,-60400
bca-16762d9a7a760b7512357a7069cd0b59,2024-12-02,12600
bca-bdf8a82b0bb283cb84a388f3d9a0df0a,2024-12-02,-14500
bca-2f17f3cc12cffedd10edd9d31c448677,2024-12-02,19700
bca-0401df4ec8d083482deacfd2183a09bf,2024-12-02,9100
bca-86081e7377fa8aa59ce2c0141814e004,2024-12-02,61400
bca-e1610ae0abf8558092bf8727c731fc50,2024-12-02,57000
bca-6b18ed3df18ef8d00be157cd74030fb5,2024-12-02,77500
bca-67908f334e0fd282a15f2b4a55f96342,2024-12-02,-16000
bca-fd44456561e7b283f794e5d073479b21,2024-12-02,23100
bca-8414c1ab058fd84828578c61fde29ea7,2024-12-02,95300
bca-aa244866c66bcf83788041177f9e4b2d,2024-12-02,45400
bca-5a9c27d59eb2ecd59cee00527a4310ba,2024-12-02,60600
bca-9940cbf19563d90dc28def813b7af20a,2024-12-02,10600
bca-6d199c50167cc0b07fd80b89c0d128e8,2024-12-02,-62200
bca-74e0dcf5a47b0ce493e1651da588d060,2024-12-02,65900
bca-74e7c65dee1713182c60dcea2a77bc02,2024-12-02,3200
bca-88e78dcd4bf44e9bf3651452d0cd2c4e,2024-12-02,65200
bca-f2d509cf36d2cecdf577b9819135de97,2024-12-02,20900
bca-7bb69a77d2b0c959bf1c225757c1e02f,2024-12-02,39900
bca-f2a5faad3d619a7230b281113475359e,2024-12-02,-46300
bca-9d045e45ee4d25b45811e6ddc8f97df5,2024-12-02,98700
bca-f3d652c99cdf88aa79ebd4e1bcdd7590,2024-12-02,34300
bca-fdf80bc0648c1f43fdf7a0ddd7b8958f,2024-12-02,-59300
bca-07a7ac1f33d701ee3e8ff325909f2b80,2024-12-02,-84300
bca-3fd57aa8afce94ffd3e9b5046bf0d83c,2024-12-02,76100
bca-4687ca4b0212f6576ceee18cbd9990fb,2024-12-02,76700
bca-b055615bb178f1cb16aee2920f79fd96,2024-12-02,1800
bca-da0cc3031e99740b161fa249227cd6ce,2024-12-02,20700
bca-a05a09ebfbae3398d3224599746e0c40,2024-12-02,10300
bca-01331b3a62565080db73c356d7d4a6aa,2024-12-02,97400
bca-1a517efb7303a01bad2f48a22ea4fa38,2024-12-02,15400
bca-c7917227da62ff7ab3aee766f10b41ce,2024-12-02,51500
bca-1df9ca85b59d26b8c5b5bdb35aedb2e4,2024-12-02,8000
bca-209539d680d78ad2dc33b13e91791cd2,2024-12-02,87400
bca-99b6278a1fb68f64d9aaf9ded606a1fd,2024-12-02,82100
bca-44e5f17aa2387ee246067367efd34ef3,2024-12-02,-92800
bca-a0429b2c6092c59b4402f1e1076b71c6,2024-12-02,90300
bca-707c4ca353a593c04d2c0d10a076ea14,2024-12-02,92200
bca-d2a01ea25fddf46f97f4e51920836097,2024-12-02,53600
bca-a07028f1fba11db2c9fab23cb034841b,2024-12-02,56300
bca-791910ffb040826a465fe42553a08c00,2024-12-02,83300
bca-aa7cc0bd8c91a63e9927e98a46d50926,2024-12-02,91700
bca-a439bc98b8a96d4019fc037af1e2bc3c,2024-12-02,-94900
bca-d660cf7b028f0caf7a84823acc0f76c5,2024-12-02,-60100
bca-ce3e57a2f58b03cd5438c2fe1c411c42,2024-12-02,96600
bca-17eb448fca5ed13cf4710d3008b02e6e,2024-12-02,25100
bca-9ccdc2fd11f7f2869dd0bca729922a9d,2024-12-02,49800
bca-e5da8f7eb269853825cbc5e94dd16e55,2024-12-02,73300
bca-37b5277a13e794fc4de3cac6844eaff5,2024-12-02,2000
bca-309dc74028c3793a4090b15fa6378f31,2024-12-02,26600
bca-3ca1280165d03aaa3e2936b0d5f71b97,2024-12-02,66700
bca-81ada172aae4d0bf5600779e613ce166,2024-12-02,17300
bca-b2db5d147ff83237f47e90456e1d8972,2024-12-02,18000
bca-ebdf091c36c0b408984b38739779967f,2024-12-02,91400
bca-84b06d106194e5b818ded1bf575de6ac,2024-12-02,42200
bca-7b2ff56c060300a3a49371458cc9841b,2024-12-02,49200
bca-fd079a4636e6a129b18c0996df5a5b5a,2024-12-02,-6600
bca-c47fadc86ae3554ca15695972d9c5597,2024-12-02,99900
bca-0846324a5a9998f544893f370ef6785f,2024-12-02,11600
bca-fa487fd959c3230cdceee14f5dde433d,2024-12-02,-24000
bca-2805ca9e04b554ead1c5ac976d2fe771,2024-12-02,15700
bca-8cd717025e20ce1acc72cef43a4f4385,2024-12-02,-81200
bca-3710b294ca7cb809eb51cc42145957c4,2024-12-02,66800
bca-9c6696f1106008feff9b13520f3a4f61,2024-12-02,78900
bca-0734deaf4df8397a2e92cc3c2a8d84bf,2024-12-02,35300
bca-e7718f62123134a57610a0182f0b3a17,2024-12-02,85300
bca-84b56b6e053136b73a23d46d482d2ad5,2024-12-02,94400
bca-f0fdf8bb94c26e8efbcd7f82e77b4fa1,2024-12-02,-9100
bca-5535b9e242bb651608b8c7a135a29e42,2024-12-02,44000
bca-fc44cca959fde89443018fe78c929936,2024-12-02,57700
bca-752dba198f00aa483710a63e82eb8886,2024-12-02,8500
bca-58184dd1fd73ceb2d94c63794ae42807,2024-12-02,-5600
bca-d1eed7f2ac2b8bf4eb216918ca34f6e8,2024-12-02,-63200
bca-ed88bb59ae05ce357fa698bdfa67eb06,2024-12-02,62000
bca-62111e175eef4cfdaca1581d9b6d0181,2024-12-02,10300
bca-357e4cecd7bc260c2c72e56465ab2cab,2024-12-02,65900
bca-42d581bc3731c733ec61d1fbe405f08d,2024-12-02,-54200
bca-a9a3a06731eb7aa156ebc206e89d3bfa,2024-12-02,-40700
bca-7956b3aee4c822b6a4ebaec8b36aa44a,2024-12-02,-60200
bca-613e0264073f92dfcb0030a7c74801d6,2024-12-02,19700
bca-640640e4d94d4718c202f86d57f7f1b6,2024-12-02,72400
bca-a5c9b0e65023bd53fcbbd1e0c3a29ea3,2024-12-02,83100
bca-4259f6a511e93746fbf7b5c6f38f7e38,2024-12-02,31000
bca-2af3bc53f284f351695eb4cc69918bfd,2024-12-02,63200
bca-23f6fd88400f4bbab05c63e913f4c8d6,2024-12-02,-20900
bca-4ae12f2620c1dab81c2970e0ed034d01,2024-12-02,55000
bca-e2b4975ada42c3b08549ac423b30de15,2024-12-02,80700
bca-7e1cb1dd7692c7014ce4065e517b9a28,2024-12-02,34700
bca-0e5aac858d1647cda2a13cc3fe90d6d5,2024-12-02,-76900
bca-de425bd95e6dd1f572c464b22ece4bf7,2024-12-02,58500
bca-e3831ab71e93be1a51fe0b33b975a5ac,2024-12-02,-29700
bca-1523db61be67a271b2263433590e24fc,2024-12-02,75200
bca-65c6f71453d4560f78884ca834e5665d,2024-12-02,92600
bca-c29b147bda4890b8c21991ed98183eed,2024-12-02,-56000
bca-7732de3eacba555e2c43993b04e2b4ca,2024-12-02,87600
bca-a9834397d620905e7051ee6d3ed7657f,2024-12-02,-64200
bca-530fb0247c4398ebd7733fe4c101bf40,2024-12-02,87800
bca-8b846779ca3be63f2b1b7152e4dcbea5,2024-12-02,-21000
bca-fa34f999ba428edaebb7ce99485c110a,2024-12-02,64700
bca-9fc89b9e2c6928e33f445254ff2da269,2024-12-02,-77800
bca-aae58449b524ff18011c7e521426b2e9,2024-12-02,97000
bca-2e74b57441c0b4fe870876df40d72119,2024-12-02,-4400
bca-3b208966492b7abf4a17bb215ed0a6e6,2024-12-02,63700
bca-d6fdcdc12e8c520de76faaec4344fe36,2024-12-02,34600
bca-ad851a289761ffe69d9a6c55a533c84b,2024-12-02,13000
bca-25e0fde00dba922b0f49b3ae2dcc8495,2024-12-02,53200
bca-3298616805839d9f081658277c68a638,2024-12-02,-23500
bca-212a81f07a14d1560ee10fabea8304cf,2024-12-02,68300
bca-86a5c4b4804000bf640c84177682da8e,2024-12-02,62600
bca-ec3c4e929cdc8590e0526ac868ae5423,2024-12-02,-64300
bca-886c5fd150a1b1295173331e1bb37951,2024-12-02,53200
bca-480fd421cb3f94d36c2b608f44a89a0a,2024-12-02,7100
bca-1148b15c70394c4ef959ed02aae2c9a0,2024-12-02,-9700
bca-1cf9b21b6cd65f7d8ae091d2b2e5f664,2024-12-02,10200
bca-cb9d1b72c6de0d5149853f8ad56ade66,2024-12-02,28700
bca-6f07f08f6ec6ed07244010df6b3276eb,2024-12-02,33000
bca-294c851d6e0f73f369e0764e0ac257fd,2024-12-02,32600
bca-92a32982ae35b40f9f43a877572688d9,2024-12-02,-72200
bca-4c5a13621d3873ad023c5b50e63ff31a,2024-12-02,50300
bca-311d7317abd3658b9c90a44b00743f62,2024-12-02,-89300
bca-38aba4975840c1be79758fa8ad2dca7c,2024-12-02,81400
bca-27c3ff44fa179d63657205ff5c39a43d,2024-12-02,53000
bca-07766b4a64b9279a65c51c90a6994f32,2024-12-02,95100
bca-d584bcc69d1d6fdc36ed494f4c8f0ece,2024-12-02,-57000
bca-287c1e931fe2f2050544c52e82e47eaa,2024-12-02,-98000
bca-a12398fae9064da14b32a618f32e70d6,2024-12-02,74300
bca-643a0fb3b76144ac5c23a1a2211715f5,2024-12-02,2700
bca-4b2e251bda5d9ded9887ae7ab3e6e005,2024-12-02,77000
bca-f62202dec7d17b72ffdb3bfd34d18c4a,2024-12-02,26500
bca-44618b1d988f1364dda26143265de583,2024-12-02,-97800
bca-8b0ea03787e5e693d2ef7fbcb08a6480,2024-12-02,-82800
bca-50fa89dd5217736e028d2ee495442ad7,2024-12-02,72700
bca-9af05415334ad052b04f1a3ad6d15d5a,2024-12-02,85000
bca-4192ed7a8aa58cbd07873e45a47827ae,2024-12-02,-74800
bca-7bacf889bc4931228875189eab3e4a3c,2024-12-02,30200
bca-0362dbf0d53e8c016deb4aa8863b23c2,2024-12-02,60500
bca-38c41624317b719239359833406e2913,2024-12-02,95200
bca-884a265d954da9cb206e0da1a14fc326,2024-12-02,53700
bca-93870d2432d140d34ca8d81b33a14346,2024-12-02,13900
bca-eb1fb6797ca47f34c5c1508ad8db2af5,2024-12-02,50000
bca-f851bf18516fe6a87684f2012f70aa10,2024-12-02,45700
bca-132a5f1e64ac21f9918ab7864106036e,2024-12-02,16800
bca-265334bbc9f87f9a3cc4d2f88ce1f1ee,2024-12-02,-17900
bca-922e35f829aaf1835d4ec37d372704a9,2024-12-02,67700
bca-c2fc4a52b465d6f42874bbadb3e44490,2024-12-02,36700
bca-b4d6b72616b87afd9b1dd8861e2889ef,2024-12-02,66600
bca-0263dab02852872a7175e2385f0373b2,2024-12-02,4100
bca-26808ae5e13ebb35a1d5589f9d7215bd,2024-12-02,75700
bca-60bcc460efd141403f5f3f29606307af,2024-12-02,-72000
bca-2ad68326eb3c416ff00b5be8650d4661,2024-12-02,-98100
bca-1f0d0d437874870bfac3541400ee05bb,2024-12-02,-40400
bca-ecb48ec48b165931642161e46c4225bd,2024-12-02,25100
bca-84e692766c8a89b887f9f2d310bd2a71,2024-12-02,-46200
bca-6dffce7b556ce3eb3218895115538f87,2024-12-02,6400
bca-407780b1b9b5e255089ce5b679651a5e,2024-12-02,-40300
bca-b6a7e922fa64a095b137acf54f416868,2024-12-02,19800
bca-f96fc4388a66dca284dc79b0472cf8fe,2024-12-02,46500
bca-e5ee4ca2d8758910d63e779a2238e515,2024-12-02,89600
bca-59b52e38984e22c0edfdd6469553f94b,2024-12-02,75800
bca-66047801018ea01c90f84b247766902c,2024-12-02,32200
bca-dd239689cb449087d45ddc09882f02c5,2024-12-02,9900
bca-6f2b19351f28d474d1335c038b73634f,2024-12-02,51700
bca-b01c5c442790871102d4230a1977fc33,2024-12-02,76200
bca-bd1aefec420cdaa885398499ec0b9c85,2024-12-02,77800
bca-9fb30628cd6d9466d2ab9b0c4d08cbae,2024-12-02,81600
bca-df82a86412a47aa73500b0c97892da54,2024-12-02,97000
bca-c6ba658505adafe0d20b08bd5fe8e107,2024-12-02,90900
bca-b35fb04325629133f24b6deed9ae7eba,2024-12-02,-63100
bca-1f057df7e1997fcf1dc253af7292bfed,2024-12-02,58300
bca-41106badb1b1c8569147cb85fa6e4054,2024-12-02,42400
bca-4c7082e3e81e5edad109fa8990b3876d,2024-12-02,49500
bca-8daee38de67722bfe753c1ead15aea4f,2024-12-02,43800
bca-8a5514b5432dce92291a570dee74dc40,2024-12-02,73000
bca-bacc1a059aebab314bb3ec8a5c0a9812,2024-12-02,34100
bca-11e9604d3d50d505b082703756e56320,2024-12-02,73400
bca-4e4dfdc37f8ab00ae9f2e9945a8c60ac,2024-12-02,75800
bca-41d0998a25e39ee57cff9fd25ab3f707,2024-12-02,85400
bca-33b9e5996edebff3ed20748b094b76e6,2024-12-02,30300
bca-a14308287ef2de026223d701688f1dc1,2024-12-02,81900
bca-66b3012a2035d9d3fd69630c55231430,2024-12-02,88600
bca-fdea76ea685d761f3e988a3facd04036,2024-12-02,-26500
bca-dc97d7e4b43960bfd15dee4a48aeeb87,2024-12-02,43200
bca-aa5f453597068db60b9b222a7bd9f296,2024-12-02,3200
bca-dc2d9b0145c3fbddb78b596cec6050bb,2024-12-02,11800
bca-17ae3a919d817a26ecc6ebe68691fc3a,2024-12-02,-39200
bca-fb90266c86784b4b36aaf31e83700374,2024-12-02,10600
bca-fa54e2186b7ef79af1648ac68159abd4,2024-12-02,27600
bca-cc2bb6ed5e06d233a21cf1fe26e49f8e,2024-12-02,38500
bca-27b2fdd6bf9fe20786f2d81a42a8da6b,2024-12-02,98000
bca-a0b1cced2c311a2e386260910e35e356,2024-12-02,38600
bca-b129406175b1bb2b953867cc6ad14357,2024-12-02,68300
bca-521becfe692883170180bf96491a6491,2024-12-02,-30200
bca-532085aa9f43175d68bf50431b0d511b,2024-12-02,9900
bca-359c15aebb82a2016f178cffa1d70419,2024-12-02,-90100
bca-a38939a99bf16930527330e72b5f3c57,2024-12-02,20500
bca-839697f9eba30280f2a6371a819c7579,2024-12-02,2200
bca-b2814a3d703a9e622ede21e4e38570f8,2024-12-02,79000
bca-ea20e48f049396f95581cb22eace99e3,2024-12-02,45200
bca-769926ae27d9f70260c2da7b31ca33e9,2024-12-02,18800
bca-84e9de3b16d5eabd717ac39c21351abc,2024-12-02,5300
bca-a734081bdcd706b370d2d2b9671efaab,2024-12-02,-43700
bca-d8e33425fb57462191600bba3496446d,2024-12-02,75200
bca-a60659426e365c9639b4a99f18f5f3b7,2024-12-02,46900
bca-5a29fb1a4bacb764322f049f7f582646,2024-12-02,58000
bca-810306f07f3cde11d8e06fca8306a321,2024-12-02,52000
bca-acb869dc7fb867bf1d835756a9675ea6,2024-12-02,42900
bca-3f63b0dbaed2e5dd9771896f1251b77b,2024-12-02,27800
bca-26a4b1c87f9543ba3e8662fe442438c2,2024-12-02,19500
bca-011c12f356f7a9270c6ec8b97af6da61,2024-12-02,12500
bca-da7bec2c99fe0c78a89aea5dd5b0a449,2024-12-02,-4900
bca-830f4b3928cdd014c6f77b47b57a2e84,2024-12-02,37800
bca-a360d8534fe4c760dfd07b3a5105ab26,2024-12-02,61700
bca-db936647257d7610b127c131645f96d8,2024-12-02,98500
bca-a2d6216bd975209d136d14adc54b7c13,2024-12-02,4500
bca-60d3cbdf4afb1a125505a95f1c36b5b5,2024-12-02,29900
bca-0e6f4d9edc40d6628b7f6f46c6c2cb16,2024-12-02,-82700
bca-4df24061217bbab3542126e2a4ae107c,2024-12-02,29600
bca-14d518ded06c74ec16c90a5e9b88d1cf,2024-12-02,40300
bca-3a7eb6b4e73d2b56bc2a813726e2c550,2024-12-02,73100
bca-08b46fe62af9157af5cf9acb2db7de5a,2024-12-02,67600
bca-730ad1a37477462d95fe4a1f6a43cb56,2024-12-02,13200
bca-15d1539534492e742a96965b48d2d230,2024-12-02,54200
bca-1d55981cef78ac0b6ba48ff8349a3fb5,2024-12-02,28600
bca-c558d4359d2fdf052907c145ed45ffe2,2024-12-02,17200
bca-bbc2497f5b7ae595e357610ca07df484,2024-12-02,70700
bca-2d333faf390e573ef5e35d0aab23d6c9,2024-12-02,33200
bca-1bc925ee0c7e9eeac8c1bdb3f8768f60,2024-12-02,64800
bca-42c256ca73105cda18b558378c134911,2024-12-02,31800
bca-74804bf99557d0cb704dfaf3a02582af,2024-12-02,-72900
bca-da2d17382a2b68e10eddf79d62da0a6e,2024-12-02,-68300
bca-9fc71f052b440027738888d7e84e3189,2024-12-02,72800
bca-40418e13a25a4017016cf9a5daad7484,2024-12-02,51700
bca-56876eda3ba65ef5630537091d5393d4,2024-12-02,-68900
bca-b3a0b36adc8e08db83c6a3819fca7213,2024-12-02,1900
bca-34e02681be2a4ce3870901c532ab6fe5,2024-12-02,92200
bca-991454f343e163bfdbf163dc4e5f0f17,2024-12-02,75300
bca-0655b78c41e737f9c428e9eec9bd3061,2024-12-02,20200
bca-c84c2fa9f57619657773efda94cf0049,2024-12-02,95800
bca-151da1e91cde556d72f7b5091811f0f2,2024-12-02,59100
bca-c8c2cb14d987066cc9651755cc47874c,2024-12-02,-51300
bca-aa6911920692cd0fa1042c324f1821c4,2024-12-02,2200
bca-f85c2ad7c38967bf84861f0acebd848e,2024-12-02,26500
bca-8bea7b68aa118160ef990b89700f36f3,2024-12-02,4100
bca-fdf229dfb559e0fcd40ea08cf0ac1da6,2024-12-02,63400
bca-b53aa921125a35f3d1302713e3d61c85,2024-12-02,49300
bca-1410158ecf284e2ca7b80a31b667876a,2024-12-02,44000
bca-5c57e0ba20f80037abd67304544369a2,2024-12-02,88700
bca-1866d81f5d76227b2c3d1d5e835dccad,2024-12-02,34600
bca-689f2edad5a0bbad2fe2faddf1985460,2024-12-02,12100
bca-310e669f6a37662fbeaf8a8930689d13,2024-12-02,32000
bca-b57e5f500fb513d33334fa18b99d1292,2024-12-02,-58800
bca-0ca8d8b20297ae37aebfe9c41241ea5e,2024-12-02,34900
bca-47821a5c095102bb27648780e230084d,2024-12-02,71300
bca-cdd262f5fd0cca6cb0a6d02ee478a6a9,2024-12-02,35400
bca-036942afdef17d554ac1d067f52a6d19,2024-12-02,11200
bca-74b7cb9fb7b2990f61cf6634bd16a91b,2024-12-02,-38000
bca-07ffce64c78efd1154c1db3bc241b7ba,2024-12-02,6700
bca-e1608ecf3a2838b1d3621b54b3f622ea,2024-12-02,-48600
bca-ae083306372cbe294f5b3155d9d2f83e,2024-12-02,56300
bca-6e14e503219fa59258f4a50042883952,2024-12-02,-94200
bca-a2b00086b62a6d6666128c95fd00ede7,2024-12-02,44900
bca-69f19fe0cec4c2f32618a9a67a25557f,2024-12-02,14900
bca-6351ba4d14ba10631032caaac21a1db7,2024-12-02,72200
bca-32b42ff5492a694e2a8c51ded5f59301,2024-12-02,-91200
bca-632a4f3a6f6f999b63a86a2fbf80d0f4,2024-12-02,46700
bca-1dd7372914f3bc8aefa3e7a0ea28005c,2024-12-02,30700
bca-f8a6a0abe271976086396229b5601150,2024-12-02,46800
bca-34f112c8c561f454cc8db61325089eda,2024-12-02,82600
bca-631fc87e2f2feeaa034983f417566434,2024-12-02,89000
bca-53d57366d4e386ea90553c9f224c1dd4,2024-12-02,22800
bca-d96d87e0f6fc16ad56af52374a13aec5,2024-12-02,59300
bca-bd66c5bdaab653224b9f16226c20cbc3,2024-12-02,-58900
bca-18ac639676dec3ba27b2ecfbdf853962,2024-12-02,-11100
bca-de88784ed761ecaf80d0c40f1f91b0ba,2024-12-02,49300
bca-465b7a226b5dd69a1884a881ee8d73ae,2024-12-02,6200
bca-2fa46b775c3be82d30b34c7313c3d31b,2024-12-02,25700
bca-74c53c29ae89956e227ec4965e900dc0,2024-12-02,52800
bca-50aa7b190e2258209b6f51ce1066a5d4,2024-12-02,43700
bca-ad34e23f43075f9d8a330d957a1a9dbb,2024-12-02,74000
bca-543679f820c9c7f5052cfcbdc78def9b,2024-12-02,-8700
bca-3226e3cde619d7d6cbbb680dde8abc8a,2024-12-02,-21300
bca-49dbfc68268a289019d1b6abfd620fa9,2024-12-02,86000
bca-1e59c660583b385a5b8c5e391cba9f6f,2024-12-02,7700
bca-8f64e0888c27c3441029b526aef7c16b,2024-12-02,65900
bca-8f81b2ea0e8e0d8af7439d8b732393c7,2024-12-02,3400
bca-dc6a7618a362ab1b64540a661f99b759,2024-12-02,99500
bca-cca15d4143b65668276c2d983e7fd1c3,2024-12-02,78100
bca-b8bf98073797025b31f9d1097b0eea1f,2024-12-02,47300
bca-86ec9be4300619234f8fdd866a99df2d,2024-12-02,87400
bca-b04cad558ebfea93d13e2f850e01f351,2024-12-02,-15000
bca-d6befcba1117df833d6767cfc8b6e0af,2024-12-02,44700
bca-3679fe169719ef12593bf7447b830094,2024-12-02,39700
bca-91cac2fca186a336eae6cfd5a8f3b721,2024-12-02,46300
bca-2071f7e4b266f5df5d501fb108b34fcb,2024-12-02,32100
bca-3718a7c388a619e8a455073e8b739d2d,2024-12-02,47200
bca-c5b86e08aa3a0b7eb2cca01460f23844,2024-12-02,86700
bca-afc733ba71e5504b0cf9b5b278bc4541,2024-12-02,75100
bca-abcda7203f52efcda0ad33236d2c68f8,2024-12-02,-71300
bca-7d58662adb9648fc1639a7a34322f4f9,2024-12-02,26800
bca-32d6c90439756c62eebf190aedaeb860,2024-12-02,82000
bca-9a6700cf37e0291d76df2abbb7c0f76f,2024-12-02,30000
bca-0c617e2747c04baa85407e7f8b952ea8,2024-12-02,50400
bca-5e08831456fb846cf1054c7eef9cf9a8,2024-12-02,-74600
bca-25aae1fbd82df57b2da503abf3e606b9,2024-12-02,79000
bca-7daffa2a0c299d97af4ebf709b69fc5f,2024-12-02,43300
bca-dff4135888f00a364525ed55b88067da,2024-12-02,62700
bca-8a5dbee75644d6aa1383a06cc41cf070,2024-12-02,40200
bca-0df7e38f89684d10d499fc43bd19c758,2024-12-02,67700
bca-40f79d8eb253ed608663afe436b74aa4,2024-12-02,42800
bca-c2b994784871d02ff839c424f647e132,2024-12-02,40600
bca-71f1443ed2f2b77a6f7ddb3e09b4d7c6,2024-12-02,-53000
bca-29b098d2ab09b56107917b37df2d50b5,2024-12-02,50200
bca-53f18cc3ce47ff6633484b30afaa184f,2024-12-02,42600
bca-f5be955ac86da43a0c3b774255548eb6,2024-12-02,-90700
bca-5cea4b28ae64b6ceed196cdb9262871d,2024-12-02,-14400
bca-3f525faf895fca6645c4c978d7b4662c,2024-12-02,52300
bca-5718850db734c6f353aeef6c0ae0b9cd,2024-12-02,87100
bca-cdbc8596e74055cbe5c39b438105a029,2024-12-02,13500
bca-f808367017f70eca83afe0cf3e2fa35b,2024-12-02,98800
bca-5b0283ae2feb1ee3351f8d43233d8aa9,2024-12-02,94500
bca-bbcc33a65e73cff6b82029065cab8e45,2024-12-02,82400
bca-4ae1b3e18bea205e1a3ec5725871105b,2024-12-02,46100
bca-608b61d6a57166f326603b5bbec5a915,2024-12-02,17700
bca-58786107487337514361522b3708d50e,2024-12-02,-33000
bca-0b91a53f6aec6f581455424b67beafcd,2024-12-02,40100
bca-a87d5976a75ef8ce17bf2c0287237ca7,2024-12-02,13300
bca-16129b38031272f28456904183ab2d4f,2024-12-02,2900
bca-879bd56e1c29112dc4680def8a7d2045,2024-12-02,-94400
bca-6411dcd921f62cb54d4dc84a82ce3b84,2024-12-02,16000
bca-818d67b91e29c740914c540893ea3856,2024-12-02,26000
bca-ca7daf89112998f532e50949f803492c,2024-12-02,35400
bca-49b94b2a7893cf37acfc0fb6f495e5d2,2024-12-02,24100
bca-170cc745a68c01322c374bd37c90a26d,2024-12-02,80400
bca-76d328cc4aeff51b35ca134cee59e3c1,2024-12-02,90600
bca-16ae32563c9aa769eea409276dc41900,2024-12-02,-67700
bca-576dc2de88677fe74cb8549de799694e,2024-12-02,50700
bca-92daadad20410501412ec99e507b3a00,2024-12-02,16200
bca-848f52c4f9293a8c0026b764e939e84f,2024-12-02,77200
bca-54a1019a648069a1f2ddab5816f1b454,2024-12-02,4800
bca-0da65e3b8d655b44ffdc5e060fb7af51,2024-12-02,87400
bca-32fd3723df0ed72ed69f312694b760ef,2024-12-02,92800
bca-f58e2ed709824cfbb7d6e7fe1e4ff107,2024-12-02,31100
bca-b3636491f921da8cd853e71afc2f6dc1,2024-12-02,27100
bca-a16ddf5b00ff5dd18f36e41ba4f43046,2024-12-02,57000
bca-6b2b0d3353d776b80552154961c2a1eb,2024-12-02,64300
bca-80dfddfdf1d8c96e45b23c0c5f888480,2024-12-02,93400
bca-fb397bb3c89d0acc601ca950d6700236,2024-12-02,73100
bca-345b05d6b5a3c2c15639b49d76c29104,2024-12-02,-60700
bca-684cf791cb42ba0a6c970844c977a1e9,2024-12-02,99100
bca-abefc5a432d7ae8fb4c74066d4a95114,2024-12-02,96400
bca-ab98ec5e203b531dc1118a2bf2e404d3,2024-12-02,54100
bca-3f2601e3db46e81b7fc6c77a1a1a3615,2024-12-02,69900
bca-2d556ca520f92230cd9ec70ff1df218e,2024-12-02,-69500
bca-03e54baa477eada53d0c0d41c986bab0,2024-12-02,34300
bca-2ed081843a2d6aa3f89c35ae71be895f,2024-12-02,-45400
bca-838bd2a28b5355136b29e90f09399ce1,2024-12-02,37800
bca-6c8fefafab8151c8c481207609de3d1f,2024-12-02,7900
bca-194d390037c51534132f58e63e6472fc,2024-12-02,68000
bca-c6df3d4e3264f184add814d7a6e34ea3,2024-12-02,54500
bca-f0e6b358e85be15f418bb2229cc9d658,2024-12-02,-5600
bca-2498f2c052739ccf1d9898453231adac,2024-12-02,-56000
bca-b66f5f097384beb54645bd9d1b68825c,2024-12-02,74100
bca-d3fc692a57eb72e915d9834c7ceabb6d,2024-12-02,-73400
bca-ed1174dc03e15da003d6d5af4064ab75,2024-12-02,-7100
bca-baef27943d6bc5fc5a2f16e4dd12745a,2024-12-02,31200
bca-860c8b25976d4d305a540426751074f5,2024-12-02,14900
bca-fa911412e633942e4bd477ff409458a4,2024-12-02,7400
bca-93d57b66cf9b83a2c5e6bf61da59b3b2,2024-12-02,19800
bca-898a7d72ab53138446cbae13be02e569,2024-12-02,97600
bca-ec3437f5a8232a52b2a82183cef8b67d,2024-12-02,-66600
bca-371e17be39bbd79801dd0cc7dc8e91e2,2024-12-02,15100
bca-5c9c58ff61105b21e1a0da338b1417a6,2024-12-02,60000
bca-a7212ea27d471755a6fa0f8435695321,2024-12-02,9300
bca-0f9539bd02f99c01d10cb37dc385b127,2024-12-02,77200
bca-41bc246168522d9de1e04116e4142fa1,2024-12-02,91800
bca-5b6c02f3575eb4d45da8d4f04bfcce4b,2024-12-02,55000
bca-aa655e4b396afdd0098012e868402730,2024-12-02,82300
bca-7b442e0916cb23f66af1bfea80cf73c5,2024-12-02,60100
bca-595e193efd16731751f2b8e2770e8a44,2024-12-02,92400
bca-3ee2e01abd7e942a770f2c65e88d071e,2024-12-02,-1800
bca-ea607c3cd719b099d958a3cbc3892664,2024-12-02,18700
bca-1a45755e5bbd504556dcdb820bc2e269,2024-12-02,-8100
bca-4d49f166c530f13fda8ae33f04d662f7,2024-12-02,84100
bca-2db03e81f415faee3b47cd9ca6c0f9a7,2024-12-02,-97100
bca-68c37ad8987f74df46fcc253995c6813,2024-12-02,7300
bca-b361c8efb51abfd8243a23c861f57633,2024-12-02,-61800
bca-60874c32e68e34af9c32ece9d1722ec9,2024-12-02,22000
bca-3073faa1281874df0886f5c3714275e1,2024-12-02,34700
bca-be8c36411cdb265706988000e41c9288,2024-12-02,31600
bca-9178e35780aeb860b48f839786c9c571,2024-12-02,-44800
bca-84176865aeb3b4669b18751ab56b3cf2,2024-12-02,99100
bca-bbddc3f2e8e8e575e2a031d4cf93f0f8,2024-12-02,95800
bca-02e249201b79504d45826296f6e863cc,2024-12-02,8900
bca-6f6bce2a35903977f04e38de1e12962e,2024-12-02,22200
bca-84240cf80b651a6eeffc055eeff52245,2024-12-02,17800
bca-20cf87fdbfad6bd9c4d4070db1d0a69a,2024-12-02,45000
bca-cdb636866967462a348ae85c35f71104,2024-12-02,-73600
bca-d18f664c4498a1d23a73cf1dfd0332d7,2024-12-02,-5500
bca-686fe164971233176f11f2127d0fba0d,2024-12-02,90000
bca-8bfefba77bd01b1d0b8ad399ef696da2,2024-12-02,72800
bca-b934b728950081b6cc9fe1fbfd615703,2024-12-02,-91900
bca-f1a37375678f970d24e6a8bba3ac757c,2024-12-02,-12800
bca-6877ea6d7439f98723e2f22f88bab39c,2024-12-02,52700
bca-3bd8a76fa7b8ee5ea9888b90565657f9,2024-12-02,99100
bca-ca377f7ab2bab8f8284a1e1fe267d21a,2024-12-02,49600
bca-a718aad02407a0911f3205df176cc1c5,2024-12-02,-83700
bca-bdfb16b393b04f8b6fa2a8c42a5adf68,2024-12-02,-30100
bca-04956c1e1cef91509a5d5f02259a54d5,2024-12-02,55900
bca-79ace2d561bf95659982d1d34c097d59,2024-12-02,49900
bca-4db308cf7e495d7dd2a30a8766363e7e,2024-12-02,92800
bca-81ea2d9ceb2e4d524caa503d52d670e4,2024-12-02,-64400
bca-4693a095ae6d12cfc4e41f72ec8666c5,2024-12-02,14300
bca-922db98373c3addb11fa8024d4a5d701,2024-12-02,-87700
bca-6af4eefbf95e1607f380e1ad200f4002,2024-12-02,-33900
bca-77dbf17f0d717d9e96fbc93bc9d59a16,2024-12-02,83900
bca-f27ff9ac1b201f7048038787a8e8b409,2024-12-02,-99600
bca-c2dd46d9f5a3546dca3a4ee3b1969667,2024-12-02,81300
bca-c947bfcd49131c857c80bf0def9aac83,2024-12-02,92900
bca-ec0695f74e041515be15e9205e32a406,2024-12-02,-46900
bca-9809a013ad95b9fa40de834e034b0280,2024-12-02,78500
bca-a5276e34f8e5bb1fb13e1bc80cf55f51,2024-12-02,79600
bca-cd83d8b2faf1644bdebfc0b0278ef614,2024-12-02,-54900
bca-b762447eedb27bea0238de0f09a67377,2024-12-02,-69700
bca-6fcb00a02da23920b8abb32fd45a77f1,2024-12-02,2600
bca-6dcd455f2ff3210954f4e6fa144de301,2024-12-02,2200
bca-81bacd2987204c86f171704023e07799,2024-12-02,88800
bca-ee773db82924e4c86dbae2283553c531,2024-12-02,55200
bca-cc2bb8bafd0d469531fef7b9eb334528,2024-12-02,-67300
bca-599af9dd66a167d2af331edddb96d705,2024-12-02,69500
bca-1b87f191f5a291bb2f87674ad5fc6ed7,2024-12-02,-24600
bca-bcf50076859c029b8f27de17c3dea8ba,2024-12-02,65300
bca-afebb4989a5ec3c411a575acbb75a1ba,2024-12-02,45100
bca-739bf1272a6441fe6d787e4ded6d5433,2024-12-02,-87600
bca-e62fbe336626c8a2f6b06272f5558130,2024-12-02,54500
bca-5e55ad30d58b7f9c4b04aac380830872,2024-12-02,82100
bca-748cc6625b6883a0bdd7a71abcf426df,2024-12-02,26000
bca-86f592fb1dfabf81a7ccc1c47dc652b0,2024-12-02,81700
bca-b1e3cc4388ae220ad0878bdee0a2a6a1,2024-12-02,19900
bca-bdcd2cf67d982b415aaf2d0b1c0f334c,2024-12-02,-73700
bca-292a21f0deb6ed88566009dae401c04c,2024-12-02,17800
bca-73d11a7e7d7531173b0373c1016ed62a,2024-12-02,41800
bca-bc49273ced90a374197abd3a539e0e4b,2024-12-02,34000
bca-d9ef7849ee5497fe3d0cd220fff7663e,2024-12-02,96000
bca-de92665df9400c68394ae2215d54ebbc,2024-12-02,30600
bca-98d43fc6b7204acf838260e8a26ca9b5,2024-12-02,3000
bca-5f8828996155c9b621779df09cb28e70,2024-12-02,-25000
bca-5d814b31bbdcbd875b1ef327350d5cd8,2024-12-02,26800
bca-e401830ab422890879d3da55da7fa81e,2024-12-02,38500
bca-813e73019137aaca0f98d017c8ead6d8,2024-12-02,66200
bca-2f65c7ee56fa49bf46ca6a5a7f0b3e58,2024-12-02,-69600
bca-b3fb881ef973fd3dec0f50ba71e24053,2024-12-02,35200
bca-2744ef0a270f1027d4c63845f0f9b65f,2024-12-02,-79400
bca-08803a40bad785fdc006c88b98cfdef4,2024-12-02,-5700
bca-0177ce8ff849aeb0813a967919911ac6,2024-12-02,-89000
bca-fb0eefecee10b30c7c262022f921e271,2024-12-02,80900
bca-238baba6339c28ee56a7293d777c0ba9,2024-12-02,39900
bca-d871f8f17b9e4e1b334901e4e3b77183,2024-12-02,11900
bca-7982829efd07b66e33573e5cf651ed83,2024-12-02,-54800
bca-d45dd663996818c354a8f1ccdf4ff032,2024-12-02,18300
bca-6e945d3ad9df41b801455de657ee9eef,2024-12-02,52800
bca-7fadc31746c6cbd44f205c06563dd24f,2024-12-02,49600
bca-74469ac825f825bfb83e86a67fd3d220,2024-12-02,-74600
bca-f3db9f328e09821ceb88697217f1167e,2024-12-02,-26200
bca-0108741dd42e7cab95eb47c41a8681f3,2024-12-02,32400
bca-215c1fc33475cd231f116a6a55378270,2024-12-02,87500
bca-b4e8d8ccba5c6943211853a3fb71b3bc,2024-12-02,35700
bca-e210d03a2ad0825a52e9082408933e8c,2024-12-02,45300
bca-ab17ab18c9065c55d6423dc482c20801,2024-12-02,86700
bca-90f63ab11b138fcecd7f7876149a99f6,2024-12-02,36300
bca-7e8aa5d5da9e586b76343619cbbbf6ac,2024-12-02,21500
bca-500732372383b5c43fe19ba7ef64d903,2024-12-02,-29800
bca-fb955fdd2432dc970ca17f6447236371,2024-12-02,50000
bca-8b6136089741ec86a97a638862382562,2024-12-02,12000
bca-96adf83650b42ca231fae97083c70257,2024-12-02,35700
bca-b63be8a2af7c48e34741ee7b8efe68e8,2024-12-02,71700
bca-1a74ded93baa5e28a9a2f0afaab71219,2024-12-02,-35100
bca-12eaabd58ef070e7dbdaeb36aa39d333,2024-12-02,-86300
bca-4cc61eff6859354547f631449165b50b,2024-12-02,44100
bca-2ee03256615d2adfbd61d8106b73334f,2024-12-02,4500
bca-7840007678c104ec6877e9880b1d9254,2024-12-02,55100
bca-b47e954aad1b37a0113953e6ff7202cd,2024-12-02,90000
bca-138b1b94992effbaab7b1cc30d83fc71,2024-12-02,55600
bca-a9391a2aabcb8c1eca1902757cf37ab7,2024-12-02,22500
bca-c61681c1c3bfc61984bddb6e949ba5b3,2024-12-02,65400
bca-eb73aa700e52da4a7e83447523bb2321,2024-12-02,53800
bca-6022fbfb2c2fb6cef6bb68e534521d0b,2024-12-02,28400
bca-0b396a449109ea29d0373ea40f2da819,2024-12-02,-41600
bca-4486d86d790ebdb45221c96a8e7c6aa8,2024-12-02,89800
bca-56bd7562a23051da9613210a86b7014e,2024-12-02,7500
bca-d2522288df4f01f7015d65b8681d4eeb,2024-12-02,-65700
bca-f1a1c5c46cde0fa4cf324529c5f60a27,2024-12-02,-57200
bca-47ede028aa8ad414b71976680261c72b,2024-12-02,78000
bca-a3317f9746fa60c2d58ede2a469ee883,2024-12-02,83200
bca-fee085235e3123f27c8ce18d888f64f1,2024-12-02,-20300
bca-4becb69af1f0cf35c7b9dadccb484430,2024-12-02,6300
bca-4bc71642be9914d73205157663fbbf2c,2024-12-02,76900
bca-086840e128d0ffeffe08ab98298feaf8,2024-12-02,-62000
bca-b7d5f5d3c3d4ac5d25ee4138c101c133,2024-12-02,-11900
bca-f4c5613570015090fe0b3a1831450fd3,2024-12-02,-63900
bca-9a74d8a4ca70f99e158e6dee440c9c4f,2024-12-02,32500
bca-df76887f7966e00921174de97bd676ac,2024-12-02,71400
bca-7827c4b58fe3bb4009a8e21bb1321889,2024-12-02,22200
bca-5b685baa5206452fc224aeaa5dc5628b,2024-12-02,81100
bca-36f127f465b37ecce304d4914131cfe7,2024-12-02,79000
bca-6de9d3058fadb56c997e6afeb3da7675,2024-12-02,40900
bca-1c91566382f420f541f48427e1d03e94,2024-12-02,69000
bca-faa724ec395d0aa1f4bdd0ede98ee05b,2024-12-02,52400
bca-39bf87713e9a3b2770d84b38f99178ee,2024-12-02,43200
bca-8881932f6d22f9e30ebf334658e35b97,2024-12-02,64700
bca-414996a833f2a9d7e685ba8952880753,2024-12-02,75200
bca-409431e8473e092e76a57ede7e456314,2024-12-02,-85200
bca-3caf0f83a5a229e7f987a75cf2d16585,2024-12-02,71400
bca-4835196f9a3c31bd35687c654eb50c8d,2024-12-02,72100
bca-40fc58c491c37028c2365065556f86b9,2024-12-02,50100
bca-64290ad4d68d946ebb4234e157e490bd,2024-12-02,35900
bca-7be9b7ca8ddb0826deda64574b48a2c1,2024-12-02,44600
bca-4218f30cc2453aee7408e1ae356cbaa1,2024-12-02,-3200
bca-5bd4df383a8ddb0cf26a4a164b826587,2024-12-02,10900
bca-3c1897beab94082dd1f5796527febb05,2024-12-02,15700
bca-6248936b08c2ed1c118450e4135a499a,2024-12-02,45200
bca-b1fb2eac55f26be5d877644ec913cda2,2024-12-02,72700
bca-4e4a923ac4fda5faa0e3dc29e152e261,2024-12-02,75700
bca-8f01da96c5e7cd1d621a5a6570e9ba70,2024-12-02,31200
bca-9fb0acb6038bd084c9382ee4c9bb35cf,2024-12-02,83300
bca-b1b82b4526590dd1563f1c15a3b241c1,2024-12-02,4500
bca-ff76ea242187034a6a267ed3318dd957,2024-12-02,8600
bca-c9f747fd2aa1bbb80e84185884c2d75a,2024-12-02,74800
bca-6f03190dc0dcb249b1eefd5f4cb933d0,2024-12-02,29500
bca-7e721a4f7c0eaf498ff25831b71bc305,2024-12-02,-9600
bca-ae3822364ac348833dd8778524b6dfa1,2024-12-02,-54100
bca-8eebb19c643c81f664b79f11b995219d,2024-12-02,77100
bca-0161fb792bdc9aa75d7443f55b97c5a5,2024-12-02,25400
bca-e56699f023afb75c0bffd9cdd78344b0,2024-12-02,85500
bca-dd44f4fc3a667d7e5f3f6f9455faa5c4,2024-12-02,64300
bca-16ae463d834f6290f92e6df67d1160ef,2024-12-02,-80100
bca-e3b39c032146a4cacedb57bd57ce7c10,2024-12-02,71600
bca-b7b26b5e149490768436c51df34ff181,2024-12-02,85100
bca-9bce2308fdc7d87d0e604f559dcbc1c5,2024-12-02,37700
bca-06fea0f639d1222afdb9a0d6e4f57cc6,2024-12-02,17500
bca-d1a9a8963395248a322ab65506097c8c,2024-12-02,87900
bca-6a363e41ec15bad4a03886cf05f372d7,2024-12-02,38700
bca-00eb0d518979a46cd0bbf03d2f1120f2,2024-12-02,76800
bca-8eeaf367aa97b4a6eb29797b5d1873b4,2024-12-02,46200
bca-73218b209185423e203bec7bccceb389,2024-12-02,44200
bca-d4c8661289c271661733cfd6c4032a4b,2024-12-02,62700
bca-0b63a3c832da95bd06387f896d7c0e52,2024-12-02,46100
bca-fa128d18c8476827dbec6785c34fa3d6,2024-12-02,4400
bca-fe5a3412753ee40ee0927570ae9d84e7,2024-12-02,28600
bca-f6d0229f4e885bcd78a4ede04e148a04,2024-12-02,-94400
bca-47166e4e496c96f7677a63ab741a88d1,2024-12-02,15400
bca-f7618f0f29096f3de8c575ee3b809d87,2024-12-02,-25400
bca-d3458ae3644b5a0e97ceae9f03a084e1,2024-12-02,-24900
bca-c1a61c64bcc91e16f021187d647bf657,2024-12-02,23600
bca-e7684f2fa43980ebd75b45c5f6b75e0e,2024-12-02,81600
bca-393535626220cd5b41a67d9df04e29d0,2024-12-02,-50500
bca-2d75896cfbba08e9edeb7a797065c49f,2024-12-02,68200
bca-27fe245d718b8989cf2583048f489f61,2024-12-02,21500
bca-8146eba33c76425b47c2b0f436770cf2,2024-12-02,82600
bca-a54a04fef96e9820000448682b3aafaf,2024-12-02,57400
bca-9c75225ffb93256e553e20b81d80524b,2024-12-02,8900
bca-b420cbcca9281a3b139090e2332cb2b3,2024-12-02,-44400
bca-ffe36597d3992015d5ee8d9722a7c95d,2024-12-02,4100
bca-b7476e0c1e7eb3ff8ca13c867f4e3f06,2024-12-02,35700
bca-3d49a3812c8a12d3ee1b7845b6b32d82,2024-12-02,18500
bca-416ef6abd169bd212f78537d343b2c26,2024-12-02,-64100
bca-ae0840656c3d083b50b16e50e53ff525,2024-12-02,61800
bca-2c7957566a4f0c122b3e7389c7760657,2024-12-02,26900
bca-389b102460cecca8f501a82e5b6e074b,2024-12-02,85500
bca-8991d8717596020745f5f6671e9ca9ec,2024-12-02,-60900
bca-6fee8c6ac980ca4055f5d8e9ce9c77bc,2024-12-02,65400
bca-232b7c317142f95d2576f68cee1f6413,2024-12-02,-40300
bca-a42e4c2e9b4b3ba9ee5ca39bd57aa562,2024-12-02,65500
bca-372d288d749b4d9c38411637b133f814,2024-12-02,22900
bca-150ff2cfe8c2925d32a1668b046d7589,2024-12-02,29300
bca-8abda23554ba0e3276f7f5e06d4a54bb,2024-12-02,-35300
bca-fe4ba79b7079249e39e9228a8ea17f8c,2024-12-02,70700
bca-a08f5a8eac49ca23dbb55d5e227d011b,2024-12-02,62200
bca-24abd5c65c0bda01268925ef743ef056,2024-12-02,1000
bca-41124293e4c9606f26f64d76014ba083,2024-12-02,-36200
bca-126def40dbdfc791cf80bc114775de79,2024-12-02,-61900
bca-69f07db825ee89025e5878e320050776,2024-12-02,-64800
bca-ddddb5cf93f4f3be1feefaa558ee5924,2024-12-02,15900
bca-1354e3b7d581f8924dee084bdbc08f9b,2024-12-02,24400
bca-1be999a5800e13dd3d919ed034590f78,2024-12-02,46100
bca-e05344a8b220e803952a6841fe86ba2b,2024-12-02,50600
bca-b5408e3c47b4a7c27dae4b0368a4d6f1,2024-12-02,17900
bca-0bc716b7cce3c1ddbeeb50258a809775,2024-12-02,9200
bca-b8f2cf5cb222725c6f720bad391f0e78,2024-12-02,-57600
bca-449c2634c8b32ae20bb90fb9de8ae4fd,2024-12-02,-70300
bca-bd3919f13cf5c9ec528762c3a1f43120,2024-12-02,65900
bca-eda8ccd8051081aa3e7b44cb42c9ab14,2024-12-02,4400
bca-f79040b8530bdaa8fce0069a9cd90679,2024-12-02,77200
bca-6bb6a5236961bb842da2093b90b1b249,2024-12-02,12300
bca-34ed1a30569bef91f98bf0700f394727,2024-12-02,74000
bca-00510422d29172d13497a7fa2cf3fcf6,2024-12-02,39500
bca-ee871f9da99f926b6e80468ba6f142f4,2024-12-02,24100
bca-ed6ac2e329fbbdff05a34d1142f579fe,2024-12-02,67900
bca-650fa1f701011f3aca39bdaf0ad59029,2024-12-02,88900
bca-6fc3542bb19bc549280a73aa0bd2c0c4,2024-12-02,92500
bca-19383be286d63bd509caf97f19699c3a,2024-12-02,-16300
bca-b24e317631278b58168508d91d1b418e,2024-12-02,-93400
bca-a6332aec546bcddd7d14db1a2f330b93,2024-12-02,13000
bca-3931ac74ac4d41f6dd4e9bcae1369e91,2024-12-02,31000
bca-5a5838e873d724d58d85fd294e2351bf,2024-12-02,-16200
bca-ce6f9ae78cd907aed57a5e3df204b048,2024-12-02,-83000
bca-a1829beaf6398866519bfda2132c84da,2024-12-02,74600
bca-c0be3c1f3af6e23746c5836e7a63db03,2024-12-02,87600
bca-fa46d636c4540eb1020ededdab750a2a,2024-12-02,30000
bca-773ce14620b4aebcbd1c0ca757926496,2024-12-02,88900
bca-911dc6f673bb6ffa7a0827cc4134477c,2024-12-02,-58500
bca-8248cc6a013790e73331856d13576dc0,2024-12-02,4200
bca-33339e4ad65dba4e3c6fcbff1c736c28,2024-12-02,-81600
bca-bd5977d168bb9def28e166e3e1c3101f,2024-12-02,66400
bca-2a0795602a6581bda0f3a7dfcd5fcb55,2024-12-02,85600
bca-36362c72bb8b2b84f270f9d4103c83be,2024-12-02,-67900
bca-260969e619029cb123098c724b13f337,2024-12-02,15700
bca-d3fe0dfee37f961c5bc1d1fbb3f939eb,2024-12-02,51800
bca-eb90f6539cf2cf45e981c674af95e6d4,2024-12-02,53200
bca-95987875495bb1ab2ca1250f461868c0,2024-12-02,83300
bca-f88708478e5e465fbe3e6b5b9131e255,2024-12-02,48000
bca-bcd987be9c85ba979b52e40ee0306f5f,2024-12-02,66100
bca-4fbb21aa57be40302724aa057a7900c6,2024-12-02,85100
bca-549e38fd3852631b250c83e78b41d012,2024-12-02,77200
bca-6578205fab507006f1a439f9cc33eecb,2024-12-02,-29700
bca-98275fec19ecc77ca44eff8102e3a420,2024-12-02,95900
bca-fd5ea45c5f5f005493597c1a5d37f7ea,2024-12-02,35500
bca-4a1b0a3407a311150f45df8b75fdd8f5,2024-12-02,18400
bca-1a586d429429fb70bb41f3ae5f9461ee,2024-12-02,83600
bca-cd55eea541318e09078045c0bc177eaa,2024-12-02,88500
bca-f34e874a927f8e4004596b28e45496f1,2024-12-02,92300
bca-9027e11450c13391514d3f21075a8661,2024-12-02,51700
bca-1b5c4a75e398e09dd73d91b4529ae1e1,2024-12-02,76400
bca-8ec01f13b04056ac76097c2c64dbb1cf,2024-12-02,60700
bca-7280e5887a2a8d6b245f0818ea1166a2,2024-12-02,83800
bca-4be4220879bf2c708faa44757bfd7234,2024-12-02,-45100
bca-b9da43c38e3abe176fb7f1f9a99089a5,2024-12-02,43200
bca-e994b49760601f772f0d7edae90f4731,2024-12-02,11900
bca-5013be1bba5d88d2a667db1b7ca6e780,2024-12-02,59000
bca-9d434712bbc00461100cb28b4a3a28f6,2024-12-02,26600
bca-332160d4ca3a4b7f20d1ff4492d4a2fc,2024-12-02,25500
bca-e025b8a838ca874ebc3ee2320819366c,2024-12-02,6400
bca-5528ede737243cef56f64698f452f6a5,2024-12-02,-9600
bca-eea7183e69fe3717600dff915e12d687,2024-12-02,-93100
bca-6c1863f4f2cfa383061768757db285bd,2024-12-02,-35100
bca-c936c61f1ca539af16219dc3a172292f,2024-12-02,5300
bca-f968c62862efdc48b67582207c51ed7a,2024-12-02,7800
bca-16b5b3a0a11fcaeba84c45661fd598c2,2024-12-02,84400
bca-97958d13a714b8a34a4b03bd19ae4002,2024-12-02,82700
bca-4f5001a29ea497ea085130f4c778e3eb,2024-12-02,57100
bca-4939caf752ae00475e4029371a37be90,2024-12-02,1300
bca-52e4ac24f3b1edaee2b417fce30054cf,2024-12-02,74800
bca-516b01956dd3e27f516fcba0af08ce91,2024-12-02,97800
bca-415a7b77374953145954e5df099c4194,2024-12-02,67200
bca-e45f1f5d9af1ab50b7d4f9f8f9487759,2024-12-02,82700
bca-42cb272ccc1da5fa8c49dbb2d9e2a0c4,2024-12-02,12500
bca-1d165c477153ecdfc2d5679fcc60de6d,2024-12-02,4600
bca-7a979f009775f7da926dc85f20902311,2024-12-02,-15000
bca-7eddd6f19e7770796c4720f43c896ca0,2024-12-02,39100
bca-463f410c3727e0c3fb5faa7a7b8d72ba,2024-12-02,21700
bca-7d4b8d2e891395031e47b78dade67c88,2024-12-02,42100
bca-4dde0ff4327b681ab69dd4601677ef34,2024-12-02,41400
bca-5ed5ad0a10258b52594b75beb32211d3,2024-12-02,75400
bca-5fbc10071182ee83102b8b46c4b78f61,2024-12-02,-45800
bca-0e1787f471c9b1ae898934b7e9408d9f,2024-12-02,-60200
bca-1cd63ddcdf7622cf5c43597545ce3623,2024-12-02,38400
bca-3a65dbb69976d04e675f9e1a9f15a865,2024-12-02,-81700
bca-5800a1ee2b7b87d75a937088842e3755,2024-12-02,86400
bca-df2b890ffcb12d05a984e8092ff1a944,2024-12-02,20500
bca-fb18b4ec61a0e8783c4943ae552ad004,2024-12-02,-29200
bca-e58d59afd12cda89d13cb64d15e7ab3f,2024-12-02,77300
bca-ec0c88a0525511f6c2b3ef169a034df3,2024-12-02,7300
bca-11045a86961710fba4e73c5fb6e9000a,2024-12-02,61300
bca-b4dcce1500f0d250a7c6ecb31a3325c1,2024-12-02,-76900
bca-251e167a2a161e33654a30aa1a3cdb9e,2024-12-02,28400
bca-381dd65ad2160bfbedb1a0326fa48329,2024-12-02,96600
bca-e1ceabc81ea2842180d8feed410835fc,2024-12-02,4900
bca-d788c0ff2e470608d5d6e419db2c5e65,2024-12-02,84000
bca-2296800758684ea3892a2ba933f5d466,2024-12-02,9600
bca-6b2e631af2b22449005b3ce138f60b03,2024-12-02,77400
bca-1a7bee0c4b82e37ac3bc98b20e95d083,2024-12-02,29600
bca-a5a53566b4d8c7ec9e96684b2de9d051,2024-12-02,86400
bca-49c2b57ced3c589679a4c2588edab9a4,2024-12-02,34900
bca-c38dcac980c4f0f856dae614f04ba9a7,2024-12-02,19000
bca-360bb13e82a76f290a0344be63615768,2024-12-02,4900
bca-931f2a5cea6b60383945766718db25a5,2024-12-02,55900
bca-81b9070f91b55e2e07d3500e2d3bdca8,2024-12-02,67200
bca-afabe67309e4ceb2754f618462a3cd08,2024-12-02,47600
bca-98d9d58a84de5c871a8c06718a276333,2024-12-02,75900
bca-c673d1f6792cd919178bed248251ed2a,2024-12-02,99500
bca-1ee01eca48ead12043601058ad62c2f0,2024-12-02,88900
bca-c823b924fa0d9b17528d80b7b69671a7,2024-12-02,-71400
bca-4d4b4d5bcad50aec943eb85b92b89e31,2024-12-02,-61200
bca-8fbf532ac25d01b0d5964cfc2bc72cbe,2024-12-02,80300
bca-658b7d1d27df94e615d8d3fa083f63f0,2024-12-02,42600
bca-a33b6cbcaf2761974b6b2f7194319da9,2024-12-02,-51300
bca-841a4655176e8309b7f8cb8b6d5ac3bb,2024-12-02,63900
bca-c989560b8a61d799b2444c13e9c8d961,2024-12-02,24800
bca-1fab0532e0d14545306a6bfe50effc96,2024-12-02,18900
bca-605d89164132f6cbecb74fb2e59e90f6,2024-12-02,3000
bca-a18cbae1597fee54ef741b28ac8b21a4,2024-12-02,19300
bca-ed3b18f0bc390fdeade8ff09d32bcd2e,2024-12-02,90400
bca-4f0b233699f9f0c1480404acd35a920b,2024-12-02,4900
bca-72a4976b6e3fe9436af82b76eb719a79,2024-12-02,64500
bca-3cba22e50d757922dd1317684485274e,2024-12-02,62600
bca-0fb7f8e0fb67b29f72f9f27979b2a5b9,2024-12-02,30100
bca-6d74126bdb59c3043cd91e4f8456c9ad,2024-12-02,1400
bca-4260d57afc84ffdcee530336d8909662,2024-12-02,-9300
bca-fdf37fe544600b0aa22468aa86f2367b,2024-12-02,13500
bca-9fb5e5c76b77258c11e3d28fffcb3717,2024-12-02,23100
bca-f2964624872f159003b8652ba2e2ad1f,2024-12-02,76300
bca-c3e996362b4c669420f40fc4866d318b,2024-12-02,90900
bca-1ae4a92e697cc0f1314437182dc2caa9,2024-12-02,86400
bca-693ab27716c1a8e4dc4cb37ca83373ee,2024-12-02,13600
bca-b2907d73ac3ad9bbf754cc4167c21382,2024-12-02,-32800
bca-e849335058bb6005bfcc6bb80ef4b88d,2024-12-02,-92500
bca-17b7644b23f468e59bc647c9320f19e0,2024-12-02,65000
bca-fd1d45fb7a0071ba8d0ce0281e7e0fd2,2024-12-02,46500
bca-e041adbb6e17711ad89fa84d9e48a545,2024-12-02,97200
bca-088f17131ce12fedbc8f227aa48f0ef8,2024-12-02,38000
bca-35ecbb40db61ae3dd6a95d08b436b982,2024-12-02,23300
bca-53a5733290e0e2db82ced04fbb5c658b,2024-12-02,-14400
bca-b22d2c5050f3c550ea50dbf6d7a07fbc,2024-12-02,61400
bca-4fe290397c49925a9173c2c623a2ca1d,2024-12-02,20900
bca-32bb8a163fe16fceb1c7b6c9d86f57dd,2024-12-02,7300
bca-a1ba142fe74423df2ca7b4843d57717d,2024-12-02,-94000
bca-abcc2970ad5104e885c7b4570d0cee41,2024-12-02,56500
bca-ebe6922bd3174b5d950aa5e02e8832de,2024-12-02,86900
bca-0aef41ad673626a573024e137cfcdc34,2024-12-02,22200
bca-67356aa25059b4018b8f87b4d388a6e6,2024-12-02,40100
bca-7eb84e74fa443f85e63c14f2fbfbee3c,2024-12-02,-24900
bca-c19fa8ff585fa2e872fbfe9bef9f82ea,2024-12-02,-38000
bca-7aef3f8dda972ee6c4564e622b84fa6a,2024-12-02,45300
bca-037a37fa697f5aa4bcd88b200169307f,2024-12-02,-84400
bca-45d42f03075d09fae9f99ca64d7f881b,2024-12-02,5600
bca-47d8880191d641bf98f4cb1d72179aa3,2024-12-02,37500
bca-6dc282e2be6a04bf69246e17212b08cb,2024-12-02,25600
bca-1c58029c8c98b09d490e066ba39d4783,2024-12-02,78500
bca-f993c790b4db322128463bdb55f577e8,2024-12-02,11800
bca-5603bd474cea3378996be2af42080bfe,2024-12-02,6600
bca-b1b6aa251942a3a2ae9c14ff1e0be35a,2024-12-02,86300
bca-adb70d171fab2fea38852dc40bc958ca,2024-12-02,38600
bca-f497e993bb8457c64a1ed810bb80aa91,2024-12-02,61600
bca-fddaab0d06a207cd428f9be45e210d4b,2024-12-02,18000
bca-febe486232f1960cc9b4b8da38e84dfa,2024-12-02,61200
bca-848d45e4069d00fe60ebd86483dba8a6,2024-12-02,41600
bca-717387024f23372e4d4f70155ed96a43,2024-12-02,62200
bca-9ee63e489025fdedcd026970ad185e10,2024-12-02,89500
bca-8c48f528088bf59ae1b19de8dc109e25,2024-12-02,37400
bca-416a698a13a96170b4d76d2982998af1,2024-12-02,75300
bca-a6db4652721e209a6fd59feb0f346a63,2024-12-02,80600
bca-3c332bc010fdcb5670ec45fa62d9134b,2024-12-02,76300
bca-5489b96c0f3fbfad8a588d1bef2560c3,2024-12-02,-7700
bca-d19cc20acd86dd9d3903716f1af30769,2024-12-02,95200
bca-b4063b669622a57f937cfa13994b3d63,2024-12-02,55100
bca-3944c0630f146c61b32144bdee00b4d0,2024-12-02,-85000
bca-996e6537d5da2ac01f129310a7e6f2d4,2024-12-02,55200
bca-2969fdcf6c132d1b9eefbe7601849471,2024-12-02,38100
bca-e4676a5e17076c5123b126d478b0a716,2024-12-02,22300
bca-a64b704dbc772b10f6e890475d0dc2fc,2024-12-02,52000
bca-08fcb33a7fb1abcf34af6e0394247265,2024-12-02,-27200
bca-a0461a6aef009b9d335ae8d0c4a02ec4,2024-12-02,1900
bca-19457bbc66a473fe7c7153d36bd248e4,2024-12-02,55400
bca-7d1a2e55c8a249b0da5b56299a29e863,2024-12-02,97700
bca-560e6cac80eb278437317cdc656ef0af,2024-12-02,-7900
bca-0f585578e69c24525d70d566bd47964c,2024-12-02,89100
bca-75cb5738bc8cf305d8614d396ea68faa,2024-12-02,25600
bca-c3c0d0ceef35288bf5291eaabd9dab42,2024-12-02,89900
bca-4cbe5c3f2b2fd937222fcfffa9251f0a,2024-12-02,64900
bca-12a03d6091c95f33461899ea46781734,2024-12-02,-95800
bca-b20caa4325439cf8ea742e3e83adc590,2024-12-02,-55700
bca-a9609bdc8e19a58672db0f8910130372,2024-12-02,5300
bca-1068c0bd214d3b0046f83b36d1d2b529,2024-12-02,-58700
bca-cf39735f38aeb66ba0b44727e677c828,2024-12-02,84700
bca-0ea4bee3953a8f3da28b4364e2d880c8,2024-12-02,21100
bca-102ab0261eccbf6d7cbfb2210526558a,2024-12-02,38700
bca-6d05c0213392b9fd303274ea6e4facfc,2024-12-02,8400
bca-1941a405ee3d18064ec7dbca80cb7b99,2024-12-02,62400
bca-22e1be4fba7774a0bc4a3a775cbd5a61,2024-12-02,38600
bca-e7f262df7e02fef5c0a86072598cc352,2024-12-02,62100
bca-28e079c1e19532fb3174ca67dda075e2,2024-12-02,89800
bca-4db2dd1c8d40da6656abd43e01b09248,2024-12-02,1900
bca-dde8e81f64fca62228955835667b60e1,2024-12-02,63100
bca-e421aeb7d42749aa3caee7827cba56c2,2024-12-02,72300
bca-59e86ec3e8c061721b383581b3aa95d7,2024-12-02,23800
bca-c3fde033d033878ee4c10d573501903b,2024-12-02,82500
bca-a31f6dbb6448c7deb1c11fb614748dbc,2024-12-02,22500
bca-9430fa023feba630bc9b838a62fe6b7d,2024-12-02,-13100
bca-40a9e28df93f92bcf74bf0aed5831257,2024-12-02,-57600
bca-ba5edb7ceb002090bad912be06604b9a,2024-12-02,21500
bca-ad0ce3aa0fc3acde918db9a4922ec90f,2024-12-02,-29100
bca-0d6660661d6d3c4d0f5126d6536b0f03,2024-12-02,-32100
bca-e7c0074e85b48a13f4494a4d268dea1a,2024-12-02,23000
bca-52f4b6520fa6a37feb9f793f0b01b459,2024-12-02,97700
bca-7609346c8de44e7ec516de2757d57f79,2024-12-02,-13100
bca-fa4afa0887b876978c7adc9ab5055137,2024-12-02,-91400
bca-3f791afcfb52ae63b6625500c9100802,2024-12-02,73800
bca-3c9d581465dde11a8b6e82392a4216f3,2024-12-02,36600
bca-4e07bc00eebd9f571e923cd79f0c8bfb,2024-12-02,5000
bca-bc244d7de91ce3c42c5e17be3a6ca645,2024-12-02,21900
bca-e5352f1c307c0acea6b4201e8992d556,2024-12-02,-9300
bca-84c8bf205083a47ef607a982eabdd0ce,2024-12-02,91300
bca-af01d63c3f4138ca4379d32c13c470a4,2024-12-02,-35800
bca-3553d287555fcef0235dc7149ce40e86,2024-12-02,2300
bca-a0c293a846f5d5e32ec494a6865496e5,2024-12-02,10900
bca-d5afda03934c9ca6155f46f0d9ea566d,2024-12-02,12900
bca-96b0986ef979a2618547f97eb79b8d15,2024-12-02,86400
bca-fb175aeb1deb14881b0dd5a5a435ea20,2024-12-02,47200
bca-41d87c887606801d78bfe2cd35a2da46,2024-12-02,-26600
bca-d3247428ce05fdd1e78a39e87e425fe7,2024-12-02,-77700
bca-3a639dc35e3a1bcf8c821ee8c6a29c2b,2024-12-02,34400
bca-951dcf26fe8880a80b56ad35b5e6ca8e,2024-12-02,90700
bca-85b723befdf2e0d83aa042b976e9ac6b,2024-12-02,7300
bca-d375d59368342a1d60099a69979a35b3,2024-12-02,43800
bca-a9b44196f00d29dffcce302639395312,2024-12-02,61400
bca-64a5aa276a6fddaf3bbb934423647a42,2024-12-02,-38500
bca-25ed38d66ee667171e15183027f7f57b,2024-12-02,16600
bca-c2f3de353783c4d5fc6277c53282b263,2024-12-02,26800
bca-6cad7ba2312a8c61378c5f086bb25335,2024-12-02,78200
bca-90a31b543f00cf70efd354a0eb0cd056,2024-12-02,68700
bca-b7e22c2a718e17efcc3cbb6317b6bc37,2024-12-02,81800
bca-6d943e54bb41a10ffbc503bcfc71540d,2024-12-02,90600
bca-7062c1522e50c956701628c16695cdc1,2024-12-02,33500
bca-984c973f2de6c60031b589b330d412a3,2024-12-02,55300
bca-57b93fbb0afef90eb2e78d9587809e8e,2024-12-02,34800
bca-094bc2f481d7bcc2314956c92bd27c5f,2024-12-02,32800
bca-5a683ca267d429656c85c30d85667d8a,2024-12-02,27100
bca-51156603ce18b4635e850d80b1f56803,2024-12-02,29200
bca-829ce27d9710c3f0a70fe4a6c3e7bd1d,2024-12-02,-9200
bca-e53ecec6797bbc349ca7e6865961a5a8,2024-12-02,46700
bca-686a9df6c1bed388ba52a77d74525536,2024-12-02,7300
bca-0540768cae7250a0dfa142631446be90,2024-12-02,69800
bca-40598809fdf9723d87a7cb90046a09b9,2024-12-02,41400
bca-586ddce641b867d39fd67002a7c88ffa,2024-12-02,32600
bca-5f533652a69d6f36ee633ffe1f4b187b,2024-12-02,39100
bca-0690d5b172706b158f609dd14d5c3cc1,2024-12-02,39600
bca-f813db4a4b4cc82f02329895448d0572,2024-12-02,93100
bca-141465283e016f91fcad226f7c48dd6b,2024-12-02,51700
bca-cbcbd8233d60bb7919c5549f5ad501e2,2024-12-02,7000
bca-98a48aa0632fd1410c55abc05885e0fa,2024-12-02,93100
bca-df2682b2abe11ec1bd9131ec6cfc05d8,2024-12-02,13500
bca-035d74d6e9e3bd068b3f76a1ff4c5057,2024-12-02,91600
bca-024c4ca9a23344397d3bc91d75aacb6a,2024-12-02,15100
bca-a4bfebefee2d4e8291c01c0771b83d18,2024-12-02,16100
bca-dde540e5864391bf9bfff175db77ab55,2024-12-02,29000
bca-0e3349cb6e29f9a4e07ed3e89946622d,2024-12-02,74400
bca-f89564b644b90179d4d779df034966a4,2024-12-02,70900
bca-f8280686d7edfa8d2463ab1bb8cec2b7,2024-12-02,92200
bca-f6a80338b5fa479d62338d989368d70d,2024-12-02,-96000
bca-2f93cd7afa85637b13c376c0713ed6e1,2024-12-02,69400
bca-43663a354ea57423b476761ed9e030cf,2024-12-02,72600
bca-668b9901b9424d777bf8435137e1db1d,2024-12-02,74300
bca-3cf6e91e3e05545b7850c86f95b1cf65,2024-12-02,96000
bca-bcd486789cf56ba2ae14d3b9c69d911e,2024-12-02,37700
bca-bec3f5fa1248e27b7a4fc60ff467931b,2024-12-02,69600
bca-757d4d4885f5879b9860058719c164af,2024-12-02,-41300
bca-778e91fc91343f73de4dcf5afab101c3,2024-12-02,-62100
bca-cee89e50237c6b0d02f345185f95d478,2024-12-02,-90700
bca-3a1f5680bf099faa1b2af6b974d9d06b,2024-12-02,-26300
bca-21102824e6722afaf2095a7d2a28c048,2024-12-02,-7200
bca-989b58229664c0c1823c62b3d99d9839,2024-12-02,4000
bca-a1353f5ffa1ed47c36d03443cbfbd7d2,2024-12-02,59900
bca-cf8ca717a4f4d4ce86afa3a49386bc22,2024-12-02,38000
bca-3ac1c07be6154b8266903e1f37222429,2024-12-02,78700
bca-cf0c79400d457a29592b39812db7de7d,2024-12-02,48600
bca-7e5a105588d8ccb33c335fd630ad658f,2024-12-02,78900
bca-6625ab3e564d75ac2ca8d24c12dbe3c2,2024-12-02,36800
bca-43624f8bdf4454f0175bea4878cdd3a7,2024-12-02,8300
bca-ee32d3e6d1f14460093bf497a1214bb4,2024-12-02,67000
bca-e194da5d9fe09041e4561134463a4c5e,2024-12-02,77800
bca-3368096e759a16fcb5898b23096d68a3,2024-12-02,23100
bca-3929006cc5dfe7252d7e25962e8ce147,2024-12-02,78400
bca-f9c3ac18f06e61c85535e684eda1bc1d,2024-12-02,-34700
bca-d6ed915812afa73071cb7945595e95a9,2024-12-02,-58900
bca-c822341c5226760020116f484dbab475,2024-12-02,-64700
bca-891d14d222409f1341288d947f097f29,2024-12-02,87600
bca-0ce5d1f1769762fa2a2f3ab29b945058,2024-12-02,-47300
bca-f3ef8686ccebd272a51ed76acd67aa58,2024-12-02,45000
bca-bc360d56dbb3dd5840814c4f7db5b070,2024-12-02,-89100
bca-c36400ac0c4a41da441ba5c55534e030,2024-12-02,24000
bca-ab859a5c673f9d085a19a8ee3857b8b6,2024-12-02,-9300
bca-2a3dfce6356bb2cc037f0f1a7e8afc30,2024-12-02,-57200
bca-b737afde0ec116c960894953a49a0387,2024-12-02,-68900
bca-5a2b0c5258cf341f1b5d93f430d0ee9d,2024-12-02,68300
bca-b350bb5248bb6aef696b280a414556e8,2024-12-02,-22900
bca-413faab12789101207a550f9ea3e9c97,2024-12-02,78400
bca-06f87f6354ead64d1cc2e80ae1f313c0,2024-12-02,53800
bca-57e005fdd6db5d05505218b8894ff459,2024-12-02,50100
bca-3eff6da0aae0dc4cbd674c750bc8a3a2,2024-12-02,-83000
bca-236b9ae4ea67e0d6755517faf540d566,2024-12-02,90600
bca-10383ed0165706024ed663cd24e813be,2024-12-02,91000
bca-5283339da5ea89b7c460fafedaa42601,2024-12-02,32700
bca-12213a716a461db4c5d3473494fb7840,2024-12-02,89800
bca-e31ee3f965918479589851b2d4545a16,2024-12-02,-35000
bca-d288bf768688b563373212700adae9bf,2024-12-02,-30700
bca-25e76e5f4ec42ce9dab40455c926e78d,2024-12-02,7200
bca-05fcf3614c664b00eddad171e6335c7d,2024-12-02,-96300
bca-168a310002ad762ae21146c196011b50,2024-12-02,73600
bca-deb031c98056af0c332428559e749e5d,2024-12-02,64900
bca-e14a5edf0d10166fba5a4d1a22557e50,2024-12-02,-2800
bca-08dfca560ced02cf58df53e326ce4ffd,2024-12-02,-82500
bca-89c65bcb45c005c2e2b48abda5c0b4dc,2024-12-02,14600
bca-ab000b762c0075c72399247f18a0f841,2024-12-02,97000
bca-553b43370d816e2d6437481dd84b9141,2024-12-02,14700
bca-0bdf197f6a1ba2fc079e59fabadaf6ea,2024-12-02,25400
bca-2210bf11885c2699f8fe9aa566378f92,2024-12-02,1700
bca-a528217fc3edcce1a4350e8590373ff7,2024-12-02,60800
bca-18f9d14bccedd91cdd29de3ae69c2c88,2024-12-02,44900
bca-76ab09975302608de8e7b45b31b8f35f,2024-12-02,92000
bca-f4ac2fdc9be4a87a284a6eb030ac841b,2024-12-02,9800
bca-094c3953e847c68403849dca26cfbc0a,2024-12-02,-59900
bca-6ede73fff743ee5427a6bc87996500c6,2024-12-02,95000
bca-a2529b36164286ef2ccb0286f6bf8489,2024-12-02,88100
bca-18d5ba3ea67f0814cc4d5dd3d0275e4a,2024-12-02,47700
bca-fb428fef2b4c9163ad582c92c78a16e5,2024-12-02,-14900
bca-6bf3e18ee92199d82689405faa3677d1,2024-12-02,-83700
bca-4b7d8cc12430dd4adb15640793b882d5,2024-12-02,-49200
bca-8d9497357ded0a14cd1e555fb0a68e43,2024-12-02,-22400
bca-c23ce6cb95b5c1393801248a28619eac,2024-12-02,93200
bca-2765f15d0d27c7006f2f2e595f9b6d43,2024-12-02,27500
bca-69a93be9662cd1a336ae9bb21c96c3b8,2024-12-02,32800
bca-ee968a6cd009c8d919e6170a8132fecd,2024-12-02,4000
bca-3b5f49bc8eed354eb56c44bb6ee12df7,2024-12-02,42500
bca-3775144563470eeb2416463421176039,2024-12-02,-52700
bca-858e6334a42d60f047b172335b5da917,2024-12-02,-59700
bca-83a085edeef8f948d6c9cf54c6cb4ec2,2024-12-02,60000
bca-ce279c8ec9299a8ebf315957f2a446fe,2024-12-02,-27000
bca-d4aad569a11c798485298d5094b7602a,2024-12-02,32700
bca-dc5faf33f95c6ad48fda41904e0f5781,2024-12-02,-23100
bca-aeda9354a9a675b12e9c99258a4d8071,2024-12-02,-41000
bca-8256bb1164858ff1b172eef3e3ed87df,2024-12-02,67900
bca-b694e94aad236973171db431c7848fdc,2024-12-02,30500
bca-fa7f4ef638eb1840e56215ce307247be,2024-12-02,-91500
bca-64fe7497ca1f50e51f7e021954ff6783,2024-12-02,63200
bca-f3c8d16c9088c0e16ea71769c9c01373,2024-12-02,50000
bca-63e5729b1023ad1f69349dcf5f1259e5,2024-12-02,80600
bca-cf9380fed0f89bcc1983877c751adecc,2024-12-02,38600
bca-90c7c46b9edc8806290542766bf5009e,2024-12-02,81500
bca-5870bd48d1d3863b4149813bcb0041c8,2024-12-02,26500
bca-7d93e6a44efdc5dfe6c698bb4e1bd0ff,2024-12-02,33800
bca-422b35e4b16c2b4548e3a949a691976c,2024-12-02,37400
bca-fbe2ebfc807d3a4a5ba830e1a8871ea4,2024-12-02,9700
bca-1143ecf9c0644e2ce5eb702313771082,2024-12-02,19500
bca-0fa3878d637215ef8f26e68784c94b01,2024-12-02,67200
bca-cdb9b314e43b49765425802c2e0b2f40,2024-12-02,98600
bca-6c63095891aac2611880d47e4dc1b7b6,2024-12-02,55900
bca-bbe65e58c69b669f6268202662e73ea6,2024-12-02,-7700
bca-4dd3912a6e8ca97ce59ed40c0511e807,2024-12-02,49000
bca-05588201d50a0964c0f4b2cbb462dea7,2024-12-02,21900
bca-8c5870f5ea2b12e9f1bb40b798ebac24,2024-12-02,23600
bca-e7c55e86678d27940d7987ee21564467,2024-12-02,78100
bca-e0a20e02a61447b5ea4c2ad8efee2046,2024-12-02,37600
bca-9d2f9f863b52907770fb09dd047e5e04,2024-12-02,-76500
bca-a4332d0082ba9b2c52726fbbcaf4cdf9,2024-12-02,74200
bca-ceac97d281a8bd9d58afd409254e165e,2024-12-02,39700
bca-f489168246c2d5efbd91ae4f24e509dc,2024-12-02,41000
bca-24df8385abc0f4cdbc6b44fec01a370d,2024-12-02,-50300
bca-1115f3656b81905182efaf353cb9cb28,2024-12-02,78200
bca-b9886aa03eebc4111917de2b2a30d63c,2024-12-02,47800
bca-f6680b684c1f56877e034a7336ff9c7e,2024-12-02,59200
bca-10475c06440bd4d386edec73791b8776,2024-12-02,53800
bca-ccb2c214886121c78526abd37d35def9,2024-12-02,-47600
bca-000fc8f07e6b450cd9bb41154e8e4065,2024-12-02,98300
bca-9adce978705c6b298c9e4f6d4e1c8d58,2024-12-02,34800
bca-b446970473139f1296e62d3311dbfc2c,2024-12-02,-57900
bca-3442b42c6bd44c8590eb934a38db8dc9,2024-12-02,14800
bca-446b2d62305fd9687849d29d4db4ce93,2024-12-02,56600
bca-6ddcb5eb4ad479b3d1d4d79f49ba6a0c,2024-12-02,82200
bca-4ebba1fb533a31de1329052c1a92862c,2024-12-02,-99200
bca-38c89efec535108a49413a125de930f6,2024-12-02,84000
bca-db8e2ba6305c76d86330e4505f9b17c0,2024-12-02,-39100
bca-54a7d71263368ffdd406b269390e78aa,2024-12-02,-88700
bca-bfe75a28ebfaa820e109a081d3feb9dd,2024-12-02,-49700
bca-d0a2327cb34df8197639cbe0d158a0c8,2024-12-02,70100
bca-4422e075a3ade6461c5a3dc5eff5726d,2024-12-02,-42000
bca-51359721cd267983d7e150d2a4382071,2024-12-02,-18800
bca-6ed3f15265f10c786c449fc0fc1075b2,2024-12-02,10000
bca-81e5be3143ef2cfa2faf0aef99ba2499,2024-12-02,43900
bca-fa95cde7fd7c5ef7b3f555876daecc3f,2024-12-02,49100
bca-92e769035897d7b9300c4a802c360d24,2024-12-02,29600
bca-7d3332f48c927de18b4b00c14c49140c,2024-12-02,35500
bca-fb53f1088ce29ddbf722a18405b0de96,2024-12-02,-48700
bca-ea331f56b01ceafe8a039522ea271994,2024-12-02,-95000
bca-84837a998867bc0c0785437b0daddc3b,2024-12-02,22600
bca-ee6d8c7956af7f55b378057cec316f73,2024-12-02,-17200
bca-ea7f7c2c26233f2b042e9366c72dceef,2024-12-02,67000
bca-1ecff79a8d159b00711ad8687cb04d69,2024-12-02,-19400
bca-e45764e714211a0561a1e3bcef7fac59,2024-12-02,43500
bca-e2ac7a6ad6145050201fa93f4e0f6ab2,2024-12-02,77200
bca-bee2cac225ebce2e5d4fa4cd3b0e9c91,2024-12-02,7500
bca-94b5f296fa5cdfd221b4f277086b9163,2024-12-02,-23400
bca-59e0ee97f53f2544b6048e314d66f37d,2024-12-02,25200
bca-21522df6d342c7856e0135e305bf7f0c,2024-12-02,3100
bca-c29745fd7da40a701b46770a8db42106,2024-12-02,63800
bca-9c1df0b46c5bbcd776a272c64f3d5882,2024-12-02,71200
bca-8e9a03da8a850e184837ab90a67ba44a,2024-12-02,12500
bca-69d4d4d87b394ba145a2a2bcde803f02,2024-12-02,-86500
bca-c7c39d7435cd0e6081c79f8f48c508fd,2024-12-02,4500
bca-11a0be270b88be7f8795c5bccfb941e5,2024-12-02,95900
bca-d3bcb8278dd9135003b2cf6c4b076a8a,2024-12-02,82400
bca-a9709f7a9419a3df607e8c32cf628284,2024-12-02,-42900
bca-32982f58b6c91207fd32710a4c255e42,2024-12-02,70200
bca-84b8b738b14a7c4f8c22b237ef913a2b,2024-12-02,-85500
bca-102f0f2e921e2dfdbd1cddb778f3efc5,2024-12-02,-14700
bca-6ffb83af89f1aa46d1f5ee5ca6a1339c,2024-12-02,43900
bca-166e15748752adf0b7c0823d349d3f74,2024-12-02,95200
bca-64d49152bfabd7f6bb25cb428d4439ab,2024-12-02,8600
bca-8f0c5e8faabf50890ed5553a2c38cdfd,2024-12-02,42500
bca-0149e5d6806dac41578234072968a335,2024-12-02,88100
bca-ec33fd35ae0405949d50cf016c3651b6,2024-12-02,24500
bca-b811748934aa2ce4893638d7954d52cb,2024-12-02,53900
bca-29838e354a26abe5d47612ee606df0d1,2024-12-02,-7600
bca-6370472b1340318f53c3ea74d2a1ec92,2024-12-02,29100
bca-c81009a0d409ad2bd6f118d386602942,2024-12-02,57000
bca-26d588bf375b9c11cf8ce1e6fa490040,2024-12-02,97700
bca-018237e5491e2610a084719a6eac1c9b,2024-12-02,86300
bca-5951b077a2b8e0054c27e9bcb28fe9ce,2024-12-02,18200
bca-8b6de396025ab86f29319a8f445d9405,2024-12-02,3400
bca-c102fd3e10e319c36590cbf7416402ad,2024-12-02,14300
bca-f90de6021063c1f5cccb8736180b9144,2024-12-02,43500
bca-fa37223e024750f03ec1e354ad3d3b8e,2024-12-02,85200
bca-7dd973a02a49634eec630186d0bd6fef,2024-12-02,30800
bca-a5897f9ff2a05fc2fe55ac9ef66941e2,2024-12-02,69700
bca-12eee156efd412a6f7702a1a0afe3427,2024-12-02,46100
bca-7a161b80405dc65268b66cf42918d79f,2024-12-02,-23600
bca-25950fdef7ee573be2b7a742232c5f3e,2024-12-02,5800
bca-98c5f6d594f8b56765ec86897cdf43dc,2024-12-02,23100
bca-09c7d1b3958afcadba61515dc904d79a,2024-12-02,48700
bca-47583187f762dbd83bda463ec86fffc8,2024-12-02,-47000
bca-23e774f242f74357af66552c13ab5872,2024-12-02,53500
bca-9b160aeeccf49ee2f2a5282f2dd3eb81,2024-12-02,-24500
bca-288b619c39631b85561e9c537979cf6d,2024-12-02,2800
bca-3452bd88f0db4866b2b1246a764ad748,2024-12-02,-83500
bca-ff87f7697ebfbf21f0a114e6a2bfa0ef,2024-12-02,52700
bca-796f6ebcfe73c635eeea80952ceb3fe6,2024-12-02,65800
bca-feaa623ff8fc67b1860e8fea142ca8ff,2024-12-02,6300
bca-64ccf8dd2ed9ab7ef1d69d0851193116,2024-12-02,83100
bca-3a444ec8e675a0fed9e72e24320a2eca,2024-12-02,15200
bca-d005e0aa67e115eaf3ce448c6dc114f6,2024-12-02,21300
bca-dbd8d348558b7ac32625f257b8af68d6,2024-12-02,43300
bca-a60ca2f6c149f7155d57282d912ece34,2024-12-02,9600
bca-0f9b9b2e6972d939c86fe394a984fe97,2024-12-02,-10100
bca-72c3b56a8d41191cb8a302414f20ad0f,2024-12-02,57800
bca-b6e496721d8645440684053a5e783666,2024-12-02,-34400
bca-96b4282d8c2d8eb6f963fe05bb17fe9e,2024-12-02,-51300
bca-a6d74bebb2a5b1824b7d1522c3934633,2024-12-02,57800
bca-905933091d19b95d35f84848ed0891cc,2024-12-02,23400
bca-eef34b14118d87335a06a21a902b3b7c,2024-12-02,-33500
bca-a9c8d1496c6d975c158a599402dc4b26,2024-12-02,86800
bca-c4daeb7132f07420f0c50fefb247254f,2024-12-02,66600
bca-c6fde6ec545b11d26a9e6a24f21d3db9,2024-12-02,83800
bca-73f432b1628ee158c1bf290a895d356b,2024-12-02,19500
bca-0cdab619fd88a3d7d9fdae0b4161101c,2024-12-02,62900
bca-4d52caa9c1bc54c1b316eff5e6c5a38f,2024-12-02,36700
bca-db6290c2bcd3b3efc2828fab16628b15,2024-12-02,9900
bca-19f5d427a4f9df761bba2f9f019b7741,2024-12-02,90300
bca-2eb59dc483038ed9a448c2e1f1a8d747,2024-12-02,55400
bca-0d1ff7986fb775077bf2810817d826ee,2024-12-02,7700
bca-4d7484f5e8582a475ae3c88212c592a9,2024-12-02,21400
bca-82c5ca8b68bb48b22bd86caaaab4c93f,2024-12-02,-46400
bca-587b15348f620ebd6a34ac30bbf74d16,2024-12-02,3800
bca-5a724242d59b8cbd937457844539ce27,2024-12-02,68000
bca-6ba96d2ea280cb8d291776a6e1897a67,2024-12-02,66100
bca-2d98083eeac163d7df68114d40501b9c,2024-12-02,69500
bca-bac7d0f0713cdd4c77e7fc4a923bb865,2024-12-02,34100
bca-4aa698fd820a1b6f8bfbc28b44d0138b,2024-12-02,47900
bca-1b1f4ffbdf32e9d81122c652986dd9b1,2024-12-02,5300
bca-e4ae5425a7525d8e7d79aa80faab161a,2024-12-02,14300
bca-2acd1e4984ccf44eef077b1b32e668c9,2024-12-02,92400
bca-b6f3efd21b8d685142e2749c6ad1ce44,2024-12-02,68600
bca-d395bfe1274c3d9bbdf5fb2b41f78762,2024-12-02,89100
bca-d3ba947b156f2835455d887a24eb61a6,2024-12-02,93700
bca-83f4032baf17c526c70bd5cdf60c1072,2024-12-02,59500
bca-299a23a86aaca61ff495a34c85a15c2d,2024-12-02,-30100
bca-4bfbf3bc305b67c10863a07d584e4aed,2024-12-02,70100
bca-a8d043960f76f4c7c2475b16eb2fb871,2024-12-02,-84800
bca-4d9d084ace83b281cc8427af2c79ca5d,2024-12-02,99900
bca-51381f5ce606c89c9af829f48521ac8f,2024-12-02,-90300
bca-3ca0199aea5299071059d5ce3f19c9db,2024-12-02,-43300
bca-39d0aab1eee6084c81bdb5fce0cdf645,2024-12-02,13500
bca-2d9b7063351edc12080f1b105fce81da,2024-12-02,12800
bca-401a73f06b40ee673caf810cfbba6144,2024-12-02,46200
bca-91eef55997dcd6342adc10fb5dea1927,2024-12-02,47200
bca-1c164d82a072280c964bb403474a0f91,2024-12-02,35900
bca-947bcd224b5a1e14b7ec2c4a6bcc668e,2024-12-02,45200
bca-af00bf9847940fa7190076726ac56060,2024-12-02,9200
bca-d6cf158055d6f38603e38c392b347b68,2024-12-02,-68500
bca-97a5114c27a03d6da8297dd386d944d6,2024-12-02,-65500
bca-536f9fe1c1d7b9b5ec9a259a3a2b6c2c,2024-12-02,37300
bca-50a521a3a38bb281bc31d59a67e237f2,2024-12-02,49300
bca-3e8ed6bc13bd1873eacc5d45bcc0f58c,2024-12-02,45000
bca-be072dd3b24fdd433f827449fccfdce8,2024-12-02,90700
bca-5321dc3126a2163cef771d7b0df73ba9,2024-12-02,94700
bca-d2dc1003833375ff4b7fbd7cfe97a44b,2024-12-02,35900
bca-72ae7907bdca6cdf022b9b88f8022b36,2024-12-02,44300
bca-509970ca113ae7760fdec57f0763930d,2024-12-02,42700
bca-fb83d75f42375e17d6e067cd9234fd45,2024-12-02,90600
bca-bfaec2d31099887e0aa72572f4a4a430,2024-12-02,-66900
bca-263a0ca4d81c9c6084c2ea765d1d715f,2024-12-02,39200
bca-f68934b29f7917e37d32021608e0216e,2024-12-02,37400
bca-d3e5df3b2c91e366fcda27f2aac9430a,2024-12-02,-17900
bca-879ccfd735d80f2f37b21504f709e6df,2024-12-02,36600
bca-e5d678753173059c2accc0d76fb26402,2024-12-02,16100
bca-9be9175952201e4383d581932e97aafc,2024-12-02,98500
bca-5496b278aa89756f43bf5b61056a59ea,2024-12-02,66200
bca-72eec1b77b17aec79599c109d134c654,2024-12-02,93500
bca-4e482ea93d9e4ddcaf78e5c507d77bbd,2024-12-02,33200
bca-6c3a99ed8ee2500463b693599e550d5c,2024-12-02,70700
bca-95809b0f0f4dbc2c949a6b87208bf4f1,2024-12-02,-49600
bca-435823d4729eab1de71332976562a9f0,2024-12-02,82700
bca-7af0d9a3db069d15f420097e1a136b0a,2024-12-02,-37000
bca-741eaa3ae853ca96de54857f5be10cc9,2024-12-02,10100
bca-c3917763bff5e127bc25505e5d2e18ec,2024-12-02,30800
bca-b328942217f6617195df8c5d41a966e9,2024-12-02,54300
bca-478379ec5747da0f2e6dc7ee0ccfea77,2024-12-02,83100
bca-744cdb0fd48f5ef8c80154c21fd5a890,2024-12-02,-78300
bca-d47b3fce11038bf00a16a32708cb059f,2024-12-02,52400
bca-c2428e593df54a41a2d3eb0130da8104,2024-12-02,-35400
bca-756eb6a9ed3890e846823fdd2d4ef02c,2024-12-02,97800
bca-c581a02ada93eecc385e4e2b408e6cfa,2024-12-02,89300
bca-c5a4e238b7cf2751391fd5d193b3b4b9,2024-12-02,75900
bca-8058997ff28c3e3b7269c5ec88a108cf,2024-12-02,25000
bca-3ac8bcaad33b998a1462afe8ab5ea2b9,2024-12-02,-75700
bca-97bff3a0c84d636d8198c6119396bb2f,2024-12-02,19100
bca-ea6cf918ad40425eec724979ad1e5e6c,2024-12-02,31000
bca-af0f5ba0a8d2371dd265fbe5f000a575,2024-12-02,74600
bca-57900acce5f15763de1a2b97128fbbef,2024-12-02,35000
bca-1667adf9f89c8d1bb45c74f3603bcc82,2024-12-02,4200
bca-720fe71fb8b5903603d9399354527411,2024-12-02,-58500
bca-f9ce21687c32d2e736d1eb62d11d7469,2024-12-02,60500
bca-0dc3a4c420a07cabf5f69c83fd375b5e,2024-12-02,64700
bca-b1f1190fa802b7fc911a53bcb8988bf2,2024-12-02,-15100
bca-f47ca19da998a53f2f1e3f8ff0b65969,2024-12-02,-33500
bca-ca73f6bc470cc2e38c746eec1a8a8163,2024-12-02,90700
bca-9c4fc5924ecb4ee9a42429e2856c0832,2024-12-02,-67400
bca-e750c938761488137db2149fac975bd4,2024-12-02,79700
bca-7e9db64cea20bff1f43400cee50e7167,2024-12-02,14200
bca-ba4d7529eaf47e4e807e300716f5bf96,2024-12-02,29100
bca-a82723913aba1c2c112a3d0c01f5d726,2024-12-02,96700
bca-7745e9802f92437b685a2c64fe0e9acc,2024-12-02,39900
bca-7452ea74203eb2eda9fc55f5ed520949,2024-12-02,48300
bca-2ff3c1c580795da30d49c528d1a2f69d,2024-12-02,-32200
bca-12eab6eb0ad685facc6f9c8723f4ff84,2024-12-02,-66300
bca-cc780a13c5d319ec19bafa775a96f281,2024-12-02,71000
bca-5f92a7583749a75b7b4732c5864ad56b,2024-12-02,-14000
bca-e751ba43da90327ce57a041a74e157a0,2024-12-02,-63600
bca-3253fd346716f0a524dd4feda785247e,2024-12-02,19200
bca-890ea873f970ab26db6c63691af1f4fd,2024-12-02,20700
bca-08cde9bedaf5f67d0be53175ac950032,2024-12-02,62500
bca-976ad399bf9dc341348cc2e210b5220a,2024-12-02,79900
bca-763285c1a090345d7e15ac3561a7037f,2024-12-02,17000
bca-34d2d197bec8a885d6076f3c4e07b326,2024-12-02,-88200
bca-f517f0866bb02288b0dbbee48d52a792,2024-12-02,99000
bca-9377b77d40bcfbd7a330268bade6115d,2024-12-02,27800
bca-223a380759d75eeffd2634b597233a17,2024-12-02,21200
bca-97d0f8a9c66f678c39783d1b05564b60,2024-12-02,43100
bca-a09e37f14029c178b17de7117c81a283,2024-12-02,46200
bca-5eb71d45d783e858d27e6b0059f7c223,2024-12-02,52200
bca-a50421a8793a51021b646a35e408442b,2024-12-02,79400
bca-b09c5fba40e45776b5168cdb801a26f4,2024-12-02,-16800
bca-840b6a299f983eb1012415049d0cacd3,2024-12-02,87500
bca-6eb13e77447ad9d14ac88b5b7683a7ea,2024-12-02,67500
bca-06cc3c620e389e901eb97d131346fe3a,2024-12-02,-75900
bca-59aff0f0c86f0904506e0651fd7c8647,2024-12-02,-27900
bca-d51338f67e08216e10dcf3d340cafc5b,2024-12-02,-98800
bca-7210cd112ca197742841eff0ce8c7ddd,2024-12-02,-74100
bca-43441e02067651bb0d7b5926b8b4760b,2024-12-02,44300
bca-0ca2241f5fe69164f6e274ba316ec2f4,2024-12-02,42800
bca-b42ed8e1107b08bb89c54c0b0685f61b,2024-12-02,17400
bca-812a28200df05073171d02535414baf9,2024-12-02,-29400
bca-693f1dec76bc6f4ef48a14e9694e111d,2024-12-02,81000
bca-48b3bbed9f0345e796a975d9a2af8f1b,2024-12-02,39900
bca-5bafb07867b9e664e309385577cd8905,2024-12-02,73500
bca-980d962e3b782671893df1acae0ac4d5,2024-12-02,8400
bca-7c29af5de5a246bb69d633f72a60afa5,2024-12-02,68100
bca-f208f18da04847a8fd7f617e746458ff,2024-12-02,36700
bca-2926751f98b923d698130026fad5ec2e,2024-12-02,32500
bca-a380638a531f97acb7031f5e5ee67516,2024-12-02,34700
bca-5c4ef6c60012856a5c7b8d5354bcb98c,2024-12-02,10600
bca-c5cac9afceb434fb59726863c907b7bb,2024-12-02,1600
bca-35162e68944c573c39688bd1807306c1,2024-12-02,-91000
bca-130bc1006d272f07050acb3212230d5a,2024-12-02,57000
bca-efd2a38356f981993aafea269e5ab9df,2024-12-02,14400
bca-d8f449286b0fc29c365ef0ba2f2d1f85,2024-12-02,-81100
bca-7917c3e6e3e9d2054e0f0ffac23ad4ff,2024-12-02,27800
bca-085bfec59f0b178cee48969880f35bdb,2024-12-02,7900
bca-80cbaf9755adb181481b463339091ade,2024-12-02,-15900
bca-43c3dc519e3771e028d4e2f45d563322,2024-12-02,17300
bca-f45ca157733c9dc50db3fc090710e8b5,2024-12-02,8600
bca-fa68feb9c27223b8ca4952889d5224b6,2024-12-02,-21800
bca-3efa6317a078bda63ef5bce7feb959bc,2024-12-02,92000
bca-d4c9be96492f402516024078a5eb19c1,2024-12-02,88600
bca-6011a217d92222d1707f7b5d13d99480,2024-12-02,72100
bca-98e62a99f3c1e6f34faa146a47cd3bd7,2024-12-02,43200
bca-96383fd4f0290b8b8bccfd0f802b1fb3,2024-12-02,-42500
bca-7b368e9eeacb07ccc9bd46633e1cbdf2,2024-12-02,-61800
bca-d49ac9e80ead8ad6fb6c89efa7025e64,2024-12-02,64400
bca-5a7c4b8d4a9c36365218309f3d48aaf4,2024-12-02,-16200
bca-209565085ea100d6a21931faf5a1f9bd,2024-12-02,-54200
bca-133fe21d6dee57219cbf3d868187f652,2024-12-02,24400
bca-bb5e21106b41d4d69cc77ebc46cd14e4,2024-12-02,12400
bca-4dbb06c6f10b92edfe0c1eca86eea750,2024-12-02,-30500
bca-025c9504158e8597675b8e2f9d946dc0,2024-12-02,2600
bca-eb9ceb5c50a57f90efad96a84d515377,2024-12-02,34100
bca-9b2c5d92eeb7ee0e9e9eb2fc3dd86d7f,2024-12-02,42600
bca-0ec816ca1e5dd1c302917451bccdbc2b,2024-12-02,44100
bca-4682f33b3f6a2b5e6c9978a1ae76b542,2024-12-02,60700
bca-8de71ff5af48261f5ef5196513cc201c,2024-12-02,87300
bca-0a4ed77b68d39f58effccc4e218d40ba,2024-12-02,42700
bca-b378b897bdb928a92b0b9cc82bbf8405,2024-12-02,75300
bca-ebe0d3e6331b88eea14d59f5791e5ea8,2024-12-02,54300
bca-edf6d7b4b4a6e2d7981d7eebba6f51a2,2024-12-02,96300
bca-6a86ee6ed40bab2bd2aa92530e6adf64,2024-12-02,19600
bca-ec64dfe46993f33d49362695149945ca,2024-12-02,6800
bca-ec14b615c9abf301f15926f774758485,2024-12-02,-67600
bca-6283e0d523035358316be04f7f8d68b9,2024-12-02,4900
bca-a9ce856fe5f3837ff89d0ca5f36690a0,2024-12-02,-37900
bca-fb7a5bfe4dafa102ea5684ea547d004f,2024-12-02,-30400
bca-347a9541d401de0258ad8b115e9cc5b5,2024-12-02,2600
bca-b4bef8cc08147c5975dd56d09a456d68,2024-12-02,8900
bca-1fa0bee413fb7da24865f8b724e9f98a,2024-12-02,57900
bca-0dc2fb02bf8148dd5d41895dc45b4563,2024-12-02,43600
bca-26a393edbec1288e09c41410391e83c8,2024-12-02,-41900
bca-62d647cd9813362099c7a3f1caf287c1,2024-12-02,-10800
bca-888627f89e0313329c55746449274203,2024-12-02,90800
bca-5811796a047e550cefb38717719e64b3,2024-12-02,10700
bca-6a802a3eccdc5eac42af95f3d6a4f601,2024-12-02,49100
bca-268ca19a71ebcc7f331ea7e69b6addb7,2024-12-02,-56200
bca-dc276f3913d08dfb7cca7cbd5676ffa7,2024-12-02,30500
bca-4ab09d218f86eb1bf3dddd951f61af51,2024-12-02,99200
bca-f841c960f6d561c93cc7dc0805971104,2024-12-02,-85200
bca-174d81a255f22dffe5c7cf9d9b61fd61,2024-12-02,-38600
bca-75ff374cd581fa1b76485357fe071864,2024-12-02,-39100
bca-680603f5ff8a7418662f6e9fd6bb4f4a,2024-12-02,76100
bca-8947b5eac3c828150304022d9e2d8e59,2024-12-02,99100
bca-91c6480cc31de0b737b27535fe4436c6,2024-12-02,19200
bca-a5ec4aa7b9e3269bbb917167bf69f307,2024-12-02,58500
bca-9556b735d8214ee00e8bf47f3ca8d568,2024-12-02,36200
bca-99b14db2652dbe248a2756736b1319eb,2024-12-02,19800
bca-a440a35535ece218b9073461331a0c76,2024-12-02,6500
bca-ba1acc7fb78651e1bffd281d8d55bf0f,2024-12-02,2800
bca-ddfb8622f6ebdfdd54afe3c9ddaa4d3d,2024-12-02,-89100
bca-338c0f26e099da29421bc1fc6c8397da,2024-12-02,-94300
bca-bbbe13ed37e8b4df8a1a1232feaa168f,2024-12-02,2000
bca-245aa692c5fccccbedd3793aa27b6efd,2024-12-02,54600
bca-972db709c4b9fbc68d345ff2e426a743,2024-12-02,22200
bca-46c5edb46472ccfa67b29c7b81c61f67,2024-12-02,58800
bca-ddddd4ccd278a2d51ff63bc345765270,2024-12-02,56400
bca-4130d9527ea4cbbbb257c6b43e446ed2,2024-12-02,63700
bca-3a4d12648cd9230bafaeed40870a58a7,2024-12-02,-4200
bca-cd9a7d5bda280f369fefbe2ea9e33aaa,2024-12-02,-18500
bca-2986e722f9bd0ab3566c1c7dbed81f18,2024-12-02,93400
bca-7b52f309504e3d67153851b997cbb720,2024-12-02,64100
bca-e0e92e70dc1386386a0a5f0c05c97a10,2024-12-02,-4400
bca-dd9fff153d22ba77ce6f8a6f0074c152,2024-12-02,-64900
bca-27843de4a5e1381bebeaecbdcce43b8e,2024-12-02,37000
bca-08904b3f9b2376f404ece29da590d171,2024-12-02,-6500
bca-bd2ff231aaae93cca6975c6c83f25571,2024-12-02,50000
bca-a57dfa45a6bb4522e3da7c94a4ca216c,2024-12-02,16000
bca-d79499bace31753ba52d9445df40545d,2024-12-02,27200
bca-467c77b5eae75ee7fbe2d5d5cd31597d,2024-12-02,98500
bca-cd430a2618b80bcc623026c7515ad18e,2024-12-02,9700
bca-f3cbea52b90b0e207c2679bdfe5bb779,2024-12-02,78000
bca-49256761e6befecc2b50184fd4fe6d55,2024-12-02,83900
bca-b183ddb81628148f52b4a7c0edeb6bd1,2024-12-02,60700
bca-4ed571cd6ef7e8ee1edfc0beaa3e9851,2024-12-02,46500
bca-273e2c10170b7b63097587bb02e51d2b,2024-12-02,33800
bca-4c912a7f96187b742d0850f2d216b1fa,2024-12-02,56400
bca-94ec930372463feba03070c81d53a53b,2024-12-02,2000
bca-e500f040c26a9632c06e54c90225a02f,2024-12-02,9100
bca-3bff6b410351dd9d4249ac8b1adc5350,2024-12-02,-68700
bca-e4b68106864621d98526d35acff1c04f,2024-12-02,93600
bca-3355030d46c96e491d014ec025cfd359,2024-12-02,68800
bca-b398906951601112357cdd7016aca71f,2024-12-02,36600
bca-03ccd9be6632c4c138203e29a4cb13a8,2024-12-02,10200
bca-7aee0c001722dad91c28eb65e5c6dd77,2024-12-02,70900
bca-ce95ca67efc6f142428bde42200c82ad,2024-12-02,86700
bca-6dc347c79e9500f5fc7b62c8d6ca3c6d,2024-12-02,90100
bca-2ef5a842a80376e4ce0e32defe36de6a,2024-12-02,16000
bca-2f9440cab322c0b5a82ab5d0074c169e,2024-12-02,85600
bca-4765d9528c9cd7f16bfbd614cffb78bd,2024-12-02,58100
bca-4d37dcbca86f5cff02dabdc1f366b9fd,2024-12-02,67100
bca-eaded65ce047fb8f5a9d1500a4b82e6e,2024-12-02,78500
bca-949c6caf4c679599d40bbc974dee5a0e,2024-12-02,17400
bca-0129dc1b86863ce61817b843249691c4,2024-12-02,18400
bca-da765c05ba4f012abaf2556efb53a755,2024-12-02,73900
bca-09670ae07c7e58e1e2fc2bd75b8df057,2024-12-02,71500
bca-0adc2c4f72bb4bf3124889cd62b39483,2024-12-02,3600
bca-9236f19c413ca91ec5126f26d1977cf9,2024-12-02,-49000
bca-83eda97bce7cc89cebb4bd3c19ed09b3,2024-12-02,74800
bca-b732fe0dff5b040a0d38638a1b37935d,2024-12-02,27500
bca-0275c37e6bfca4b3b1391c5c252be72f,2024-12-02,18500
bca-f3333f79ea43163effc7e3bd4bf78f6e,2024-12-02,78300
bca-fc5f147d02d8fed00b3ba25c6697600f,2024-12-02,5100
bca-0b1c9c517b486cd65b1fe63bca55218a,2024-12-02,-60700
bca-f55d8e1fd7879ca95064e76c4d06b08c,2024-12-02,66400
bca-d6e494da3e58a9d08b4fbf6eb4cde386,2024-12-02,62200
bca-01f34ea6315a85ef139a3acbfb027d56,2024-12-02,33100
bca-e3ea4db0561a4e66cd0a159477a741fd,2024-12-02,-84100
bca-1914f8ca74bd748e60609ad569b4aa62,2024-12-02,1000
bca-48bde497fbc9dbf3185d766910d83e10,2024-12-02,99100
bca-faa0e6e193e2605df5a02b2d03a07318,2024-12-02,79600
bca-5ecccd992b6b482304603ab8c6753643,2024-12-02,28200
bca-bce48bbfadc5e4b48457aee51c427a38,2024-12-02,-8400
bca-9966b7f6823ad3904b79cb7d0af07eb6,2024-12-02,95300
bca-170f2104a993d91fd942643a439e6989,2024-12-02,17300
bca-1d89f63927556f23f88a7bc671783b7b,2024-12-02,61300
bca-efacb91a5295da31ecd84028ff81181f,2024-12-02,78300
bca-c025eafa327f58b1e8a56c1a07aadc7b,2024-12-02,35300
bca-bf2d60b80b9ca05337a5a606ef2d658f,2024-12-02,-44400
bca-259b8071aaba02716c67253ad3e6eb56,2024-12-02,26600
bca-4e7e28d723945ad1fa086ad725334161,2024-12-02,71600
bca-038e95bcf7754a9790a7c1aaceb727be,2024-12-02,9000
bca-4b04658e2c83f2409d3fa57a664199b6,2024-12-02,20700
bca-9e423ad5a64d3b7617cb542a74194c4a,2024-12-02,64900
bca-a881a44d4b64f513828ff4f09adbeb13,2024-12-02,66900
bca-4632fdb9188e70e10a2d965e3dcfbcf5,2024-12-02,67400
bca-01fb40753c8ab8b58656b8856efecbdd,2024-12-02,6900
bca-172878529c3b2de0e296928207b16857,2024-12-02,27700
bca-08f6f23820d42155c64bdf8df86ad055,2024-12-02,6200
bca-5d2a0ba78782bc57c6f2cafbca693b9c,2024-12-02,70900
bca-49fb700fe22474b7a594917d3f9bf900,2024-12-02,-78800
bca-4d6b8404d4d30d425a8f5edbf86ff96b,2024-12-02,4000
bca-5767acc7ef2c569bec891d8b8f76e17b,2024-12-02,82000
bca-26b5233e8a3c37b52b96177980f52537,2024-12-02,-39700
bca-df64a8ddf02ec1d9f82eff4641609513,2024-12-02,-23400
bca-0d6f1c273f1f455b0d32205fd198f906,2024-12-02,-3200
bca-4ba4962acf39cb6144ed8273e22ad426,2024-12-02,-26500
bca-06fcef5f11c87a6b68799afb0f6d2493,2024-12-02,79100
bca-8b2d7ea63712db91bcae939cd3131b6f,2024-12-02,74600
bca-a21614dd715755ae3b3ef615002e7699,2024-12-02,93900
bca-eea92fdb8c09e65777b7d553a6aa9ecd,2024-12-02,-86600
bca-967e054d4860d601ddec55114d74e4c8,2024-12-02,90800
bca-e0c1e45529039fab07ec4974b25033cd,2024-12-02,64200
bca-8fc0e0df1f97871a488af99d9cfd85f6,2024-12-02,89100
bca-7b4231bb0f833145ea59226626766fe4,2024-12-02,86500
bca-9cd35ae65aeca7f5f38297272e0eae09,2024-12-02,41900
bca-c8a925b4910460d13b2ae78d679f0cc6,2024-12-02,84000
bca-b475a0c1b3bebd6a33cf2e4fe01adc0f,2024-12-02,10300
bca-485e388bae576e9adb4ce9ebccf29def,2024-12-02,83600
bca-c4ae9ab15c832c80532a9ea55bdc671a,2024-12-02,2300
bca-1226901ee9283b7da4f0736fcbbd02ab,2024-12-02,91900
bca-777723e427dbc57e035f085443fe9972,2024-12-02,2300
bca-3edb1a39ac59300177b628ef9df9c4a1,2024-12-02,-64700
bca-0be3e3c9f2a64ff10af1ef32fbd2893a,2024-12-02,42200
bca-69082a378eb1926714810124305397eb,2024-12-02,52800
bca-4437f240374b4cb1f4691030fed36e86,2024-12-02,97800
bca-d84e7ddbae55dd55a238b7466eb5252f,2024-12-02,59000
bca-c9452bb66ec8fbd90592f2514c8826a4,2024-12-02,-62400
bca-a8814fd0152b3e75060bb0c426e14dba,2024-12-02,42100
bca-18174dc7bc966829dfbc196691a82299,2024-12-02,42200
bca-4f2d12cb4c29b0f65654ac7acb843cfc,2024-12-02,-66200
bca-7261861d80a3c0050d983d57052972ad,2024-12-02,40100
bca-35a01818a4c4f76ce7c2793facf50f4b,2024-12-02,54600
bca-9b6e9e53abc425572d8195d340cdf68c,2024-12-02,34300
bca-211561a07caf3a7cabb396adb1c3be75,2024-12-02,98300
bca-35c97858c01676926cb588415ca59b43,2024-12-02,-19100
bca-b3c895565fa3bbdc1cc0515459065c39,2024-12-02,-46500
bca-0fb2d1ac8afb8253a9f2080f06f6e840,2024-12-02,-19100
bca-677e37450a20acbeb696c50bedb4d878,2024-12-02,44400
bca-e6c3ffff2a5aac837c2e05c2304a6e17,2024-12-02,32900
bca-f3458928a76e4f81399f1af2518e74f7,2024-12-02,81300
bca-8e6a8be5517554927f5223aa6fe40dc6,2024-12-02,52500
bca-2efa704e4d0206c3088341f822a62f85,2024-12-02,49400
bca-3640d00e0de03b4090a44d433871fee1,2024-12-02,98000
bca-d7b33fb914a74b5c51f5f2c2b9568885,2024-12-02,-90800
bca-aa89c64caa97346fd151be17dcbfa962,2024-12-02,-98100
bca-66503ce2b5dc70cda7d137a1c908557a,2024-12-02,52600
bca-11e6e80c0332c03a7be20ae6b96b79be,2024-12-02,43000
bca-80d51747c7e6f4e992527f1e1d6e9ade,2024-12-02,-30300
bca-49d257efc3d4ff7ad8befe512be25378,2024-12-02,4800
bca-76c1ba078381400026f0a1ea4a2e18c2,2024-12-02,75900
bca-b632122d96652de9bc5c0699fa95b215,2024-12-02,78200
bca-f20586a68a22d7c9d3e6121968cb6bf8,2024-12-02,-97100
bca-d995cb76d18940e8b786c59b499f5fba,2024-12-02,79500
bca-d8bca80d6e7fca4b940d2b11c52cc135,2024-12-02,-85500
bca-d7756eeba895ddfb35e750ef0ca0302e,2024-12-02,-44900
bca-16d3921e33a67f867bb5643f0f99dfaf,2024-12-02,-84900
bca-9e15e125ba9210818099ad2ce397d082,2024-12-02,-15500
bca-5c6ebfc72fccd0e5c32479e518c10e6c,2024-12-02,6600
bca-df13686140a4ee60b9dfbcda48cd63f3,2024-12-02,-79300
bca-251d40011cc1d287a48861ae26f3fb5a,2024-12-02,-77500
bca-9f1a6ec0241e8fc842c97473b9bd1227,2024-12-02,-73600
bca-877828d6f68dd503356d8105ecc5f6cd,2024-12-02,16600
bca-6a601fb9f0a800e8e9d7f8a6019dbcc0,2024-12-02,43500
bca-9aaeef556928ac9f1cddae070a2f7f07,2024-12-02,16300
bca-14b227f3c55dbefb0cda881688b5ef7d,2024-12-02,60600
bca-c48a35aa956ab062179305b5b0987760,2024-12-02,45800
bca-5c95f195cd3b093e75c97201f8df6591,2024-12-02,61600
bca-6a7a9b9bbe74ade95f4d0d8776443ee2,2024-12-02,-95700
bca-497202c5b5e3f797f1c2624f902adb08,2024-12-02,42400
bca-ff3363076f9bf445dcdfa8f4e5ab51db,2024-12-02,39900
bca-101f4a2062b338fa19b44343fa4ff4f4,2024-12-02,7200
bca-41107a92576f3d940071892ae0a8f1f3,2024-12-02,49200
bca-77cfa530de62ac17f1b4db73f771739a,2024-12-02,23000
bca-85d1dc4757d21d0807644c0bf3bb522d,2024-12-02,29300
bca-840aff94e19f0953586adf8553c33f3f,2024-12-02,23400
bca-3920c70554aa12a906b1ddc5d3ae24ca,2024-12-02,88300
bca-1f2c0b897c235d98f91440064c536968,2024-12-02,70700
bca-2bcb073416b3a25e0605b209201c9b86,2024-12-02,-49900
bca-407a1a87cd77c6770ec8cb8284234041,2024-12-02,34800
bca-7e7c8ab9933f1050975272236486cac1,2024-12-02,38300
bca-0692fde47f4ce17680d53cd9c5ed50b0,2024-12-02,84900
bca-10e7259de6de6027d06803a5e4ca1003,2024-12-02,24700
bca-1c8965d86b3800f3777d44b9434b6246,2024-12-02,43000
bca-685f57dba3eae57d4f31086b076e05d3,2024-12-02,36800
bca-047222bfa9b17d571e7faad72c131dde,2024-12-02,16400
bca-d3b0815257ac62bbe5dceb75e1a7d9c7,2024-12-02,65100
bca-8f2720d3b06d9e62058647e8afacad17,2024-12-02,34300
bca-a4b5fabdad57ab13f7e1f8224d8fc9ab,2024-12-02,76600
bca-91a248a8181fa60530d34fe1fe90807f,2024-12-02,-73800
bca-4569983fc6dd12e2b70152737bdafe98,2024-12-02,33200
bca-72b760e509280ec970d3e19435f871c7,2024-12-02,62500
bca-031539dad2b3f9e462afd59ee211e89c,2024-12-02,69600
bca-f82d05a775f1f6e08a8a9b97e2938f8a,2024-12-02,42400
bca-f69abc507b1989f1059c0cc71fcef6df,2024-12-02,5500
bca-7238a78e3ef132740d66d0721f898ed4,2024-12-02,55000
bca-0621db4d2850d0013f6f850829ccac1a,2024-12-02,22200
bca-5f65492bbcd747340c7dadf97180f296,2024-12-02,39700
bca-7b3f98fd158feab21a6f364f7013e913,2024-12-02,46100
bca-d304f1f573d9089dbd629c96f9c1245b,2024-12-02,-96400
bca-e611ef9460e4d9e8e66e5d987b67f982,2024-12-02,6800
bca-7c4834177933e87f02418ce0d5a6a383,2024-12-02,31600
bca-fd18a8a4ced00228813d44670d2cd1c5,2024-12-02,82400
bca-b6108bdee44ba59da1fe961b8e750b75,2024-12-02,6700
bca-fba14bc20121dfd235019d4b13110e58,2024-12-02,19200
bca-b15b41d7e5a56205a336ef36b9dc5c08,2024-12-02,-5100
bca-7947f70e8d667342e3700de6e7741539,2024-12-02,56100
bca-df659d7eb3c10b461ca7e1fe151ce180,2024-12-02,20600
bca-6d8318150d38a232516eb17f60b365fe,2024-12-02,10400
bca-55d5830c81672f4d5cd7700affae612b,2024-12-02,-80100
bca-ee2919c55a04af2f8b18fb58d7fdf984,2024-12-02,-34200
bca-3350dfdbdd3ae9ea0f199e123616ca18,2024-12-02,-17600
bca-29f171a4da47aa13ff52204411aee004,2024-12-02,-57100
bca-df7454d39309d8ae3b318a0a6738657c,2024-12-02,-12200
bca-c651b3fa6dea07f28475f6a5e96b0599,2024-12-02,58400
bca-b6b500202753e06b87d1f3520054b94e,2024-12-02,40500
bca-5dcdfb539e510a5a53f654755be40f3d,2024-12-02,-60600
bca-5d9a4636aa1a363a42984f200d46ad70,2024-12-02,11900
bca-f46d94e44b3c056b179950fbce92abca,2024-12-02,5700
bca-603c760bd651b62d3105dead0e13058a,2024-12-02,80000
bca-3dde9d39c65d68ccfd04148d950d481a,2024-12-02,94000
bca-e1d3cfd34a49afdb6b6125bcbb1fd928,2024-12-02,63200
bca-47124f651d7b7075c8d444d009e351fe,2024-12-02,17400
bca-446f9fc1e8c245b76b601c68262cf46f,2024-12-02,5300
bca-415ceed31baa74d4a5df39ef1fe90ec2,2024-12-02,15000
bca-8cfad0faa77000b3ced5fede97c4921e,2024-12-02,66500
bca-c7d7e9987911a6fa99b9428e47bc64da,2024-12-02,-27700
bca-bcede30bf0fd7b36783b53d115ab13e1,2024-12-02,-18400
bca-20d04c4a30261da8fb606a3b63f64ac2,2024-12-02,-22500
bca-4869d4b7bca5bf7acf757d08923b9532,2024-12-02,35900
bca-6b08a984c4eb8cf5a966767f3d882280,2024-12-02,-27500
bca-99f70c7e028626bf52bda5f952f0c2cc,2024-12-02,-93700
bca-73318bf1b3f3d3b01872e6f60a045402,2024-12-02,11800
bca-9adc89a327fb221330edf5a4f6a0a0fa,2024-12-02,57600
bca-9642280177f3ac21ee9f30ff9396d3c5,2024-12-02,49900
bca-50782996b78c0784fd8796af5d9f90c1,2024-12-02,91300
bca-fdb52bac31ff5601bdc145db52c69b33,2024-12-02,45100
bca-a315686880b57a01c32b2dd57e3ce933,2024-12-02,-13700
bca-ee18b40bc8ff10ac8de8a9181512784c,2024-12-02,81200
bca-baffd2d6362a225bd0e1fb9bc659f100,2024-12-02,3900
bca-acbe513f8a21267394611d19a95c598e,2024-12-02,62300
bca-783a8130c6b73cc618ff951104cb3199,2024-12-02,25100
bca-bc877ec514b7c83a21ed5672b91160c1,2024-12-02,80000
bca-78e5d512a005000f377ee2121094b807,2024-12-02,-85500
bca-bbbfce1d17a53b557c69eda33414b534,2024-12-02,92400
bca-2fa85d9fdd85a489a9f003d1239f4e60,2024-12-02,-66400
bca-468786e0c02b42252fa1fe3043763924,2024-12-02,58300
bca-737a5d35795572c8b7b760931b832925,2024-12-02,-75700
bca-ed1138105ab4488c283e3506d8075501,2024-12-02,-29400
bca-661db7bf1d3352bac7df3f7faa2cd088,2024-12-02,91500
bca-e9d952dc6e99c3a64c843cf57ec08213,2024-12-02,-11500
bca-e6236a5f7ca4e3b21e8faada2727cda6,2024-12-02,89700
bca-22b529f78f34919f54976ad7b1556cd6,2024-12-02,87400
bca-9c95555fbe41e6e20d67b7dba3e03edc,2024-12-02,-82900
bca-8cb2bca4b1c1f21268ec5fa53fa7917a,2024-12-02,51000
bca-4f73914b5893274b24d5710f652dd15f,2024-12-02,-40700
bca-baec03e5d234c2c6fc7c942307795099,2024-12-02,96700
bca-3d2d4fe92bcaf6877f37ae78b23bcd3a,2024-12-02,52000
bca-cacaa2a994e7d37be789f71d4362400f,2024-12-02,66600
bca-7f198a873c1093becf91ea3de3d8f79f,2024-12-02,30900
bca-a0f86bb53ade1d2483f2adf585def625,2024-12-02,48000
bca-877e097af8d6d469d38ac11ef71398c4,2024-12-02,-18800
bca-c98e6c56c095577f142f878ce006d295,2024-12-02,-13600
bca-bb800f7f0f58ab361e859e3bd1d5a1cd,2024-12-02,83200
bca-0cc992575105347928d54be356841949,2024-12-02,56100
bca-6fdb96a71446da183a0ccb080a812a4e,2024-12-02,74900
bca-b2d0f3008dfd36684625f1bc31bb71dd,2024-12-02,42100
bca-370a8c3afb982a66014827233db85107,2024-12-02,99600
bca-7b265c222a011df881544c01fa47be34,2024-12-02,60000
bca-858725283f364fe91a6fe79dd18bb326,2024-12-02,52100
bca-03a68c197f859eaa4860314c60a71291,2024-12-02,24300
bca-d69508179b28a756d54dcd7c50059e04,2024-12-02,53300
bca-70638eb70f772f6ba2a4f84b3576acdc,2024-12-02,17200
bca-05efb30bf0fa6b99dad837680a623c3a,2024-12-02,3900
bca-dd78cb31e4b2624740d86a3302a3de19,2024-12-02,95100
bca-36b3ac753c978e3e1cfc8646ede24faf,2024-12-02,47400
bca-06dc035dbb4fc2fb7f256c1bf2ac9f43,2024-12-02,3500
bca-61d2dff3a3c6dc67f6bcd27484f5d76b,2024-12-02,70600
bca-e936037fd0e46b24d500ebc0dd015f0d,2024-12-02,62300
bca-99e24c59d7e6469f84c5b2de9c17b462,2024-12-02,-42000
bca-3c5a7f0048c9b5614802b1e9549aa70b,2024-12-02,-31500
bca-c38ef3ab979fe9fc2cd77743e1ddda94,2024-12-02,-58200
bca-4475d36058ad99c17b9877e5e4f7ceb6,2024-12-02,24400
bca-e31007c658947f890ea7fab7b3504b62,2024-12-02,66600
bca-0a8ccdb3ca069bf32774039da34d9486,2024-12-02,74200
bca-60312e1f74335fead232e7b06ff0e27e,2024-12-02,-54400
bca-36d4d118646d3f8c590556f1aab35286,2024-12-02,59600
bca-eb11693ca4f1ae0916d1ba8cf3163c07,2024-12-02,2000
bca-5f41ae238f819d57a837a2caf048b436,2024-12-02,-52600
bca-c676040c2ea14410d06c4b5cdafa0006,2024-12-02,65800
bca-82e59bc0af2122167cbea298c6cae141,2024-12-02,-54900
bca-c386f9faf5b2f36dea96edf896a64579,2024-12-02,8300
bca-16e86efe1c9118565cf7e8070374bd93,2024-12-02,76800
bca-e0c81e89872502eed6a9462bf3be25f9,2024-12-02,-44500
bca-2932b495b412b1b635aa2ed7bf2e0063,2024-12-02,4300
bca-5680a3168593e08854b8910ac044c558,2024-12-02,31500
bca-bf09b8807d5b4a9aaa8fc75d4b09fdd2,2024-12-02,79300
bca-424adcdcc5649b78080f68d6ca6029cd,2024-12-02,-5300
bca-e304e751d01bf027693362c1d81df1af,2024-12-02,12900
bca-4869e36034be4b2cecca4b6c61a2c430,2024-12-02,-35600
bca-689f6d60fcdaabbf495a33e8f2890e84,2024-12-02,32600
bca-f76c8991b3bb6668f8d4f6dc662d6284,2024-12-02,4400
bca-0a5061702d1497d8439a644a3ee5d507,2024-12-02,79100
bca-de04f22716d83bc0722ae1261af1aaac,2024-12-02,21500
bca-6d192a5fe802303e700580394fe39d2b,2024-12-02,53400
bca-121b4f82418a23d6e795ef690315adfb,2024-12-02,-59900
bca-97a8c36240db3db9ed8cffc7260b433e,2024-12-02,12800
bca-ffb16ccc9a5032ac5b63a1afe49e574c,2024-12-02,-26600
bca-44ca6250bf996bbca063d7e5572be4f6,2024-12-02,12400
bca-2998e9366a15d3573e9676ed16a69a96,2024-12-02,67400
bca-da28bec695267e2b71807b1e657da064,2024-12-02,53300
bca-9628aec7848f72100ee2fce8029d5f71,2024-12-02,38400
bca-265b0f8511295ee3b595a39891cbb215,2024-12-02,48900
bca-5e6cdef2e00ab2aac2b619b7fb8d1821,2024-12-02,48900
bca-c6dfe6575cbfffcf71421fc3490a6527,2024-12-02,71800
bca-7fc0a261b5be3f0d17ba97fffbfc0a90,2024-12-02,27400
bca-3be0562e054e87c116e7f9efc5d3c9d5,2024-12-02,72100
bca-bab7c6d5a55dba8d76626e18a76fba30,2024-12-02,42000
bca-5a9a6fed2ef9d2fcee8cc8582f9082f1,2024-12-02,71100
bca-80ee3f8190443d1c6540161fccbc32e9,2024-12-02,24800
bca-2b56063c32921ed31a579ca95e40c3bf,2024-12-02,35500
bca-a95577a598cd5b5f7dcc345080050fcc,2024-12-02,99900
bca-c003a1fab7152cb95c93f78b7fae7d00,2024-12-02,2300
bca-aa205e8bb601de576055300ed82e02e6,2024-12-02,54800
bca-8849b70b5a6ab1ae81ff37a88ef9d8d8,2024-12-02,-39500
bca-a9d4a2f1140d977c167816abf8e0f6ba,2024-12-02,2100
bca-9b27fe3966422e84d5461d240054cef4,2024-12-02,80700
bca-272e806ddf8824a10c26179cff0e782d,2024-12-02,32800
bca-39e5b6d4aa6651dc7a307afd023f0292,2024-12-02,7400
bca-c32e4e96d4b5a81ac15b5daae1a01434,2024-12-02,-35600
bca-3090c885e7deb9072270ac09a611b29b,2024-12-02,20100
bca-9b610def37982ad668b20b2306aaf549,2024-12-02,26600
bca-279fd16df3d091f69b7122c5bc5483cd,2024-12-02,46800
bca-9e37e42d45b297a470e629c695807db6,2024-12-02,51200
bca-0ba13b4ff87e1dba3aafc1e42779b525,2024-12-02,27700
bca-8e5d53dad7cf7e1890805cc9a133e446,2024-12-02,73200
bca-af03a26126828d48370714febcee04c2,2024-12-02,60400
bca-6eddcb1db11670f30de1342fb7b8c2d8,2024-12-02,55800
bca-173d16496a7350db1d66241a743b0e4c,2024-12-02,81300
bca-5453a022a510a08e89fd00a600fe10b4,2024-12-02,-28300
bca-79b06dbd9ad56730a0ef0387ff7e1294,2024-12-02,81000
bca-61cabc9e93be6223e9f46e66280df7be,2024-12-02,-72600
bca-e44b907ec20c63acaf23c5d7df47eebb,2024-12-02,17800
bca-54f1d1706b24d8407784b5f921fc8f14,2024-12-02,89900
bca-bb3cfbba4c42ffde232895dfc020ad26,2024-12-02,-39200
bca-7cf5ae74ce08a0cc02f937610d76ce7d,2024-12-02,-41500
bca-93ee0b74debbf360a762ef8dfac009b4,2024-12-02,89300
bca-20e31fa844015b50233d1e6663549521,2024-12-02,90700
bca-d9440722d184cd55e831d28b19020915,2024-12-02,53100
bca-0dec483b2cadd12ec123a7dbe751227c,2024-12-02,79500
bca-9795024ab2c890e467e192029d24556b,2024-12-02,60600
bca-f062d87dda6cddbc91b220fa1187b923,2024-12-02,-98900
bca-5406ab59aba91dd4bc30be2fb22590a2,2024-12-02,18000
bca-e05f58b90fdd8de357bb3e09b5fb39ab,2024-12-02,-39300
bca-a611e18ceb68c9bb578151500e7b13f8,2024-12-02,31400
bca-dd71c26109366b12d056a8dfe04296df,2024-12-02,98600
bca-49146a2d96b2d508b9ea734ce60d1529,2024-12-02,-89500
bca-18642f959013d373a45e3c130299b0b4,2024-12-02,-88100
bca-565cb18e6f56d061cd85bf79eb7f3b9b,2024-12-02,57300
bca-ff772658ca0aa8abedcba60dec4729af,2024-12-02,88900
bca-616dd22baa5b54504c907bd7fd6461ca,2024-12-02,11500
bca-d7973eb0bbe0893a7e83fd309bde75c1,2024-12-02,27700
bca-d7ca44ac4c89d9f934a7fa0e3146ac68,2024-12-02,-98900
bca-db44b3500b14eb22646d8156f276e6d4,2024-12-02,-2300
bca-d6835adcd1605492459fe70ddd64d975,2024-12-02,5500
bca-45c7a062ced964339825e62aea8b4891,2024-12-02,93600
bca-9f4104dbdec16b269f29b428a9ccf7cc,2024-12-02,45100
bca-527099bbaa899b6286cf77e30ea9273f,2024-12-02,96200
bca-7f1a937a6c1215053f7ebe5aba6256c9,2024-12-02,88500
bca-f5a57d436fcbfc608a7f7daf77807d86,2024-12-02,94200
bca-5c70572dd19ea3b547f418a49f97868f,2024-12-02,-66000
bca-797599c212919e13ba772b00e8a1ce42,2024-12-02,84000
bca-d53cc6b7e3cdbde2638b689bf71d59d0,2024-12-02,76900
bca-710cca524eb6317a8f1aa6118656ab9c,2024-12-02,37200
bca-af5bcbb1aff535526e7b47e31f50e291,2024-12-02,24600
bca-ec4eef39cd23737b914a1c5c99ee3de9,2024-12-02,92000
bca-9859d42f55a2db18c9610d770668f8f5,2024-12-02,95500
bca-615fccabe5c5123b3363357a4ea9a5a2,2024-12-02,63200
bca-4250130d62c3ffc347f510d1ab2704c5,2024-12-02,-80900
bca-c5ff553eb93946b6370f3a0166cd1dbe,2024-12-02,-82600
bca-1b8bd2553b87528fda49272b43c47c0c,2024-12-02,31800
bca-29d0ea7cb5f93290fd9073477d1362d7,2024-12-02,62500
bca-12b286ff509a38da59dfa19e2e1c9a9c,2024-12-02,-87000
bca-7c8b6c0cc53fc78e258127e8cd5f00ab,2024-12-02,35400
bca-cc6f787880c4a67399707d0cdeaf2424,2024-12-02,80600
bca-2a3bb9b5c01431fc21cc9770076848cb,2024-12-02,93200
bca-dbacafa0646d5404523b0e8a7c25c993,2024-12-02,-4000
bca-ec69d4601605ec804f6f91320414da34,2024-12-02,87200
bca-11b7e03b5776e0cb36bc010f8e918792,2024-12-02,76800
bca-bf1f407d827492fa30e684793e27d0e1,2024-12-02,-79400
bca-469f2c3628ebebd39cf0b90e550b8546,2024-12-02,97600
bca-2f7530c5297560a01cb4ef58755dc1a9,2024-12-02,85700
bca-c6f354b0ba7c20a3be79bd68498c87b5,2024-12-02,26100
bca-811ab542b976f798e62638614f915dc1,2024-12-02,61100
bca-9d42cf63056ef393fbfd4617e3b18ecc,2024-12-02,79900
bca-a351d4d3583911a63e457c482b2f87ac,2024-12-02,16700
bca-ade1dcc487c918fbd77bd8d265fe0382,2024-12-02,7100
bca-46ef9250014b49261b9018b36b7e1410,2024-12-02,-24100
bca-613bbef255315456d790e3480d1c0593,2024-12-02,66400
bca-7213288aa2c4495d448e9b3b23be85c1,2024-12-02,26800
bca-dd772a993737e12cc46769b4f0382d84,2024-12-02,-81600
bca-79669dd04c35ac1678ef3f30a89f3136,2024-12-02,-57400
bca-9c744c5808347e9fb84147e5614f9366,2024-12-02,-20800
bca-d1ac7a64d4aeee61d47dd0de454e95f3,2024-12-02,77900
bca-db1c63ab78939ecd7f7b2c0fb5d00946,2024-12-02,-18300
bca-7f9cac6588c5c13e7ed95b641922e32d,2024-12-02,73400
bca-42d4d21c97dfd92f1837d220b0dfafdd,2024-12-02,12800
bca-0784009816d91a79e4cf0a6fd788e4f5,2024-12-02,-45600
bca-e985a52d68a306bf1af1052dacb92662,2024-12-02,13900
bca-e3ec265b19f41626da1f48ee78334fa7,2024-12-02,30700
bca-751953a34a8e4ef6b8bfd1f9253f8b73,2024-12-02,13800
bca-65653c4eadcaf219f368316e76d144a6,2024-12-02,-22600
bca-ceee36c336877ef315c086432593f871,2024-12-02,-15000
bca-82ef240af7d67e66eaa6030ba95c98d1,2024-12-02,88100
bca-06192d9d755ac46d2312b0df498de331,2024-12-02,5600
bca-57c2650e5be13329992443637a2ef260,2024-12-02,57000
bca-de1394cd2bb1091c6599cf6b449e52f7,2024-12-02,-27200
bca-d7fcd1caeaaf1f5181c13c58fcbefc3f,2024-12-02,77000
bca-6a3494cdb85d72c1f2acd7c334d47360,2024-12-02,41700
bca-0bec48f01f09a876a425a90cf502dcb0,2024-12-02,56600
bca-ebfa20d041edd944240e8a6c403216e7,2024-12-02,4200
bca-1fbe1df476992b30268099333d9f9f5b,2024-12-02,71800
bca-d0534af1d7f725f69a5d80c0125a8528,2024-12-02,-53500
bca-f465703d1ab55ad6ae1a9246489f1991,2024-12-02,71200
bca-5106a00cb0580bc81055d909f5cd44d2,2024-12-02,-56400
bca-a65a640a770ea060f7432ebb89ccb684,2024-12-02,62200
bca-97b308b7c9c2ebbe7a1194ea123b8b85,2024-12-02,36000
bca-e144d239c7425b2080dba0ed6583de0b,2024-12-02,89500
bca-2fd6862c3c298be6d368a35e3c0dfc8a,2024-12-02,51200
bca-9be2ac523a26bdb2b71a01a7019ae418,2024-12-02,17400
bca-11a2308c696da7354fe76ec4dc86c62a,2024-12-02,6400
bca-fe5ceae21b6289d8b0a5527f878695ba,2024-12-02,62100
bca-c1a595c96c64e50d0e743d409d5e06d8,2024-12-02,65000
bca-776eada51863b393169625758ceb3dd4,2024-12-02,-42700
bca-8530d625bfd45f1107c427a26e851628,2024-12-02,70000
bca-5dde2ed51ac1e50bdb73c2ebc5fba41f,2024-12-02,5900
bca-fc0a92fe25cef19aadf466311375cd1b,2024-12-02,-30400
bca-bcd4245048c93c9ade591be3b97b92a1,2024-12-02,28600
bca-e1dc8d68e5103bc6e8389890a5666bd1,2024-12-02,99900
bca-fa8aff6405407b327ee85ce253687f7c,2024-12-02,47500
bca-5fcbca8ffd2ea478d88c30b33e269f34,2024-12-02,-34300
bca-fdc07653eb6bfc564f6c4459b35378b6,2024-12-02,26100
bca-90e4f7d9e0bba6f563a3e6fac995c7d1,2024-12-02,76500
bca-4a090299ee08bfc02c7001189848f162,2024-12-02,27700
bca-ec6e8672e3c4da2261aaa22a85ea32dc,2024-12-02,-56500
bca-03476d150a80e324b1157c42e445748b,2024-12-02,62700
bca-8c7b42e4bdbae2dc46bd3e118100a8b6,2024-12-02,34500
bca-fc9bfcc631aa2a62d2a0438e0217877d,2024-12-02,-11600
bca-273493a012012192adedaf38abeeb628,2024-12-02,58600
bca-67c171ff06dfc0ba709c6b381380bc56,2024-12-02,90300
bca-3c8d0b3ff2a957d7e47842e2f78b0023,2024-12-02,87400
bca-743666f571e7563bae2ca77ae0b80d66,2024-12-02,20400
bca-28ec2c8e35da558c46e428278b9737c3,2024-12-02,88100
bca-e39acd0ceb6f9fffda60f3719765e99b,2024-12-02,64800
bca-4d48596c4d9dbb718bf15e9a2b3a0450,2024-12-02,2100
bca-b5a4c4eecf24ec41a7cabc7a4d5f75a7,2024-12-02,-32300
bca-4c3391d7b264f46dd92fd6637c0a03c4,2024-12-02,-1400
bca-5a98673fbfe5cb20b1faff55343b0d5b,2024-12-02,-61300
bca-ba3f8fca2b9d92e6fde8b12a53d09913,2024-12-02,23400
bca-7dea056d6d9e04f798d5ef58807194c2,2024-12-02,40500
bca-fd290f2f4e883548c684c9fa10b18f37,2024-12-02,73700
bca-38903beeac82db01a3121842db3d00b5,2024-12-02,29900
bca-cb561a3a5c89359e51f38bd4b1835053,2024-12-02,63000
bca-cdc5640016194e791586eef4f43c3eaa,2024-12-02,-98000
bca-9492175bde50ef8601850077b0634ab9,2024-12-02,53100
bca-8d66b9dc04e4843320026aca65c90180,2024-12-02,90500
bca-a0e77104ec9e2b4dc6595df4a6ae38bc,2024-12-02,47200
bca-c952e5add344eed2eb4e954ef0d23981,2024-12-02,-34600
bca-7ad63fcfb3e666fcdd510b98bfa5341e,2024-12-02,92800
bca-09500a9148b72c7926d0a293f04e9fc6,2024-12-02,56200
bca-9a0cc97cad2f389f316f7b5b026af22e,2024-12-02,97200
bca-301ae176f0cd8fef0f79f96f897cbc6f,2024-12-02,71900
bca-3a7ca65bd360bef26edbc0f5278b0262,2024-12-02,70400
bca-6689338c4d9fb5a84a4152ef0cb15512,2024-12-02,87000
bca-8ef6c7a405905ab21b8c78c217888bee,2024-12-02,-22700
bca-a00d46caf9fa6a47e601337bde198f2d,2024-12-02,12000
bca-1d0040af25e815c9d2fcd1067cb31e5e,2024-12-02,38500
bca-16ca2fe7f218b5dbc460ea918350c712,2024-12-02,-94100
bca-5da44a77779ad4ac2933d3a591a7d92f,2024-12-02,62300
bca-c12a1d1696a0c954427c0cfbbc37da2f,2024-12-02,-51400
bca-f188183725c5d076ad17e346092a69a2,2024-12-02,-74500
bca-e6ea1220cc2085bda9aa70eae2d55dd4,2024-12-02,19400
bca-a9a0c07280f25e0696ef20795cf0bc7e,2024-12-02,47900
bca-c60804dea4c3aa7e99ffe3076d73f9dc,2024-12-02,97700
bca-30dec6cc5cb375e6a508602fef26c3cc,2024-12-02,19700
bca-6618d9ae876592584ecdd374c5792e7f,2024-12-02,2400
bca-3edbd4ae8878e51beefaff6e35bb0b2c,2024-12-02,28200
bca-ebe6f46a8cb551815ea270ee0f6de3a7,2024-12-02,-41300
bca-58e9af259e9fc6a925a2d95fc5fee2b3,2024-12-02,-21300
bca-48c61cc205ab13633fd290771212a943,2024-12-02,-70400
bca-03f179b667e2b977da6d0a047a0b9695,2024-12-02,-67500
bca-1b651ee1ab0155f6b7213a36786f2dc0,2024-12-02,8200
bca-d4512669a2ce7f450b28cbc867a5fbda,2024-12-02,97500
bca-b5890eca262ab35df00226d4f75016f5,2024-12-02,19700
bca-4fc62e66c41202546c3c3d58044b5876,2024-12-02,98900
bca-a543293908d944c228965bc554f42c49,2024-12-02,51000
bca-8ff53bdd90d0be92ecc2c2f04f50e4c0,2024-12-02,-12500
bca-37ed750b611fe3f1c85703e6cd5be87d,2024-12-02,11300
bca-cb8002e3ecb86b4be9a9471a690fc19b,2024-12-02,29000
bca-81dfa96dc47045d128e983901b24ab0c,2024-12-02,84300
bca-d5ce6474d0f058ea849f735c5aa843e4,2024-12-02,6000
bca-581b995d77efaba0653860093c3a7068,2024-12-02,60100
bca-898b99fc8d35899151bddb431e8c3a1a,2024-12-02,1800
bca-bb1edba056c8d3714fdbef5bc40cb330,2024-12-02,94700
bca-165b33420fa159c3018a1f6dfed6c93c,2024-12-02,30400
bca-36b37c3b9ae87ccc14e990231745eff5,2024-12-02,-44900
bca-8713863d5c813349e7f10d5f199faf45,2024-12-02,83600
bca-5991323df240a2a42ed78491c1ad65ff,2024-12-02,35800
bca-a6ea70f256cf2d881ef24a608ab56ff2,2024-12-02,30100
bca-14843dcf6f82af0e569f1c9553b1a408,2024-12-02,1800
bca-069a71efcccc9bc2ee99f0e118d4574f,2024-12-02,58500
bca-ea55753458a3e115f8e337243b063f98,2024-12-02,50900
bca-53591e3bf4edbc91246740dab53a269b,2024-12-02,-40200
bca-dc58e4280da85ba5e014a91aca286395,2024-12-02,56500
bca-beb50de5427198e27af9176d1cb66ad1,2024-12-02,56200
bca-752e820f369d85b141560de08402276f,2024-12-02,7700
bca-5b57f2244980f14b1c40b8337efc66ad,2024-12-02,-10800
bca-c09a0b70135f71c58a77714ec2c81c04,2024-12-02,-8100
bca-4b8a2ed1480f035ba34764733abbf314,2024-12-02,-11900
bca-696770ccc7eddf5984e1a1770db742bf,2024-12-02,19200
bca-d931c607250ee88918fae4bb340c904c,2024-12-02,98000
bca-3db3f3bc1920da6cf5918a35fea41cec,2024-12-02,-57000
bca-de45a82984ca0b75d26d5e127195c642,2024-12-02,-10800
bca-f2357877a18d345525651707869efc3f,2024-12-02,56800
bca-3ac2aed1eca30a6f2c0672b3b0243f3a,2024-12-02,-79100
bca-7e9f634538f0beb580b08784686436d3,2024-12-02,54800
bca-ef5ca0a9fee1b0932b99f7f221cdaf6d,2024-12-02,82500
bca-d3be313c4bac154fca64c505fcac4312,2024-12-02,24600
bca-68301d75e2e53e9e0d64eef9f86ce602,2024-12-02,-63900
bca-1dd50491325db268b1b47fc3225d6c7a,2024-12-02,-9000
bca-a2a3e999245cdc270aa4f40176fafb0d,2024-12-02,-92600
bca-b4542f84b8ef7ec2db3dfc7fdfc9e00f,2024-12-02,35500
bca-a3f3edf8800e590136106b788504351e,2024-12-02,-52800
bca-da67a4ecdb2078f42e220cd9f4fb136a,2024-12-02,63600
bca-817aac9e7f6b588bccf172e586f8df8f,2024-12-02,3700
bca-4e09465ad95c90c7943ddc733af55eb9,2024-12-02,82700
bca-37cafe704689019a2cac3e34b13a0374,2024-12-02,95000
bca-7a6ad8fa99a2fe99c0980681fec66078,2024-12-02,72900
bca-636c19647e3f78ac2f01a37bf7aa35fc,2024-12-02,-35300
bca-01a3f80b06988d15d776247a6fdcd525,2024-12-02,41500
bca-f4263d7552e11fe33aeced21e11e49d1,2024-12-02,75700
bca-197969964e3e52437b78a25fb48969eb,2024-12-02,47600
bca-296fc4ba9b37fbfd38c1b9d447ac05d5,2024-12-02,32100
bca-830ca71e541b53b19262e69fa786df3f,2024-12-02,-83000
bca-6b7109863b7f82c64bdd211838cec965,2024-12-02,-36600
bca-ebea501a2bbd672c95e502c788b600e4,2024-12-02,-3700
bca-52c4ecfbb620797816b0dcf8d0ddccb4,2024-12-02,28900
bca-e31330e41e4083d8424a0f158ff83416,2024-12-02,-73900
bca-4e71bbd7dd7660a63ee4fa51ff0b8abb,2024-12-02,98500
bca-c67517a8ce31652003200cbd22ec60f0,2024-12-02,-39600
bca-ebfec890c948fe1198e9ac260a3e98d2,2024-12-02,10600
bca-2c800c63ae7ba826a74f69e7d20b88b8,2024-12-02,-96900
bca-e8fb313b9217f67a285ee7956ae4982c,2024-12-02,37500
bca-c3f7aa6257a45a1699b70fcbd1ce3c12,2024-12-02,91900
bca-ee2d527e03d3cc2bf2b477943d433e0b,2024-12-02,29700
bca-c589e0c42a42cc1d6407b3b9194b7b14,2024-12-02,44700
bca-0fdeb7fe55e1e6ef1e322e2ac650355b,2024-12-02,-64000
bca-7c9c6514ba1fa61c0be685361d67f6ad,2024-12-02,20200
bca-a4d5de20da61d4069a59cd34378ec774,2024-12-02,72000
bca-83763646cf8394a4d465087f9348028b,2024-12-02,-1200
bca-83c41837246c2a6f6a1badb3081574d2,2024-12-02,29400
bca-3b3bdc79e26d523b96b4fd9fd4c82703,2024-12-02,81600
bca-d9fe2835eaf708dca887826b47fb14f4,2024-12-02,58000
bca-84dae7c3e59f3bed061a6f6af06b0975,2024-12-02,41800
bca-a933dd236777fd6c0d18565bc7b4fd91,2024-12-02,8100
bca-e9ac2e9a725647bdcc8f3054c16cc07e,2024-12-02,25000
bca-54136ee86ba35d4ec81dc7d66292e53f,2024-12-02,26500
bca-0538ac5a04c85990cc9b55e57f71bd9b,2024-12-02,70500
bca-eae43a3ecbf132afacb99472258d46d9,2024-12-02,16300
bca-2416916325767b63beec45b9e054b375,2024-12-02,67800
bca-6a4cac77a739e60a575a1f646d001aea,2024-12-02,-95700
bca-bdf153aa9aade56ec69e7b5d2ebfe9a1,2024-12-02,-24400
bca-a1f679f4277baf5dd84ca54056ffcf07,2024-12-02,-82600
bca-ed111f59cb543a35b8d5687a0a2442d6,2024-12-02,37900
bca-5dc273034e53b3b630c11515c3827cf8,2024-12-02,-44100
bca-3b4951efcbeb352510f30ade4dae62a3,2024-12-02,70800
bca-f79f1bceeba6959a196a0c2ccdf946f4,2024-12-02,-95200
bca-17e57126ab7aac99421e24b066b9f62c,2024-12-02,-23300
bca-cd9e02a86d8ade7c89cca1bd24614846,2024-12-02,-58300
bca-22cc409be015da6bbc8f47873f4dc386,2024-12-02,23600
bca-64a4290bce8593cbfcca6e47a4dcb0b9,2024-12-02,96900
bca-6ceea2f86e88899a1cf782a4376b04ed,2024-12-02,1600
bca-5ca9a710289846bdaf83dd2cfc321f68,2024-12-02,83100
bca-a317899c9ee55893e93de964cc522079,2024-12-02,-91100
bca-928f5416f39a1a25dbe3738c938e4b96,2024-12-02,28300
bca-30c3b3c43c974581abe4aea9940daa6a,2024-12-02,99700
bca-7ffc203e67fd9559bcf5c056f8530a95,2024-12-02,52800
bca-0ba8601945df2123d3c1599c113f95e9,2024-12-02,98600
bca-84e411f90786275ea15ca0cc4c8b7134,2024-12-02,18500
bca-6b1479bd70b63a50d86c577ccf8f1af8,2024-12-02,29100
bca-10455fa16134093a04b9e96316e4ce04,2024-12-02,86100
bca-0bae0dbe52d39e9ba7cf3b0060ded9da,2024-12-02,69000
bca-9d07f7ccbd4807477ce8dd5fcf4415ad,2024-12-02,1100
bca-b5bf4672eb0b78d53a1c6c1f73fbaed2,2024-12-02,29400
bca-6e4de20d0b5803f821b4c9e7fa7aae9e,2024-12-02,53200
bca-e227a7c695fe93fd12a2438e4a4236d2,2024-12-02,61000
bca-2a180431cda679b5f5c647e4a563c61f,2024-12-02,16800
bca-6290264903322e9376a5f891d0f93ecf,2024-12-02,52800
bca-228794f429e658ee2589239469a37a98,2024-12-02,-54900
bca-1162f9d7c6833780aa256d74dcff8488,2024-12-02,11100
bca-ccb105129d80ebe6078aa1e2ce5ae3c1,2024-12-02,90300
bca-ec1301ce237a2a271b6428ca3f08759b,2024-12-02,54100
bca-c750def14a5505119e7d9ca0b1ab95b8,2024-12-02,43800
bca-4725afba3e2c190dbf0799aab5da93e2,2024-12-02,18800
bca-60a573e7c04ec4623c7a00593bb4e334,2024-12-02,52700
bca-2efec26752ac2932d1cfa33d296ded11,2024-12-02,90100
bca-75db791b1da6806f15f6630f1728871f,2024-12-02,35400
bca-e1ea1af33217ea971b2bd546e0f2a6ec,2024-12-02,3300
bca-a26e1662b4c4f572e47e8d2229f57f12,2024-12-02,74900
bca-de8c9ed4b44f22ddb76e2aba7579be72,2024-12-02,59500
bca-a914d651d53b51ab225826e4ae5be7bb,2024-12-02,59300
bca-d25eb2ad9549389ef50af455effe08af,2024-12-02,-52400
bca-0a8f87d7deb7fa82230886af381fa544,2024-12-02,86300
bca-4e903ae3ddd97810d3468ea0ed20cb9e,2024-12-02,45300
bca-25b9d16152135fd0452a38a1d81cbb0f,2024-12-02,-54500
bca-ebe16c3b13611e644f1427a32752551f,2024-12-02,26400
bca-bc853b783ad3f6414bd9a2be4f1ab82e,2024-12-02,-11600
bca-8c85c2b98703cb154c1a60031b66a023,2024-12-02,36100
bca-d33795ddc6c0f4e81017841b6f679a1b,2024-12-02,94500
bca-74bd636498d0764f0045b2f1f2a605ad,2024-12-02,11500
bca-7a3a7f2eaeacaa1f242933ef41757b6b,2024-12-02,10200
bca-c8395079a0e2a1de08ee9adb4fd46075,2024-12-02,53400
bca-651c356abf09aa9e4ad60eabae5f212d,2024-12-02,2400
bca-b2594e680c62b3acc73f27bb36308543,2024-12-02,4300
bca-d3c036993973776ba17d5ef3d5606122,2024-12-02,69100
bca-5c3541577bdffe132641fd2213c8d569,2024-12-02,6100
bca-03992b6f025ab73ad73dc9237b4649e6,2024-12-02,59900
bca-a7e7b52eb06baae74046d35e9623cdd9,2024-12-02,-18000
bca-03657d7419f3ef438f7041379eca1f44,2024-12-02,-3300
bca-ef45a4d8ca3d527edb989615631ca831,2024-12-02,-90900
bca-72716e780fb8de95574e6901c7fe6a82,2024-12-02,92700
bca-068d95632b2252737e64633fbc1e13cb,2024-12-02,34100
bca-2c698b25ca8b08ac6b43a836b3c9f173,2024-12-02,81100
bca-bbcb9fa122aedb7fa4bc6026fd8e9950,2024-12-02,52300
bca-0a2543deaa46b226287f6cd2ce4f475c,2024-12-02,64200
bca-2de5a64f513a253a9564a99754a8bbe3,2024-12-02,56800
bca-7bf8667e108511aae0f9638b65570ed5,2024-12-02,-50000
bca-0cd6b0e6e62d7b34d6670f2b5f2fb233,2024-12-02,75600
bca-991bfb6ccf5e60a0f70b174cf8bbccc9,2024-12-02,84200
bca-0531569fc15ac8f1cb5dd59ae4bdf97d,2024-12-02,-49700
bca-0c6671eed399a1ffc45bad861497bc49,2024-12-02,-71000
bca-61c240af34a06d6a6e38b9ee291805e1,2024-12-02,73200
bca-5745b67ebe45d1a9975aed3d4fb0f41a,2024-12-02,24200
bca-de5a29a54ddce414a68955bad5a2118a,2024-12-02,27000
bca-482db1eae59224193de779e3f1e6626f,2024-12-02,3300
bca-57d9fe74411927fd0ab785c5ba39bfca,2024-12-02,-78500
bca-efcaa077b5c414523f37a6042e105a7c,2024-12-02,-94800
bca-6b5e5a765b8f2fba7c50996d43dfcb8e,2024-12-02,65800
bca-6f0402855b24cbb8816efad679e900f9,2024-12-02,42300
bca-690989cb36e868b5a69643a30f4e687d,2024-12-02,55700
bca-07de1f1ca340e95d9107f91d64414ed0,2024-12-02,6000
bca-f57bb91fec3557c0c84c2f521aad30c0,2024-12-02,-92700
bca-bcaae274600831a84dac63bdd72d2f86,2024-12-02,-46700
bca-1a76cb70bd9e67b8dbf95901f2d89e23,2024-12-02,44200
bca-bd97d77f6e9c04459222fce1a6f48837,2024-12-02,92800
bca-12f13a49f6893c72c4d38246a9195f87,2024-12-02,81000
bca-bced30a354e7dcfa0d020a052391376f,2024-12-02,-53500
bca-7ce979490a9938cde46db1dc6b42abea,2024-12-02,-73800
bca-5cf27173d36ecc41fe91b1ba0ca0a744,2024-12-02,2700
bca-71f8b04e41b264aa862be0d0b2e17aaa,2024-12-02,69500
bca-01b7cdb11e97b3d0be6deeb27a4c34e8,2024-12-02,78400
bca-19d4f956a938d467952d26dee660c519,2024-12-02,75000
bca-a1fdc967643c1fc3f1bd8ac199161123,2024-12-02,-91900
bca-7a8bc3ad2d40119dd1fd9a15d4dc55a2,2024-12-02,39000
bca-9b203b78884ff1f34f0cdc66bb19b511,2024-12-02,86000
bca-c7c38244ebc00b1a650c3f17f587d0a7,2024-12-02,-9800
bca-575d20f26ab8404d3cac783e17d6e6ce,2024-12-02,77800
bca-cb28f1374740964c4d24a8e3388fd88c,2024-12-02,90300
bca-89344ae09619d1b08ce8cba03e6e76ae,2024-12-02,25400
bca-109ace8d3c98bba941f69cc3ab034b23,2024-12-02,-81900
bca-8e795d7ebab762dd3c86627235cdbc1f,2024-12-02,93000
bca-78331cf4565e5240e5cc88e22bf98099,2024-12-02,60800
bca-8cb4a4fd3336378dcd8f82eda6fe0788,2024-12-02,75500
bca-d949a70c9053551c243eda021fe75104,2024-12-02,-90200
bca-f98be79241929aa113ec2084f5dbd0ca,2024-12-02,21700
bca-628fdaba63a3a8764a10d62a4bfa60c6,2024-12-02,-88100
bca-fdcd5f0272c2761f5713a9f227f5178f,2024-12-02,98200
bca-d4a20a6a989bb68c2b43ea8f56438a63,2024-12-02,13000
bca-2278cf565eabfa06d8d98cd48a2e0cb9,2024-12-02,22400
bca-a16011969022019337738e9d93ca49ac,2024-12-02,47600
bca-2d75c6a7f4531cc9197a4004d69d1a8b,2024-12-02,42100
bca-e3b9ffed66fd14c8d564c6493a95e8e2,2024-12-02,83500
bca-c137678e2680309131be5fbe3c2433c1,2024-12-02,99800
bca-260d87d11c259dfa850388988f13c0e6,2024-12-02,62500
bca-28348aca8dd30a67f72f99351602a6ca,2024-12-02,73700
bca-5c56fdd62f1511dc5e816aadab17acc7,2024-12-02,14800
bca-bee6e2108962fdf7d69f11a91e7460a0,2024-12-02,-97600
bca-0e4909867f10052cee61b9ae888d5423,2024-12-02,-39200
bca-71e70d18226b23deac877d6cedd63564,2024-12-02,-28700
bca-e757ec601790c9ee5e999a7f64348c69,2024-12-02,-67100
bca-34ac9505123995f5769d123cbc7279c9,2024-12-02,7900
bca-affbf0f2776ff7fb50bc98050c8ad594,2024-12-02,15200
bca-1f2e0cb681ebb566c547e1576657fc7c,2024-12-02,79100
bca-4fef9c9af347714c62993a9029132f10,2024-12-02,99400
bca-4bdf77d02b0288239bd4c56f44bcba1b,2024-12-02,-50300
bca-85ada8ae44cba5e925bf0fd3e70e7483,2024-12-02,93200
bca-82a1c28071b8f7e5921155037df13a3f,2024-12-02,46400
bca-725d394ba3f2990d6dc20374a0857084,2024-12-02,74700
bca-e60a920aaf62b68d05d5b8bb04dc1b7e,2024-12-02,53900
bca-236186b2bf372025f051d41966168487,2024-12-02,66900
bca-6cfb70313da33a260fc3563d0860f291,2024-12-02,-96000
bca-9e6f582db6ea5e7509eedc2c05cd3a57,2024-12-02,72500
bca-712a875ddf964d264ccea772cdcbee96,2024-12-02,-39800
bca-a66a08cff3c7c681176714e3dfe77084,2024-12-02,54500
bca-53406cc2dffaff85a26c51da36ffbff3,2024-12-02,-1800
bca-855f1e13bc6d93367e08292d45937e7f,2024-12-02,78200
bca-5b6c1c6f3c3f87f2a3aa905dc942e732,2024-12-02,65300
bca-222603a567d8f05c4556ea911830644c,2024-12-02,70600
bca-b213e9d44019fe1912f95fc345e9a9e8,2024-12-02,79300
bca-028e65c84fefc9b4f4ae42e9881b5b5a,2024-12-02,-93600
bca-03a6b09901d9d1f7f38dbd2615f723e4,2024-12-02,93600
bca-c1003b0c998c5fec53e4527560c5c899,2024-12-02,-97800
bca-ddbe1327bfc00e23c5154719697dea6d,2024-12-02,-47900
bca-b4e6b149c9f3d2335955293d3cfbd788,2024-12-02,42500
bca-d1f89847fdc98c77ed02681d8f74a691,2024-12-02,-42600
bca-1f061c3fcb79fa4f903a5858ca1645cf,2024-12-02,96100
bca-9c2fd25df8a2ca8c3905cabc2b004013,2024-12-02,90400
bca-f4ddbd8b223e7224432c2bf4ee3da069,2024-12-02,66200
bca-4371bd6ca057780f6903777bc8eda55e,2024-12-02,-12600
bca-4f50bec96c5ec03dec62080bbd08e2b1,2024-12-02,56900
bca-7989f5a1aa9ecb3169c98b187bde3981,2024-12-02,-48700
bca-cfef549d2eba20f97598595e5805fdfa,2024-12-02,58100
bca-566b1c2f2c47c74fe9bc21cce1d04884,2024-12-02,51900
bca-d56c11d6a89bef823649c19ff713946b,2024-12-02,85100
bca-e267dfa5c079fb9e1a71934b49f13615,2024-12-02,52200
bca-5bb3c4aee49f04d062565204ba84fc46,2024-12-02,77000
bca-44e21a30743b9b3a437db60c0cd4c0b6,2024-12-02,-21700
bca-45b874153f6ccaea80723a66d80f18c5,2024-12-02,49300
bca-0a71be735ca524e178ce9f0ebd2da11b,2024-12-02,20600
bca-6498341e70f6e91eca3881a4ca23cb41,2024-12-02,-8700
bca-74fe512a1915160980f2d4c9c7f1409c,2024-12-02,31900
bca-2986f31ee515cb97a5d75fc5a041717b,2024-12-02,34700
bca-c8af50c05a74db9e60f5d58b90d013b2,2024-12-02,-77100
bca-b34292c9d9e11f10a55fd5f2f71a52f8,2024-12-02,50800
bca-8e6cbd8db624353574f0b4238f8de629,2024-12-02,-71500
bca-f26a8ed97715c09d50017e3bd8fcaee4,2024-12-02,38100
bca-2e5f868219f2ef865ca2c2c4683c2ca5,2024-12-02,4500
bca-b5e9f65ff6f0c2aa17f1b194dddd7f7a,2024-12-02,26700
bca-0a6bc38c3cc50b36c515010b65afaa8e,2024-12-02,-47200
bca-edd81b336b84e4d19d4452f33d3df485,2024-12-02,48700
bca-90ae503af97e8f75370d2fbc71cefe4e,2024-12-02,16100
bca-05d52b7227dd530ded2664500c430d43,2024-12-02,28600
bca-468a18a82c5d64f0aa6371e0b43dcdbe,2024-12-02,15800
bca-c4f14cbbfd5083fddeaabeb18de6e170,2024-12-02,9600
bca-18bd527fa9f9aaec11ee19b46863003c,2024-12-02,13500
bca-0d62311d413f20c9496fa29da08357e7,2024-12-02,-17500
bca-1906ab334183dbc4a3db4b5e93ff5fb0,2024-12-02,11300
bca-e5b6841621a9a28e92e8b0facf2b2286,2024-12-02,-67100
bca-3f56ec73fac21ea6f57942287040972a,2024-12-02,90200
bca-e4d7c9850e9976666c4faccfa1b10645,2024-12-02,86500
bca-0dae4eb33c8c302ccf27d1a5d6880a7f,2024-12-02,69100
bca-0deb31efc3e29d5c98f27182ffe8d6fb,2024-12-02,35800
bca-3180c92441b174aef8623f749be1d56b,2024-12-02,1200
bca-349e91fd3f662da1bf716a3a3cda94f1,2024-12-02,34200
bca-254f3d22ca6e5a0d71eea2862dbc1a86,2024-12-02,56500
bca-3cfa6aa49b2618c01b3548a3339b68fd,2024-12-02,11800
bca-eb62d4132c97729174fddc7c45af654e,2024-12-02,96000
bca-8670854852e34fc0d055ab7eb561e600,2024-12-02,16700
bca-f3aada811d4a21fcac76e375559939e9,2024-12-02,77600
bca-b569f9e4f6af7d96a30b20336456266c,2024-12-02,79300
bca-ed0a887e41b64f19a5e4f24a404ebd9b,2024-12-02,90600
bca-3fad33b2f490f2d8984e9dde09074a5b,2024-12-02,-1000
bca-a63f98bedd0f974eec94a32ca1d6220f,2024-12-02,11400
bca-a11ad825a08fa072e443f11d48d00f58,2024-12-02,70700
bca-3ac6ac2b711051b832035c073413e779,2024-12-02,68500
bca-e6f733950bb4033df16a66f5c73004d2,2024-12-02,-56800
bca-9ab0079ba375f006d0d41864867e456a,2024-12-02,82400
bca-42f4113ea1ad7ea7331ab01ac810c43f,2024-12-02,22600
bca-5394426d260d0ab11321203f11bf771e,2024-12-02,4300
bca-f8e9e41638fe6c9413cdc69c8e608c82,2024-12-02,75000
bca-23c30891a1dc7b21eb25315995e74177,2024-12-02,-68800
bca-c7c7ca153b5346fe1d742833a473f3fc,2024-12-02,26400
bca-54d0df5fcc72bc0e3cd427c01e6b2f9e,2024-12-02,79600
bca-3ba473b959d80ad0a32d43ea5a2465f1,2024-12-02,60000
bca-6a186378d9768a1bf2de8a77c8c6c771,2024-12-02,74000
bca-5bfdf2fba07076f08a671f0e79eaf419,2024-12-02,83900
bca-143b62680e50c63ebf8a12327039e640,2024-12-02,-65500
bca-4dece4e06531b4ffa3b37aaf917534f1,2024-12-02,55400
bca-7097c450ce7f36aca12cd3032ce4a113,2024-12-02,79900
bca-e295c316e9c64ca78b3a5e335375d043,2024-12-02,54900
bca-30465214cc15a60fd615c48cf2207b2f,2024-12-02,92900
bca-10c4c90587346420e7ad7963e1eee627,2024-12-02,99800
bca-d767c9834b46ff21a8477cfd6b6306b8,2024-12-02,59700
bca-69ed395d40919380411133c84e6496d0,2024-12-02,22600
bca-6746aa73d766a5845b3c2c744e36ebdc,2024-12-02,-31500
bca-752c24a163db6f8b19c01ace41325c57,2024-12-02,19000
bca-c35d34d8294485f6b0538a2d2ec73170,2024-12-02,68800
bca-d9066ca6f9fae24f6d8cd9e6f17cc461,2024-12-02,63100
bca-d566842c3e974e20bdb7534f3cfb3c8b,2024-12-02,41100
bca-0ae443cf3563245695f09ace2d556cd8,2024-12-02,-40100
bca-bbd9d55dcbb81ee776810eb45c4c1b0e,2024-12-02,70900
bca-bce6daf054dcb9fc6505dbe1c0c9cd75,2024-12-02,7500
bca-40f48af96942bf8574cbf869ee1180cd,2024-12-02,25700
bca-4825d90abd46e49f754ec10351ec7574,2024-12-02,34000
bca-27cbffce8c56b7c5bee82c9b4c8bf543,2024-12-02,-63500
bca-78e46dcef8a200328ca4f49d3bf96316,2024-12-02,21500
bca-5440aa9cfe8429b3f38a69212a793154,2024-12-02,59400
bca-9708d4f1b077f0b11e38a3401b1c2e38,2024-12-02,71200
bca-f0c52eff49515a715b7a7f0544e57b51,2024-12-02,48800
bca-1964eb5ff344b8ac8741c78064f630ea,2024-12-02,56200
bca-e392ef98cb1b2ee352aa393cd322ad1d,2024-12-02,-34200
bca-33098323a6953352edceb7a0536ac479,2024-12-02,55400
bca-95d95843809a31624914ccbfef895d66,2024-12-02,50000
bca-8d5ee7be14cf9e48abb7bf90e7476836,2024-12-02,90700
bca-3961247b31f58b14a866c21644b7db72,2024-12-02,51000
bca-f16e048cd07329362c3c51f2497c4699,2024-12-02,-54200
bca-52d99ef2af02e535ec04a03cdec588a3,2024-12-02,44800
bca-5eb6e51ce3516e5fc8efbc884f792f58,2024-12-02,43100
bca-7a79473bef403055ac822087e457f76c,2024-12-02,-3900
bca-5b2790144010063364a8b9699a3f065c,2024-12-02,37400
bca-ff777ed83173e1fad96236692039a515,2024-12-02,-83800
bca-8d9a9bed91745e70601ce3bd92414a35,2024-12-02,5400
bca-587e6db6352cbc2e72fe9ca9089337e8,2024-12-02,32600
bca-92e701f5497ae880b69322a9e80fe6bb,2024-12-02,29300
bca-f7d6d3944a3b0639a647740eed7db0a4,2024-12-02,-66500
bca-aa304d5d1d8b17128f61b23a76cef1df,2024-12-02,-69000
bca-cccdb51d4258685f90831d23820bad70,2024-12-02,33000
bca-d90cdc342c0ba4463083f1343199dfeb,2024-12-02,98300
bca-d623bfa4362915e1b796726688e21593,2024-12-02,23600
bca-ef912ff213a8030980f4f960f5264fe7,2024-12-02,75700
bca-d6e4b3aaa5519b27e16a626ee549f1cf,2024-12-02,10300
bca-962a9a448d31f20ae6fb39aecc3e642c,2024-12-02,11500
bca-d11ebf4f8b65cc4614c699a9ecc89eef,2024-12-02,61800
bca-22b999b975f7081f8b3dd93e9e566ae5,2024-12-02,51200
bca-429bfce500d8ea4d39ceb7a5f0855b1d,2024-12-02,48500
bca-71dcbf11bfaa6c56166a7349f28aa3fc,2024-12-02,21500
bca-1db0249f174cb78ddee74fdc66fa479b,2024-12-02,92800
bca-e67afb95700e4a1f64009a3f7cb76eb9,2024-12-02,-26100
bca-039e7726fefdae4bc4400b77fe3d3db9,2024-12-02,-96800
bca-36992e6397291515357f40c5e59c8332,2024-12-02,-3200
bca-1446db7a18590d30e217459464315107,2024-12-02,-32700
bca-6edc87432cb38b0221a60aca03fd2457,2024-12-02,4500
bca-afc3689b472ca3a67df7711c558ac36c,2024-12-02,19500
bca-70ecc9357f92ca51aac7719c625a5520,2024-12-02,30800
bca-53e42c3bea2a5bb6c3561e174aebccef,2024-12-02,84400
bca-51a99434e36d3efbf9967423c3f7af4e,2024-12-02,8400
bca-c527bb59860b95411485179b4d802cd7,2024-12-02,-72100
bca-fd64c32624214c5d188000edbd048408,2024-12-02,-14300
bca-51eaf9a999906c199292da38a5632341,2024-12-02,99300
bca-e6619b5e23c741235bc1ca8e75526d87,2024-12-02,73800
bca-4b73115644b48c83ec08d9b767d72fb3,2024-12-02,50600
bca-d91fe8e9d64b0bdb4b0e08b92c0f68cc,2024-12-02,7300
bca-d6c01806c1ce87c88637cc2e27da55a3,2024-12-02,77300
bca-d9b46a9c614a70ed885112d1c2f0c719,2024-12-02,74800
bca-e821021867ba209a53bb7d0ba0546280,2024-12-02,69000
bca-615deddc37a4ea5465d05eafb7784b48,2024-12-02,27500
bca-138feda8b96fbf1ca51f1c0e9422e5e0,2024-12-02,2900
bca-72bab3b2a7a045784edd93a7de75c695,2024-12-02,63900
bca-e904349787647689d5fdb86cc75c9d66,2024-12-02,93200
bca-e25d44327ab6a69f30868c1375cc46d9,2024-12-02,89300
bca-7bd22c548bcccbed7e029c9ee0800144,2024-12-02,-35800
bca-02244cd3cd6bcc77b3e7452e84a1118e,2024-12-02,72000
bca-8e8c8c31f2211624a9a978a4cbc452aa,2024-12-02,61300
bca-e1aa171b19d0622646035e929ae20099,2024-12-02,46200
bca-bb25dc5ec823f0c1956f2836f812f1a5,2024-12-02,77900
bca-ba47243d10d8a9fcd5047d2ca3a25b28,2024-12-02,-89000
bca-0a6a9b1b06d176ae1c80fecb6a9d52f2,2024-12-02,99200
bca-7aaceac24f88e4e09eec889818a16a57,2024-12-02,59500
bca-796b00839bd5ffb48b5b5813c4c4f494,2024-12-02,83700
bca-f65331abe0600f5a69526033e5211f37,2024-12-02,-77100
bca-75d70bbba5cc863b91fa15f61fb8a41e,2024-12-02,-85100
bca-0852fc16ddbde613ffbbc16117b800cf,2024-12-02,76100
bca-56cebfc1f47836b7d1f82b2868d0ad19,2024-12-02,-5100
bca-086067f172704f0b88c5ef3595ff537c,2024-12-02,81700
bca-cc5f932eb469a1951aed685ac1d559d5,2024-12-02,5400
bca-f46d7d894f7b134f1a0dd39084dc9419,2024-12-02,30400
bca-dcde581c17a5527816aa1416c571954f,2024-12-02,19100
bca-2bdeeb3574f697e7ad24b6631bb09926,2024-12-02,6600
bca-481eb456004b1446bde272ab974dc7a1,2024-12-02,66800
bca-b78af5e21c6808efd248f87e5d238490,2024-12-02,75900
bca-38de1ba1f833eba221d561f9eed454f2,2024-12-02,-24200
bca-583dbaec4961014e1adaf7eb757bf359,2024-12-02,97600
bca-6bc95489b09038b94265ad9cab2b9258,2024-12-02,-89600
bca-8b05bcd08cbbfcadffdd50625d661383,2024-12-02,44500
bca-4649d059ee2133083cd9e19ae2c9b161,2024-12-02,52100
bca-38cd9af367c0e3fdd8d7c589b33971f3,2024-12-02,68400
bca-0695a12e6c1ce23aec06fbc0a5916481,2024-12-02,62000
bca-8654d7517d481c432f2858421879bf21,2024-12-02,-57500
bca-bf96c2d9531bdc36455ccb9e46ce8991,2024-12-02,26600
bca-bc3b2028b3b8f3203c1b5f117ae92f93,2024-12-02,-43900
bca-219fd03e3b45dd3cb06695ab96aa3025,2024-12-02,71900
bca-4aa3e6cdfea78c90e16221454c669cc3,2024-12-02,27100
bca-865b25933103ee36302aa9b512363b2e,2024-12-02,34000
bca-3773b7740f8d4ee713a4beb2c9c163a8,2024-12-02,26100
bca-4312678e56e763ed11cf7d46bcd3195b,2024-12-02,10300
bca-718f763fcdfd48bb48e8eb78dd245ddf,2024-12-02,81500
bca-54d069fadfeaed27f9805fadf27aa508,2024-12-02,30900
bca-c7af8975e67a472716c2f6c327b497b0,2024-12-02,11300
bca-913f384c43d90a40e727bfe11e111ac6,2024-12-02,91900
bca-ff43884b9b1c6afbccd83cacf4e5e90a,2024-12-02,39400
bca-def1d46d893adfa74bbd31fe9aa88ecf,2024-12-02,7100
bca-56a908911b5fbb83bfad418c831d32bb,2024-12-02,94800
bca-86e323b650adeab322436c72876f8dc1,2024-12-02,77800
bca-d5226eb3353f6972c3e04590533f4b18,2024-12-02,-92200
bca-852ebca23b287d9e6a006a7e1451cdee,2024-12-02,32600
bca-56010e537d0c97ac3109e643bf966c95,2024-12-02,68700
bca-4d3b8958a2fe6db59996d41c7fa33af2,2024-12-02,10500
bca-15fc94bb061e06894c0fd2105e17c243,2024-12-02,-44400
bca-0e4df24d8665c91ad701ebfc47010f72,2024-12-02,96700
bca-0d93398b87e2df118d406b82d450e976,2024-12-02,32200
bca-9b7e960358c9d1cdd15d2cd53e0ad898,2024-12-02,-78800
bca-ab75d90e7ac0e4d5a01ba609de8c303a,2024-12-02,5900
bca-502a74425e5edbb37af7eef9b229791b,2024-12-02,79400
bca-3cdfb29ba494aa8a21a83d74e49d8efd,2024-12-02,26400
bca-84d885275c523d97df84a9777d1413b1,2024-12-02,67700
bca-6d75c57faab8365bd708c9ec0a658ca7,2024-12-02,90000
bca-ea4426ed1fac503de4f19407e6faa1b4,2024-12-02,67700
bca-e9297996e88bf1d2e8691f3ceb030d1b,2024-12-02,47500
bca-d43585f5b1b82c6fffab23bcc6f0eba8,2024-12-02,-46100
bca-d23984b142acf03d71a06cbc92e2487d,2024-12-02,4000
bca-cd29f210d79f1e0f2b6fd7d9b5cce7b2,2024-12-02,65500
bca-75f947ccaf94199d78718db33f6d2370,2024-12-02,-29200
bca-bf230cd27a621e4bf62b9b5d98ae7d0a,2024-12-02,78600
bca-2b5c3f9421aa3e60fa6000e652563353,2024-12-02,-96200
bca-84307711a1c556cea189e5133dcd8ac1,2024-12-02,14000
bca-23d93cad530b63e8960836e63e4e8dcc,2024-12-02,25100
bca-89f277de01eb2e693c3316c057dc3d41,2024-12-02,61400
bca-1d58cad91691e181d861386e80e0db76,2024-12-02,22700
bca-2ddb0a6083d4d800cf04d2963779246d,2024-12-02,-52900
bca-d5d315d070a9c7f49f98cdc867c6c06e,2024-12-02,84700
bca-97c1470956c54e7a21e82999128413f3,2024-12-02,-76500
bca-964ab8975d09dc7e5c4bf9064e9c8f51,2024-12-02,52600
bca-c58611304504dd13abd4c30fd22c7071,2024-12-02,41400
bca-6659792797890f917c56e1c5dfbbf6a8,2024-12-02,38000
bca-9d90963adea01e182df1555190458fd0,2024-12-02,71400
bca-79bd6f5812eb875738b0a9b1b31c5394,2024-12-02,42200
bca-9bea0b6c8cff33ed9ab7d36cddc386d3,2024-12-02,1900
bca-f457b0878a6b0521d6f4029878566b39,2024-12-02,47600
bca-5a0d6d613cab2bd9566e4bf589fd2fbf,2024-12-02,-92300
bca-a6c2ac0648e7de8e26748a7354581506,2024-12-02,55900
bca-5a3bd0c0a2e174d6ba91b00160805c9c,2024-12-02,27000
bca-466202122898ccadaf47634dbc148828,2024-12-02,74200
bca-526d01f3b77126c602a16f3785928ce1,2024-12-02,57400
bca-6eea5d49c2af1150212a9088996fcf68,2024-12-02,40900
bca-c1c6e5fd3a10bf92cff30d9867d7d3b0,2024-12-02,46300
bca-20075414000a3bf0933d90776402e241,2024-12-02,13600
bca-119d6ee892d8dd41557d76d00874d5b3,2024-12-02,71100
bca-d84f0269eaed89be8314e24e5aa1cd47,2024-12-02,-56300
bca-acaced67a5ed333b51c884eb5c0c698b,2024-12-02,4200
bca-5ec82b7543602859bc16246e7e20fd54,2024-12-02,16600
bca-00dc81a9c8355d249f06fffba7fb42e3,2024-12-02,56600
bca-b6c03135496cc07112f00a4b7bba31b1,2024-12-02,9900
bca-728818ae4f80a3a5c5c77cb970836107,2024-12-02,15100
bca-9fe3a5b7ebf49e53fb0d5fedab4ea168,2024-12-02,-13600
bca-5351ecba9015b996b5491a07775e50ea,2024-12-02,57200
bca-df075c5b2b7b6a62914091ae9a755061,2024-12-02,-93800
bca-3e0b0e186e8a88c89b8dcec7ee97df32,2024-12-02,13800
bca-0d19bd30e9942d62d55f9d744b143290,2024-12-02,51500
bca-a91790ba97dc8c763dfa6f641b2c1059,2024-12-02,35200
bca-9a3238d2996ce77abe0aa8fa3589602b,2024-12-02,54400
bca-b968e6f7e0e35654d09d0bafb8aeae7b,2024-12-02,15900
bca-d71fd655bcdb40fa2de5d9e911541cc3,2024-12-02,-45900
bca-1d92cec82b79bcc7405667db39c2de20,2024-12-02,8300
bca-5e2014e77fd96c3db1c339dc55406907,2024-12-02,74700
bca-4ea4ec07ac22523f9f2969befccce8a6,2024-12-02,-44500
bca-f4b02e894bdf98894c9d53c0422ac501,2024-12-02,20600
bca-085deaf5325f9113bb1cc655e9e8836a,2024-12-02,16600
bca-7eaf4e30926b85efb8460fbf6fb8fa44,2024-12-02,60600
bca-bc44f214d4d905cd1c93dbb434e2798d,2024-12-02,60600
bca-b02580b48c09180437df07c18567088b,2024-12-02,66200
bca-c44169563d7e7e274ae3861c82b0360d,2024-12-02,-72000
bca-84eb7b6a924bc2f5afdcc9bfaad35d88,2024-12-02,45800
bca-1819971e93f84ac6c6fb78e2015ee5ff,2024-12-02,-32200
bca-4c8078c2b16cbb1106958762fb7e5375,2024-12-02,26200
bca-0156722941888e3c3c501b09b9bdcf8d,2024-12-02,50400
bca-3ec43dc8f06a7af85e53356b15eb3dd2,2024-12-02,16700
bca-f6122b48d07a799fcd25d4e72a3247b7,2024-12-02,92100
bca-7f48b3c48b0ef3f1c0139d315e1c53f3,2024-12-02,39300
bca-17022520cc4f2743c74acb4ef57b25fa,2024-12-02,-33700
bca-d9889708d96a9280f83a87be3dbbb44d,2024-12-02,46300
bca-ad003271de76abf04faf368e00602990,2024-12-02,-16900
bca-00a9b96618d41e63fbda8e2b7b25554c,2024-12-02,64700
bca-75f9536aec5f7c1d209c095c828092a0,2024-12-02,-43600
bca-4d3d18abffd7a63a86d9d9aaae32cf7e,2024-12-02,-98300
bca-8029a657a9735a5d3637e5d9f6318d12,2024-12-02,-6000
bca-17af1deeb9a50f282aec0488d7f90d6b,2024-12-02,-77700
bca-52513c22e365a4d835cc1bd485f0852b,2024-12-02,28200
bca-4faacaf43946912c51bf552c43ef67f7,2024-12-02,46700
bca-f1bf631a56d11f53f65b3425e6e47c60,2024-12-02,79800
bca-a46c7a07b3e22d53a8e908d88e54b3e9,2024-12-02,19600
bca-0641388223b44c01d2d9c14a97cf04cd,2024-12-02,-87500
bca-987e15c465c5d9843cdac8fc50741204,2024-12-02,24500
bca-63b26b9832e320bcee2a2df091d3c412,2024-12-02,-72800
bca-6535d3544e93b57802e3cf4a5b4c80aa,2024-12-02,50700
bca-91461781e8ae1b868ec2b63b8b3c5d03,2024-12-02,82400
bca-09a53c58013111538e18eba307d77ab2,2024-12-02,60400
bca-e2790532d844b785615d6e67a9047631,2024-12-02,11500
bca-a3484964c5a7de032b0f39a8dea8475c,2024-12-02,62200
bca-eb2bf9a1f18647024da996d24dbd1e64,2024-12-02,29700
bca-458f6083facfb2ee8bd51f35032e0898,2024-12-02,23400
bca-0df48734f482d62e66d17120f496d9ed,2024-12-02,42200
bca-c24ce1041c0f6b72821febf96d0176cd,2024-12-02,94600
bca-6d7fda257cad33f6b1708074086569fb,2024-12-02,11400
bca-f83c946c3f0fe968150eb52973a5cfb3,2024-12-02,29500
bca-f507eb9bb6e2083a7434745934d23b9a,2024-12-02,99400
bca-045c528b5feb618d1af59362b61ffb7d,2024-12-02,69100
bca-bc5b27fe6861d4739040b4b769d10814,2024-12-02,87100
bca-99658faa67b07ce4499db099396e480b,2024-12-02,9800
bca-a8acbbeb81c36ff03c4de6659ac7e2fd,2024-12-02,75500
bca-14414349d5a3f1d72deacc9e2add011c,2024-12-02,98900
bca-dc72754aa117e7044df661e4f59cc01f,2024-12-02,96200
bca-369983590e1d32485c841dcef199fa09,2024-12-02,94500
bca-1beb8303db09b31332d642402adea8dc,2024-12-02,67800
bca-863403a3abf6f0307fa26c0e6ffe3d01,2024-12-02,98200
bca-f8ebe260fe1530f314798a949dc77519,2024-12-02,21500
bca-48b2b0286138a41b47691aeb33a88857,2024-12-02,52600
bca-8b9a45a8a88e7ba8a706df0944c6f0cc,2024-12-02,-98900
bca-e9d68a4b485fde263d5363ae74874670,2024-12-02,-25100
bca-4623498326a54bf6054fc39b56f38ffd,2024-12-02,-16700
bca-a2721f5e8d95e181c468e2571214ac97,2024-12-02,-82500
bca-2cb086b100d1300e88971ebbd1a6834e,2024-12-02,13400
bca-2ad4db6656d0bf828bb2c3a6e748b5bf,2024-12-02,29500
bca-750765ad27d09715fcc6f35e021ffe44,2024-12-02,90700
bca-d7f37d3040a69302a4093334dd45b4c8,2024-12-02,-76300
bca-2357579e9adb42d3cd0d709ca955e335,2024-12-02,71700
bca-50032c102e2fd729345623988a3bb2ca,2024-12-02,-41700
bca-43de0c1f4ef474c8d4608ffe6fbf7e46,2024-12-02,13000
bca-f3bc22cf1b50082d3c4a250e79f438a8,2024-12-02,50200
bca-850f5919d6b2181c2482bbe92ef0924e,2024-12-02,46600
bca-ae16ac10342dfe69d165a48da9a9d9dc,2024-12-02,60800
bca-f1f7963d9cd92441442f1c78941bbaf6,2024-12-02,71300
bca-29cde4c6830f910c5d96e584ec307aed,2024-12-02,48300
bca-3419891b8709a26c07b98b72803fdb49,2024-12-02,12100
bca-f3a8ac75f4d8abbe7ec8493132e2fdd1,2024-12-02,-45300
bca-bba013961a897554ca8c37a6040336b1,2024-12-02,22900
bca-4f773d73cdd8b2b1474ac169dddb62e7,2024-12-02,45000
bca-911b238bd1222278df02f6f8742ba3f6,2024-12-02,19600
bca-73e04030c935a107e6ea4a927ef6dd7a,2024-12-02,51500
bca-a372cafaa41600b9229c7c34eb7593e5,2024-12-02,3200
bca-cdfc15473145c59ab138d9d55af9662a,2024-12-02,19600
bca-8a9936f4f98fd5f1e3c5843d5c52380c,2024-12-02,61800
bca-5a02eb1051b9e582937745152e4a0865,2024-12-02,17200
bca-d0089b47591dff5a1381244c109feb4b,2024-12-02,29900
bca-d058df01d16ecc17e6b81a3b3f5f986a,2024-12-02,69500
bca-698576ab88c94580b56089bce9387ae0,2024-12-02,-84300
bca-2719c4f4cc659d1987c99cc379a4f2e2,2024-12-02,21900
bca-a251391e8bf9a42a8c7b91274b702866,2024-12-02,-49700
bca-cdc42e85b6a57a43a1188d92917fb197,2024-12-02,42200
bca-ccd5fd3c5bc2ba480ea36790a9abda54,2024-12-02,54800
bca-3af6a2b7a77c17cd0f4fdcf90320787a,2024-12-02,-15000
bca-3a8977c4145afb558109f45196948a6a,2024-12-02,62700
bca-5fb07a211f53e4527d2943f0f90d0ffc,2024-12-02,91600
bca-fcd20bba4913a560c33c4278d3808065,2024-12-02,4000
bca-4a959b73e7be63aa5110750f39dfac77,2024-12-02,-4700
bca-07ce022504f241b2c916fa31d2a74185,2024-12-02,55300
bca-c8a05f01406fffd28ad9aac3ade34231,2024-12-02,1700
bca-ef143fa59c29c48fd378175f9e6e2472,2024-12-02,80000
bca-6ace322399072314b130136615fe0d4b,2024-12-02,62800
bca-ef41c2a4228ade2c4cd0eeee2b4e310d,2024-12-02,-65100
bca-90526982c8dadde20e651b1192e78496,2024-12-02,39200
bca-a1183750f9865c5f79d53e3f4bc4eb7e,2024-12-02,-41400
bca-e331fd49433d480035f77b15a8d2223b,2024-12-02,50000
bca-81d5226c9163a08d2dc866d42031d67f,2024-12-02,-98600
bca-abf5f8b25a957443d293c11c5332e1cb,2024-12-02,75700
bca-29f71bbf1f2c1bfd70e1f3f614c60350,2024-12-02,69900
bca-fc54a513a64101bafd957e4b53c28187,2024-12-02,89400
bca-a21c0a07347eb9a27403af50ba6ce35b,2024-12-02,1700
bca-ce40da7e798d668b5fffbbfd09adb43c,2024-12-02,65900
bca-89da3f11c88c19e1b00c8b296bf3838a,2024-12-02,88800
bca-be5bd12017f21f523412449df8ef1758,2024-12-02,35200
bca-610f329b27678b2464b9a128d8e96c0e,2024-12-02,1600
bca-ca93667622a7a5f73f406c9b9125c6e2,2024-12-02,-33600
bca-8168aac935d11d3a7006a325a3d1be93,2024-12-02,82500
bca-b7da7a7f034d7a7a2a097fce90816ff8,2024-12-02,32700
bca-3e6c3da46830b397ba0dd0ad2e126318,2024-12-02,23300
bca-68693900556cec64ff0cdab48820a391,2024-12-02,10100
bca-736253c7a2d353a774c6952c3dbdac02,2024-12-02,71700
bca-8e175b88e018ee3af2fd20c05420e4b6,2024-12-02,17000
bca-4c1027f640f249f9a300b0de99a23839,2024-12-02,75200
bca-69551ed08c4718e81768c7c600e397cb,2024-12-02,-65600
bca-be2e8dd727dac0fada7bfd6a5b496104,2024-12-02,54600
bca-22e771e77706efcd3566578927cafc42,2024-12-02,33600
bca-29638646b5eca9e7d9f035bdfc76b6ef,2024-12-02,42600
bca-1276bde1bd106e342148d8c4354743e7,2024-12-02,97900
bca-5d5ee27e53bd1db3f18fb79a5e50b849,2024-12-02,95800
bca-d3f055c19ffeb9ec0fce4fa466845ed9,2024-12-02,45600
bca-26478e3c1fced8909d13a88a571dac4b,2024-12-02,92000
bca-a646d5dfebe3b875da9040a5dfd421ec,2024-12-02,-5200
bca-639b530af9665dc1c74c2efcc32eb43e,2024-12-02,41800
bca-8abdf3a48d276de8dfa5b78823fe7205,2024-12-02,75700
bca-38a1fbb302f498ac8a56927b35366c51,2024-12-02,54800
bca-e6ea8e1c9719d4faa1fdb802765967c7,2024-12-02,-11400
bca-5438d980ecc00b0c7a3b47f8952d4001,2024-12-02,6700
bca-0e60ad4cd63dce26a7fedccb2d24827f,2024-12-02,-62400
bca-258de4cb75b138efeeb09a29f42c357c,2024-12-02,6200
bca-899c84d283c491e7c848ed4e62294cf9,2024-12-02,-13600
bca-924a3acc6338848927bf1cd1be7806f2,2024-12-02,-46600
bca-7fbd4592a181f8bea066bb925b707d0a,2024-12-02,37600
bca-36228799bdf28396fce209200afe0718,2024-12-02,28600
bca-0d4bb101df8bd2b18cb163abcb22f290,2024-12-02,-94100
bca-d592585fc079373eeedc77bcad2c18c1,2024-12-02,12200
bca-e229f213d8812d0349aa9f2255714ead,2024-12-02,41200
bca-1072abef35bdcd56606367d41299b150,2024-12-02,10000
bca-90441501af73a05091b006a476ccc5b5,2024-12-02,66200
bca-a2c5bde0ea960ece923d41f8476eb0e4,2024-12-02,4900
bca-52362365aac779ea9f6d3cf1c8b810af,2024-12-02,84900
bca-dd9e72d5cde9ef5e1a1616e9fbdecc83,2024-12-02,65400
bca-fc615039ac769d60ab748e3c0eca3d6b,2024-12-02,11300
bca-5d95f7cd2aba25af9eb7724c0e7ab6bd,2024-12-02,4500
bca-512e00532a1d6b791a642b55d5f68e17,2024-12-02,35900
bca-ece3d935f7536bdf0b16cdf455f7a447,2024-12-02,94100
bca-f61def0c86f790f6727c1d47ee895896,2024-12-02,3900
bca-40a613a38862cc9f13f1af7fb99d9cd7,2024-12-02,84300
bca-bec52bb5032ba6ec0b224095c81ccdb1,2024-12-02,-71200
bca-9824bbb9575ca0737261f0546ae46d24,2024-12-02,-48600
bca-878a552082aae1683820aec98f4032be,2024-12-02,99600
bca-b9675589aab149e755a50f581d759c12,2024-12-02,-41300
bca-0dbe6b0d9256d5599ae2cd906cbcb98b,2024-12-02,11100
bca-279ae66e336b712dbb2c399272359c35,2024-12-02,4500
bca-624a82af6177dc7ee83b447f571e950f,2024-12-02,68900
bca-8065fb84397bde4adc539844ae97d609,2024-12-02,71500
bca-bbbbc92e3be2156dd8b53340d9777069,2024-12-02,4900
bca-f4ca115a95ac4327605fc2cf939e0853,2024-12-02,97600
bca-fff86d63a7ace5ac0afbd0f6c2ed349d,2024-12-02,-73400
bca-d76e89246cbd1c5ff33680621c454044,2024-12-02,77200
bca-4b06c72028ed1bb1b6940a9517d4cc67,2024-12-02,41800
bca-4784b6082ab269f5b1865eece6d4f88b,2024-12-02,8400
bca-58a36831c1e9cacc06f240f5493dc4dc,2024-12-02,48700
bca-7dbdf9f3695751b2d45c82acf5e54f64,2024-12-02,81300
bca-810dd357558cd7d2685af73595675f6a,2024-12-02,37400
bca-a92393f91aa9cc91d79199e742ed9a48,2024-12-02,61900
bca-985489c33e77b8e3513dc28349ba8a2c,2024-12-02,78200
bca-ff53a6bb3e566c27aae354c1100c4c2e,2024-12-02,78300
bca-989a889ac25fc734353182f67d412f19,2024-12-02,13400
bca-c9e978533843dc5a1d1e4d6d6cd52192,2024-12-02,80100
bca-6ed8f928a187687f6432b15dedb05d16,2024-12-02,-44900
bca-cc2b26bf52116b6f0f409f81b9a3d3e8,2024-12-02,95500
bca-6abd91700e3ba46bb2c20b922b71b567,2024-12-02,-91100
bca-4ca54ab314d1e984ed6f184af607c542,2024-12-02,-32300
bca-7dc0e8f9719f546e60fce5a289f9d78f,2024-12-02,7800
bca-00d118a9a495660d110af01ae9cb14c3,2024-12-02,4800
bca-09007f522866dd88d59111778ea09ece,2024-12-02,66800
bca-1b0b36265d2e7364d408339f64596ff3,2024-12-02,-83400
bca-87f1055b2aa7ecf7bdb65d91b41231c8,2024-12-02,95900
bca-859e7d0512542f377f00f5b3cb288a45,2024-12-02,30100
bca-d774a6c9a96df24e2f380bf6e0fb60da,2024-12-02,23400
bca-475f8d223425b81402163b58c8220ba8,2024-12-02,-18400
bca-cf18ac0d12c86f350a75273fbbf4f8d0,2024-12-02,-74500
bca-69cc703e96c6e1145a828e6e6df6eafa,2024-12-02,46400
bca-a726cceffc5a75fb487862eab2630973,2024-12-02,77400
bca-f760205ffad3505e1d387fa4a655e6e3,2024-12-02,35400
bca-a58a690efd7f47908435560bd43bc325,2024-12-02,81900
bca-34d8c649ea30ff80bddf727aa661cf54,2024-12-02,-55300
bca-f7c090b853c3cecc84e7cd480e745b66,2024-12-02,-78300
bca-8b7bcdd5de2108d2567150a03683505a,2024-12-02,69300
bca-e288f75fbc7f109f8e5fc1adcdbfd065,2024-12-02,30300
bca-86f24a89a0ceb18ff9b3181cc401cfa8,2024-12-02,5700
bca-b6e92fa333c2008fbe4569567c8b2e48,2024-12-02,6100
bca-88389362751b2b7c22c956fb0e50c61a,2024-12-02,18500
bca-3e6537ef45075a321bb962748534402f,2024-12-02,-25400
bca-8a24243513ff66aae8e2f3b3312f9918,2024-12-02,88600
bca-8bf233b60505aa3d13231cac4fbae3d9,2024-12-02,68600
bca-0cdc63e058e78cac19d5f2e900073938,2024-12-02,-51300
bca-e2ad967710dd33da6c28ce5adcd4c34f,2024-12-02,67500
bca-97c4022c207e942244827c306a015e5b,2024-12-02,88400
bca-ca1bd90894651f53731fc138c3165271,2024-12-02,71500
bca-51f3dd1ef6389cb30c9344c0e9f2a3e5,2024-12-02,-66000
bca-2c529ea9ac7ed259078c0363a8915860,2024-12-02,58400
bca-99a01d942bbec296896fc8e3cc2ea5b1,2024-12-02,75200
bca-d24f1fa7f8a52c23fdf04cfe0dbfa4b7,2024-12-02,39700
bca-9592500c1203fc53ec39447a4ced544f,2024-12-02,-61000
bca-52cdd217489b69f47469849ce7768018,2024-12-02,80100
bca-1f9726f78b65ab39db068b809a526c56,2024-12-02,31600
bca-d1f34d2d4427b957b6b21e90a0d07be4,2024-12-02,31000
bca-ea93e31d45e83d86349f09d40f9d6639,2024-12-02,-88200
bca-ca9abb882e9f0c8a6cf95fbd5563490d,2024-12-02,43900
bca-ecbee7b47244a3243d15abd94abd00ec,2024-12-02,-51500
bca-948bad84136d0aadaeb8ae04357f4e5e,2024-12-02,59100
bca-74bf48d5b9759077094799f66c68533d,2024-12-02,19300
bca-5044843dd6c00573c79458a734678735,2024-12-02,76300
bca-43dc948069acc99059409dd1c9c6ffae,2024-12-02,25700
bca-18f11ea63c75cea2d2b5afed4a218e5f,2024-12-02,-67200
bca-3974eed2c79617b89dec1abdb0d55fdc,2024-12-02,26500
bca-c8833e40f990fba16c0498dd251b3940,2024-12-02,33100
bca-37c44877178e3722ab49b502b092e30c,2024-12-02,95800
bca-2b8e675b26fe9040747be29c12e59488,2024-12-02,69600
bca-4cd72d07397e78178591139399f9977b,2024-12-02,-29200
bca-83db11abaadf2e1c188c1e2eded2ad42,2024-12-02,97100
bca-25ae28607cbb7340319c36d64aa1d3bc,2024-12-02,-76400
bca-800fbdf9c6851b1b9da443f18512eb40,2024-12-02,-97800
bca-53cef658a73114cc7bc00ddd0c253779,2024-12-02,18800
bca-e871277ce480541e066d9b972ea72af7,2024-12-02,95600
bca-13710ee40535c8b2360da04da13f4d34,2024-12-02,67300
bca-46034a76b08e281bfb01a1a5df97a432,2024-12-02,57500
bca-781285ec76160c3ac3b869fc00aada58,2024-12-02,-5200
bca-f5c68ff97f33966988635059c2442fc1,2024-12-02,65000
bca-d28fbef5fe9a211c3c3f347b51a1abf4,2024-12-02,-71500
bca-9b3dc585ba652336f84450d67070c48f,2024-12-02,11500
bca-7c152e97f6e0cb84e9854a375c59f74e,2024-12-02,-15600
bca-4e33900c8808e45e338134d1deb6d8b7,2024-12-02,32700
bca-d8ad1596f7f5efb6be8af66f986cf960,2024-12-02,-75300
bca-bc421b2c12022b3691b1fdaa4f240f61,2024-12-02,20200
bca-b89275a6d27eb25812dc60593b6f55f6,2024-12-02,41300
bca-12a6703589cfdca85cbb14f38cab27ba,2024-12-02,-6000
bca-8ff0fae09157e9549af8d23f7434d4c2,2024-12-02,42700
bca-3278fdb49d4e8b6c5f4ed8c99fa4227e,2024-12-02,87200
bca-829625da521d12e859fb4bb6b5e48f57,2024-12-02,-64900
bca-00cc2f14d0cf83887b176d1947c0226d,2024-12-02,-97800
bca-4310806fb8eeea15280e2650e23f113c,2024-12-02,-16300
bca-07a75d98e00e19e55778274eff8833fe,2024-12-02,50300
bca-a049ab2c90b533dd5b3aa3d917c00503,2024-12-02,97300
bca-5aa4dfd22fd0a5b9cda9f898ee7b4c07,2024-12-02,66900
bca-bf1bc1bdde70c62e1c6f31079b1d2efa,2024-12-02,30900
bca-ea86b09b96b1ade7644a909eec82a263,2024-12-02,4300
bca-8616d463f092dfae9bc4b8bd4d007033,2024-12-02,99300
bca-2553b7694576693bb012c78912a0f6ba,2024-12-02,71100
bca-08e8d07a5c98b2d9a64ded494756816e,2024-12-02,92000
bca-ce32ae57cc6b573f65d36175c88fa35f,2024-12-02,-95800
bca-ef76458cc9412552e98ec8212b8a28c5,2024-12-02,-65400
bca-1ac1c50a35baca661b042434c9c6ce80,2024-12-02,-72600
bca-ec7d3985e26eecca009586738f67f553,2024-12-02,-52000
bca-623570ae7ba8494d00d87273879f8286,2024-12-02,92400
bca-8eb1317dffd74e16b6915a525205ff0c,2024-12-02,12900
bca-164afd72d5236cac39c66fa967f58e02,2024-12-02,62300
bca-c095b8a2bcd086c31cb663584f900d30,2024-12-02,-19900
bca-872a141f0a5de3b7eda4f35de6606ee9,2024-12-02,14600
bca-e365c6e373c15be47aca6f986622bbfa,2024-12-02,93400
bca-824dc3696c0f82fbbfbaf49f9af8925c,2024-12-02,46100
bca-3c5304c202903bc99e5d04f62a1f32e5,2024-12-02,96600
bca-ae1ea56d5a758d2292c85096ae1ac19c,2024-12-02,28900
bca-30da6c600e0d3563039ab76995fe9ae2,2024-12-02,54300
bca-5f3da012d6420b93125ac784db449d39,2024-12-02,89200
bca-edd0088b24a22f54aa811cb35946562b,2024-12-02,24000
bca-10831627e4ca5680defadd424d6e19b2,2024-12-02,-90900
bca-0070e5cabf7480c29b30530b4b190d59,2024-12-02,-18400
bca-e316a89e0a97deac1472d46b5f50185b,2024-12-02,-13500
bca-ee00d0649c18bfb308c90d4f918bcc7b,2024-12-02,37600
bca-a083bcd44ffcb9409ce37f043c891af2,2024-12-02,22100
bca-e0f76a22cf068eae6cda218a64c7bec0,2024-12-02,14900
bca-0222fb4d960e040b8bff137686362092,2024-12-02,-74600
bca-b78cfd382ddf6308e1ef0e1e3fbb4fd7,2024-12-02,-15200
bca-f91c5c73bba9736586bf008282a0abea,2024-12-02,-47600
bca-fb5abc7ad39708a1518ac79196ddef43,2024-12-02,85500
bca-340f20c15b631dcd733013f043a57786,2024-12-02,75900
bca-e085da912485737c9cbf725814235ce4,2024-12-02,81400
bca-cd341417a9c221d17d059640b7d2e4b5,2024-12-02,45300
bca-bb314b2d29a772cfdf7f568b71da7136,2024-12-02,66200
bca-25fb142652398924994bdd158adb3ed8,2024-12-02,81100
bca-3ab605839bd684ae89c392112b10474b,2024-12-02,-98200
bca-fcc1b519e8123050c163ff70cc1eb025,2024-12-02,43200
bca-64406d8c7400cdca347174c779928db2,2024-12-02,-95300
bca-4f73da7b67eac2526b22704b3a0873fb,2024-12-02,48900
bca-4d6f0452c65ceed2685eb3fa4af7d3c7,2024-12-02,68100
bca-4a933fdcf22197b90b3411b9fbbda8c2,2024-12-02,35500
bca-c0e4598fb4bc2e15524721574e07c133,2024-12-02,15800
bca-7f81851ee1026a83bb2f80769ae64c3b,2024-12-02,17000
bca-bab2542e4ec7c2046447a7db649dc0f3,2024-12-02,75900
bca-183d4f86b44dc8c306ee03d170220ed3,2024-12-02,91200
bca-27b73654805578ef82416af6cc288e1c,2024-12-02,-30100
bca-3ccb016dba36d960ff85d710f50f3374,2024-12-02,77900
bca-9b5db20698e616546c2bbadb00c9f69d,2024-12-02,33700
bca-72c21c99a39b6eedaf2f62a740c4a7d5,2024-12-02,84600
bca-00e73e68bdc31ed6defea40d0f88c483,2024-12-02,-36500
bca-63593659c0238e3590180bf1a7b3ca03,2024-12-02,98800
bca-9f0110993e8dd98e9d1844e50f6a9c5b,2024-12-02,60000
bca-a8c5bf32458303408b5b5a18d74ec4a2,2024-12-02,-43400
bca-2e09f3ddab2e32850f68d68598f2127e,2024-12-02,65000
bca-eaefd091255dcfebb69e2a89c2043727,2024-12-02,-47100
bca-732103745def4abe03f1a2e0c3b9c97a,2024-12-02,63400
bca-72c5c3f7770b97840470d2969f0bb028,2024-12-02,54500
bca-8916b9fa040973db30f3159de8e7c255,2024-12-02,19900
bca-721f6fc4941c0aee88db464087c1f1ee,2024-12-02,56300
bca-fbe262ec4736370b5a08fd203c2100d7,2024-12-02,37200
bca-c569acaca1646ba0a9ea994cea7ea650,2024-12-02,34300
bca-e523c548e0e6078141b1c8837fb3057d,2024-12-02,67300
bca-4d03b10a120e5f20b376c30ba60e0214,2024-12-02,82700
bca-11119b8bd68ff0aa5a95ebb41a15ac33,2024-12-02,48200
bca-eed77ff7f418a6405b2edcec8c56d538,2024-12-02,-31500
bca-f64f1569d715698cc15c15fd37f8fb7e,2024-12-02,15700
bca-f9cf14b3482b8fbd6192217b0f7c0e58,2024-12-02,27100
bca-05adf96fb1f5bcfc67261814681cf7ed,2024-12-02,36000
bca-af33cacc40640f117dfeb88993866d14,2024-12-02,-61800
bca-f95851f2d3d1749455008c95efa05ac0,2024-12-02,26300
bca-6acaedf05f0c73e896ee419591ef6bd3,2024-12-02,-82300
bca-f14fd12431e08211b067dcaac2927443,2024-12-02,71000
bca-e08da79d1af9a1e2b455ef11c4351484,2024-12-02,75800
bca-c118b50be764710e4868905b59247e2e,2024-12-02,81200
bca-f3bf8752fbefcc9f9d8129856d26bc7c,2024-12-02,20400
bca-9fe6fe8826d00302f1a0b2f614caa145,2024-12-02,-82100
bca-b91a15712958765523b2fc6991accdc7,2024-12-02,18500
bca-0c5b60d0042454b3126539f772fa0663,2024-12-02,50000
bca-62e0ca1f776844ecb127f4beb8c25d41,2024-12-02,-17900
bca-179ba26625904a8efeeb6be3da8ea63c,2024-12-02,-24500
bca-83276bc1b5004d1cfe0a03a9432e5068,2024-12-02,94700
bca-f743b15c8d55dcd2e6d63d1e00be6dd8,2024-12-02,24300
bca-0b4a6baea97f887753ba244cbad555aa,2024-12-02,-24900
bca-46b920cb02dffb36f8d935bf22f8cf90,2024-12-02,11600
bca-cf862e7e052c396ae04209f24cc2ddad,2024-12-02,77700
bca-30dd2b7bc649c8fde72d66cbf3f87c2b,2024-12-02,-41400
bca-a8f69fabb194a0f07ca3aeb303438127,2024-12-02,91500
bca-cbfa65c45363ee41114b44466fb376a7,2024-12-02,69800
bca-cf9d4ce0b0b88d4fd023ddaa6f4db144,2024-12-02,2700
bca-34b988dbde9cd5eba3e54a8c2437ba5b,2024-12-02,-31900
bca-251a7fa2dab812ea25a5884d6d995403,2024-12-02,21100
bca-3f7bad829a180d6a6c214df1b0415543,2024-12-02,67300
bca-095b5b63b0192c5e1e403f57907780ad,2024-12-02,-39400
bca-bdc1454ded3f8a76460ebd949f3e646d,2024-12-02,91300
bca-aeafa395a8b4a51dfeca953f1f316d37,2024-12-02,16200
bca-b8bee03a4a025a15e9ee1365a5b1a879,2024-12-02,45300
bca-fd9996375749494d820e82d60b61c8db,2024-12-02,81700
bca-38be9fde4375f169a8df7c7be751d2d3,2024-12-02,36100
bca-9ad17125142307ee469a0dfdc9e36316,2024-12-02,53300
bca-3aa0775fa6f0f67f555a43f9afce8bb3,2024-12-02,-90800
bca-2e5e15e44303336b3fed5436c6391474,2024-12-02,72300
bca-0ad8bf0f0dd1f1f3c27bab3141a2e349,2024-12-02,10100
bca-7050374e3805cb52c1e5930a74d9da1a,2024-12-02,78900
bca-5b2168d2a074611c8e96914bb7c70346,2024-12-02,-26400
bca-bfdecac410bccea448fbef08d269a93a,2024-12-02,-16500
bca-89272d287345376cc8f2565e2c5f8c9e,2024-12-02,54400
bca-e68b4548a1f4888b4b28b297c586fd89,2024-12-02,60000
bca-760a93d9a5bd6cea1b3d8fd2a9725174,2024-12-02,42700
bca-6f940d8bcf4274fee5c7136ba1bab316,2024-12-02,27000
bca-a6873da4f5e5c92f45c2a937b1581e44,2024-12-02,18200
bca-5896a50a70e2ca43d80528280d66f847,2024-12-02,81200
bca-6f7e1b95ba6c97143084b2bd0c64fd89,2024-12-02,46500
bca-c568868c00ddda1bb7a6814b69da420e,2024-12-02,61100
bca-c369cfe5cb3d3c07e5da26d20fb997a5,2024-12-02,17800
bca-fcb0b0d9bdffb5d81da55c2c295f9506,2024-12-02,46100
bca-b429a5759825f615612f6c5619a75a4c,2024-12-02,57600
bca-7fa940ba58ef64937ec291daf8c03e0d,2024-12-02,33400
bca-cc6da331f9cd72175a84aa757bc539e7,2024-12-02,46900
bca-10625dca94ef15528567a6f0de69bea3,2024-12-02,22600
bca-3c5f62636dcd99cf215f91652d7aecac,2024-12-02,-35600
bca-b3c3dee64db6b61452d0e3248f948bbd,2024-12-02,54200
bca-4a235e228ff8be79be2ddb85fe51466a,2024-12-02,54200
bca-2356391c51b01f99c686536038553cbd,2024-12-02,68000
bca-03de03f50d082d45ffc028af7312a580,2024-12-02,37300
bca-8e4a26cb84c2c5aa075430ba96278a01,2024-12-02,89200
bca-6ce92de7ae864d78b496a1ae1931fc93,2024-12-02,-42600
bca-2eb55f93341c2a8e8afa99a45c5d53b4,2024-12-02,40600
bca-650adf5677deca3758dbe3171c810fe9,2024-12-02,56900
bca-0aa46b2893682c0353685de9622083b5,2024-12-02,-53500
bca-307423499c77b19fe24762e38413ad7a,2024-12-02,76800
bca-8503247e2f24c0e555efb9c221c3b01e,2024-12-02,19000
bca-cab168b1c2a82e24170a28933d3f8838,2024-12-02,89500
bca-abf8f4e23fa5c11fd62172911b79d75f,2024-12-02,23200
bca-8ee551b9eabf3b8b0353c263d7170efd,2024-12-02,45800
bca-e31a25c0f4bcddfc1f6e55b3e9960a31,2024-12-02,44500
bca-616d16483053b135e4f3061d7c72578d,2024-12-02,73900
bca-b0c1800fc311dbb69e6612582196f8c8,2024-12-02,-95400
bca-c0f23accc07ae83d301d26f3bee1fcbf,2024-12-02,1600
bca-41f893f16f3721f549272d088d42e5ec,2024-12-02,75100
bca-5369738640a0600706616eeecf151e96,2024-12-02,59700
bca-5cb0b0706a3b655eb6e10f296e15ab8e,2024-12-02,61800
bca-2167428a4ce97cc4a51f277a7d84e1b8,2024-12-02,-47000
bca-f3f5dc19e0b44899bd043ecb4bf5a25a,2024-12-02,10300
bca-38e863d31968d45a6f9d3a73017654ca,2024-12-02,65800
bca-c4ec0cedf8adfa267389784858b6c6d4,2024-12-02,43500
bca-aaeeac58baf871603463d1d2041ce88f,2024-12-02,5200
bca-f8474c0f094acd3ae9315a90f3ac18ee,2024-12-02,75400
bca-f979640e9d32f7db4bc014a331207eef,2024-12-02,65100
bca-a590293dce6f265d1454914d297c2048,2024-12-02,71100
bca-f5bc076ced370e4ccdbe0d7e5c37d282,2024-12-02,4700
bca-261307acec6ea5b73ce8161d310902f9,2024-12-02,41400
bca-d94e9cd943fe1c7b0eba56f5800f7004,2024-12-02,44800
bca-c0c12f65a7e9c5c11ae11ade1034125b,2024-12-02,-84700
bca-6281ee276308c5fb871a9c7aa6f346ce,2024-12-02,50800
bca-28a0b0e9d8c62c60e7fa8a1fc3575eda,2024-12-02,36800
bca-cff0ce0d46a272b23a95ae7f5e59261f,2024-12-02,-10900
bca-a360c0fc608b1fc51e3f606cc3b0acfe,2024-12-02,9300
bca-b8a788a2e431e9d13894b8e300ebf767,2024-12-02,52900
bca-13bee5383b31f90f293ae024681c5244,2024-12-02,63100
bca-1a90895e588089a8f5cd20fc8a9facc8,2024-12-02,43400
bca-0a557fa8720552be43ebc0bfee747103,2024-12-02,81000
bca-d923b0ffd9b8d92e2eb47628514f0424,2024-12-02,30900
bca-96eb5bef98166170500c55913476e241,2024-12-02,70900
bca-9b1008e4d99df39434c84d82a56026b2,2024-12-02,55300
bca-dad9d00b53ea7a0e983dbf8c2fbb8c93,2024-12-02,80300
bca-4594aab7493eea2bd0b90a7df5770969,2024-12-02,99400
bca-3aa8f489a55d6a4f8b110a803dd8c7fb,2024-12-02,22700
bca-d7f342e4737284226241c687e55820eb,2024-12-02,69500
bca-b88e284041b8280e396e1cef00331100,2024-12-02,-57100
bca-4a9a19d6ed25aed110d19fd63296f5c4,2024-12-02,64400
bca-787b734eac9ba98d0d720db0da1b6782,2024-12-02,21200
bca-defc9c011c3009a2832abfeb27fa5dbb,2024-12-02,74100
bca-e1d66812608634bb41f403633d16ba72,2024-12-02,9000
bca-cbaef8f97b4778cb69853a7247e1ca27,2024-12-02,2700
bca-585378f4d0cdb02555d5d98955f45d99,2024-12-02,49300
bca-7110fb068010863ef7263e9454efc489,2024-12-02,57700
bca-010a56a299b55b6a04b6f684106afddd,2024-12-02,5500
bca-b2a13c77e6892bd4b4bd477ca33be262,2024-12-02,27600
bca-f8944ec6c78097a8ef8af05437d62402,2024-12-02,-46500
bca-5658ab0d86db0d683311abd5141bdaf0,2024-12-02,60800
bca-217396746969e393a855529c13fc366c,2024-12-02,11200
bca-d63f3fd6907ff8154f85c5cbde222523,2024-12-02,45900
bca-a52302e40372b19d1ee2cf75aea02964,2024-12-02,-62800
bca-6910d385f22b21058f821826facfa7d3,2024-12-02,61300
bca-0e90c970dcb4a8aaaa92d373c767f0e5,2024-12-02,41100
bca-9b3b0f91ae955b952e2ee37849542cd5,2024-12-02,71700
bca-8acf268009f93c76467d760b751ede67,2024-12-02,13700
bca-96c45e8cef5b9cdd9629c24b4862a190,2024-12-02,9000
bca-fdbed4dae800045e952c143ea79d3489,2024-12-02,-69500
bca-8531281e454bf175506a1f9db1907246,2024-12-02,10700
bca-84cb901593fde437bb710e16f72be499,2024-12-02,38300
bca-3a7cc640ee2ce0b3dfbdc86035b0e608,2024-12-02,-70900
bca-d36e2b86b7d6ea69c2e4da43f34eaac1,2024-12-02,-25300
bca-e529d3837b4921fca48c90773eb6302b,2024-12-02,11500
bca-0da1da47282e0456f33d2762a1a16e7c,2024-12-02,51600
bca-ce12df0a941a1f14ebb895abe8508c1f,2024-12-02,98400
bca-2dbb8e29fa6e4d900d679d4944456363,2024-12-02,35700
bca-521be99e6b118332d5bbe826b2a75b4c,2024-12-02,-73400
bca-4e8661aceb573db432776836326a359f,2024-12-02,33100
bca-9389783aece1a61662a60beef9e25eda,2024-12-02,63100
bca-b303ef65ef1e526b2a2e45b26d875530,2024-12-02,-6900
bca-10d722944332b62b6f58695264af83d2,2024-12-02,-59600
bca-e19588fe95e503c3f772aa3f86f5591e,2024-12-02,71000
bca-778b945b55354fd20862096747d2f172,2024-12-02,-70500
bca-11ba4a8497734118503a5476c4dff907,2024-12-02,16600
bca-88d7f6f3b487e637e4e255070d16677e,2024-12-02,-65500
bca-c4340e88bb5de9f74b127a8db53e44c8,2024-12-02,73900
bca-b06d10b4b251f02d10bd481331c48047,2024-12-02,60900
bca-09f3af4304fffb3199db1f6b3ecdc80f,2024-12-02,69900
bca-26f37389bcafd2a9fa22a5601b6fa4b1,2024-12-02,-38300
bca-1f0743be4504104fa9676cf2f18691c3,2024-12-02,13200
bca-87b89b31e2baf32d01e75444f5636279,2024-12-02,-15000
bca-5308d260bbf847948855f88eebea3f69,2024-12-02,36500
bca-1f361c6028cd5e84c2a6c28afd4c6bff,2024-12-02,3700
bca-75fbb288f5724e570946a23ffeff660a,2024-12-02,99500
bca-d35949f1fd3f6c39187a0794a2449475,2024-12-02,45200
bca-d17fcd9fff07661383039c27432fe561,2024-12-02,40000
bca-a544e545f03fe008b2fda0669f989353,2024-12-02,17000
bca-d2cf2513493b49a38cc3c9a3ca503d37,2024-12-02,2800
bca-c7cef8e9621362703d9642161e037127,2024-12-02,20100
bca-ba6fea8bfa18e694e65f52cd036d1315,2024-12-02,68700
bca-f204f4a5506954ea02e7b8b089aab037,2024-12-02,40000
bca-28211ddf80d3a4e1b806d2ec2b61952b,2024-12-02,32600
bca-03b6211ad9e4f6eaa6586aa70dee5326,2024-12-02,88000
bca-05268dfec11925dee2dcd64ec7b39e2a,2024-12-02,83300
bca-af6300e576cb402b8f14b220d1c27760,2024-12-02,8100
bca-c778ea08dbab7ea5c2e8cd5a495b6e92,2024-12-02,74700
bca-6ebba2be497405e884be549fb5b15a91,2024-12-02,60600
bca-9ed09fbbdab4598af1fa863c4d9f58dd,2024-12-02,72100
bca-817d525e857251ab86705bbe74b423df,2024-12-02,40500
bca-e4735ee146a060d180775fae925a0d42,2024-12-02,39200
bca-cd60774bcb7ada88de2b6357ffbdf819,2024-12-02,29400
bca-e75981a75c248e3e15c0f820b73fea9c,2024-12-02,-53200
bca-899ba7da475898b73c876c48c13bf509,2024-12-02,15600
bca-0d1f0da74fd49c7ef41aef2e22193f04,2024-12-02,31500
bca-fda0fa37bd8a43f5a307f9fe917cd5b1,2024-12-02,76700
bca-96c1bc5d5e602094163a691a43dd3d4c,2024-12-02,8700
bca-4e1faaddddc5058ba7e6608cf983ed6a,2024-12-02,-19700
bca-8dc63064e2e2d3ac8adcbe09267dc905,2024-12-02,-24200
bca-7fe685535d660819e04788f5b1821245,2024-12-02,-57400
bca-09289c5b1651cb26e33ebf832e766832,2024-12-02,62500
bca-a63f8cfd2ae8d59af74b00a2042b010d,2024-12-02,21800
bca-027a98df5d990d5debf1517882dd10b9,2024-12-02,70000
bca-6c8c493fcaaf630dae9ddcd0ec7db32c,2024-12-02,-10400
bca-56b66fc7c0514b82023c70032ae024da,2024-12-02,-60300
bca-77b58bcf6e319bd4173620e6419550db,2024-12-02,-31000
bca-3bcb785d85a8ca718550a091b5c2425d,2024-12-02,49900
bca-52d07703a6e8a5f26e015225931eecdc,2024-12-02,19800
bca-95e2e547457e04e37438f67a60723f48,2024-12-02,-60700
bca-f7aa50da7a78ece4b243bd8de579d1c4,2024-12-02,-33800
bca-981cda5606aeddc80de0dd909190e8ed,2024-12-02,41900
bca-df12c1570cc80dd22f5594f1594dfa7d,2024-12-02,26500
bca-2c932580b66cb2207ab582206c7fb676,2024-12-02,9700
bca-b2fe1cbd9d7d33b6786b2f379d41ab7a,2024-12-02,86600
bca-16400022d1ca70a1cb36a858a06bd3be,2024-12-02,34400
bca-d4c2699428bd746ac8782af779d07bbc,2024-12-02,72200
bca-2b57d058cc8334345f4379e212563fa9,2024-12-02,35000
bca-8515d4ccaed5bdbdde793b61fd944746,2024-12-02,88800
bca-f38b2ea15c1c01edc91caeed05ccbffc,2024-12-02,58400
bca-866df65cd1d4ad2c25d101dce68d943e,2024-12-02,10200
bca-46631633bac2b3b9b26eecb811576c75,2024-12-02,36800
bca-b4e80535c54d82d0e50ac55067cadc0b,2024-12-02,14200
bca-16312d04baf558a4592ee98d7f4bc3d4,2024-12-02,9900
bca-fea2d1660493ddcb7524081618e7e85e,2024-12-02,-62000
bca-6434d8aa0965f51c2ce308f284993ecd,2024-12-02,61000
bca-799e030d838ddc0a9e7a43c95c890d24,2024-12-02,49600
bca-d7e0945e1fd4c5bd23e65ac8ee7d901f,2024-12-02,59700
bca-5a67f6e7f054926b2ab04196651d1909,2024-12-02,82400
bca-f645d41f98cc0eaee3beb78c735a8434,2024-12-02,44500
bca-855ff84e2567e2c469a0ebfb4d44076c,2024-12-02,73400
bca-cdd7cd7a8ff5262915586d0198f00a44,2024-12-02,44300
bca-554449772ed17db1d822ddbfebfc73fb,2024-12-02,68100
bca-c86ee4a471862432b6420398d04e2532,2024-12-02,10400
bca-5401a171f335d99cc55c8140c8ee5eb7,2024-12-02,86300
bca-824c835eb00879a2d3877b0d46891a1f,2024-12-02,3600
bca-99d20b615fd528c5bd44239fbba6bd5a,2024-12-02,81500
bca-a6901e304a40957795d0a1991d1b6db6,2024-12-02,27700
bca-1987903f729abe553ab5f198bf922137,2024-12-02,22600
bca-7537d971d7fec5211ec1043f7fd59ed5,2024-12-02,99800
bca-a9d1d7821264fb0ed13e46c7c8fe9f65,2024-12-02,45700
bca-de568c8738481dcc0b3e7106458a6cbd,2024-12-02,22100
bca-2b9af529441ab1b2eb422d930a5d1551,2024-12-02,-73500
bca-394ffc481e485a6eb48f35c577ab60e1,2024-12-02,86200
bca-619ab08b64ff0574709f13991b326b21,2024-12-02,-53000
bca-fd367152ad99121b98609e0e05e7ef02,2024-12-02,69800
bca-00d4c39e6e977a6fd8af671312e229c3,2024-12-02,47900
bca-044b822b005d0f003e9c748d52514b3c,2024-12-02,81600
bca-308e03b04282101fee236af999f242f2,2024-12-02,17300
bca-4e0e38a1810350c3c3becf039558ac80,2024-12-02,2400
bca-408c2368c6507474f9533223da317a14,2024-12-02,-50000
bca-71fbdb7d6fe56eb63f830ed50dbd82ac,2024-12-02,63700
bca-9b90f5829d43b5a1128c9f2ef23cec0c,2024-12-02,14300
bca-7d665966ff8bd7aa74af422896216f16,2024-12-02,-91000
bca-868fa17ff0525fd1ae3bb86480d49782,2024-12-02,95100
bca-25467a49c58ee0995f03587fa533a325,2024-12-02,94200
bca-e56eae713569e79395c9938d50594a80,2024-12-02,96900
bca-aeb31f2f153678a86983fc69b9c9c056,2024-12-02,89300
bca-aaae396b9d81e725d80711bb6a2ca403,2024-12-02,67900
bca-e754f06a7bd6274e4d6b60c719892e83,2024-12-02,90000
bca-00777b87957570121a670b33a086f731,2024-12-02,24300
bca-b63a49a1f8f3eb44d5ae1a8f75b68bcc,2024-12-02,-53500
bca-ceb7d99f3d6c741d2f70ee39a3e60942,2024-12-02,-42000
bca-f63efc397583be94b00db5d112d2ba8c,2024-12-02,88400
bca-6e38f8cf3c30be86dd6f0e9572a31d29,2024-12-02,76900
bca-eed2ed4455eb22c8e93df0a6ebf3130a,2024-12-02,99900
bca-e63ee181bb09deeb33fe08f33588eb75,2024-12-02,75400
bca-df06c5aff78c090dbe1160e10cdb9230,2024-12-02,-20800
bca-260bf83bd5857acef827bb32a3e81a44,2024-12-02,-23000
bca-97ea90b2db406b2919cc1813d891a588,2024-12-02,-44400
bca-8f7a9c3706eaa727a46ba018547ff5b4,2024-12-02,-23600
bca-1f04c0a468e3e89e2494b6271faa9131,2024-12-02,76800
bca-2b01ee11e828cf0fd71eb1765226a87f,2024-12-02,9400
bca-5bb6ea55c0f3aaab95a49e2ee45dbaf0,2024-12-02,43400
bca-0a03b18e6b2fffeba7e27dc23fd15966,2024-12-02,-80200
bca-34a04ed7bffbd452b2d95fe70ced5337,2024-12-02,84900
bca-3f817bf2f7edb23fe371c2e7fd33f387,2024-12-02,44400
bca-9beb341c6805b1b0487b6898c4c39c5e,2024-12-02,-98500
bca-01fb2b6151e869f9cfa5b099ec52572c,2024-12-02,-91600
bca-c36dbc06815aca68ae811963b01b01f9,2024-12-02,-77900
bca-ffd97828305de64cef6f0f5c7c835b72,2024-12-02,15600
bca-651f15462ac872ea826cb1cc39c4b2fa,2024-12-02,65500
bca-6bb319de0f3116af0f593eb7f25ca7e7,2024-12-02,5500
bca-6e55c29276175fe7a6a8f7363d52583f,2024-12-02,75500
bca-9ebc195bd0a77151f13c9eb258b4b666,2024-12-02,42100
bca-7fe9ee43ec19905c2481ecb77ed7cce1,2024-12-02,84400
bca-1a807657eeba16daab2689190ad07fb4,2024-12-02,43800
bca-d716aa5408a1b2762d74b46920626adf,2024-12-02,18100
bca-3ee4879039f2ecad1525c96d61c115b5,2024-12-02,81400
bca-9b7715284efe84c4c1283c5fb9477b7e,2024-12-02,-55800
bca-0ef57722f8cdffaea5c1d92150ffe7eb,2024-12-02,42400
bca-06af5bc603988c6b2ae64d759b99fdfa,2024-12-02,-63400
bca-4b0bfc6314b54dc1ef2e7a09e59d074c,2024-12-02,14600
bca-690ed6d661de97cab5d09b8c820feffe,2024-12-02,-9800
bca-fb610c2f65b2c77f287366cc2059dad7,2024-12-02,54000
bca-4e7beffbf66d9bb22703fc9157968b1a,2024-12-02,30100
bca-553575c9521f657c150063814fa2ee36,2024-12-02,85800
bca-85764e73f1b84cce402985faf3410a64,2024-12-02,35700
bca-40a014f771c1a6a2f728ffef6df62e8a,2024-12-02,58100
bca-12475c8e96f5ceaf9e55516ad2b93494,2024-12-02,72900
bca-94857c7571b4320b6571c46636c027c4,2024-12-02,46200
bca-fbf82d9b095e92181c4ae1da598cbf2e,2024-12-02,36100
bca-cc66ddf86980a46c6d1a7807401764cd,2024-12-02,33300
bca-5147fd993e8b28998c79a5c0db415360,2024-12-02,46800
bca-f40f1cab23c65e29e9559aa191345587,2024-12-02,10200
bca-1755d734773c0e7855f8cb708fedd3dd,2024-12-02,-37400
bca-1d7a24fd0b35fb3cb0bd5b4573f115e2,2024-12-02,63800
bca-70d056d5f10f359874f8f8928afda3f2,2024-12-02,57600
bca-32db77e81a85f550308c2040979d3687,2024-12-02,3500
bca-6388702454b4cc53f6851914ede9668e,2024-12-02,40700
bca-c85589578fc088cac22183dec356dee5,2024-12-02,82500
bca-7fac6ba1a1bf5dd7a6f5fed0b6cf46a7,2024-12-02,63400
bca-d6d05591dcd617c2fa85cd1c7833175d,2024-12-02,12600
bca-11f5ca2f777cfe515b3d7d37a6e5f72b,2024-12-02,3400
bca-49b084e92f48e2cb6c0d8ee65952420a,2024-12-02,33000
bca-27af59c837b2079f50cc6a18375350eb,2024-12-02,70600
bca-342b4a16bb319f18f19a7b62a9d0e0b6,2024-12-02,-99600
bca-a5ecbe8f7c150e3ca0cd21dfc63e1039,2024-12-02,-3000
bca-424c389cd26f94cc6bdd9034aebda672,2024-12-02,49200
bca-0be0537f98d4f605fc9fd200ee3eda65,2024-12-02,-19400
bca-125fe0c7e91ac1bc5dbadf45ec188286,2024-12-02,-21500
bca-ee553c6c5f905a858a714da79e07ff03,2024-12-02,60200
bca-9125a7997fa9e29cf64aaa5218bc27f0,2024-12-02,51500
bca-1f4b0a42159357b0758d2e27e1e95a06,2024-12-02,90900
bca-a5aa655a3f97dc78051bd85698d0144d,2024-12-02,-24800
bca-a072dd47f0c30f2d467c7c3c38dd8b06,2024-12-02,38600
bca-318cddcf4fc62c251b24cec744c5c405,2024-12-02,67600
bca-0c1571296266e769dafd64a46d4b499d,2024-12-02,81200
bca-c12a246667948a6433763b1401bc9ea3,2024-12-02,13100
bca-4576b977405c4444f6e657e54fc5be5c,2024-12-02,63300
bca-3b2f9c8575ccfccc3256eea202503125,2024-12-02,3000
bca-f0d03376ccf099fad8c5fba6cf630e2c,2024-12-02,49300
bca-ad579490ab99aeca565b8ebcf0f3cca4,2024-12-02,34000
bca-ea1d56d4fad5f981c73655947dd3fd77,2024-12-02,-76100
bca-41bee7171ada5d8413b406f10f3272c5,2024-12-02,41500
bca-ff76cfbca30138ae0b747dbded948ebb,2024-12-02,15300
bca-eec5209cc2b0ea1faf5e3a322eadb2c5,2024-12-02,-24700
bca-de0b0c0a930e711dd276ba5e65a870e6,2024-12-02,-63600
bca-f17c9c05e235cbd674d39661890a1767,2024-12-02,88700
bca-30bdab416a2ec9d6c9599cc2d2833826,2024-12-02,-20400
bca-2a805ca9cf647a70c96ca13c6512a777,2024-12-02,66900
bca-5313d3fc1643f420134a804179090eb7,2024-12-02,-1500
bca-d8ee16b57b0e87a9e7ab5d92047cd145,2024-12-02,68500
bca-436983988a7549911b52492451662732,2024-12-02,24000
bca-cf81316e87e4f783dd991bc1aba436aa,2024-12-02,-60300
bca-9b5b11087146861c7da78ef97eab6f5c,2024-12-02,37900
bca-2a672e9f7b058e2de352851a38ba6308,2024-12-02,88600
bca-66023be85238ca105da548305329a4af,2024-12-02,41000
bca-275af3db13535a18a7eec89685760f40,2024-12-02,70800
bca-6a3ecf3705dc9a26a277e7745c017ddc,2024-12-02,35600
bca-a173fe7ad93f6f8f7485fcd8bdc888bd,2024-12-02,5900
bca-edfd0c66c2c4d6b11054b114e2ca842c,2024-12-02,75900
bca-9fedcd59bcb5c0bc08c8e16036687b2b,2024-12-02,-99300
bca-5f27e5cd69d63b0d956f40a7b554b7f6,2024-12-02,64900
bca-24de3349fa404020167e4fcc27969b27,2024-12-02,-49300
bca-82fa580a12142a27e4d5261f2710a1e8,2024-12-02,37900
bca-789c1be865aeaca983cbc27c7034b6bb,2024-12-02,87600
bca-ec00e5e08b27d56a2dfff998f3c10522,2024-12-02,94200
bca-6301910fafc9c3386ed2bf81fa96d78e,2024-12-02,57800
bca-9bdac4b012e9d6226cf4a7faffb43984,2024-12-02,52600
bca-c5a6de7622df7997152512e714606b8c,2024-12-02,6500
bca-9e84f11d339970da9ceaf28763d1c330,2024-12-02,5100
bca-ac5f6cf137566ffc4c5fa8c64af7e7f3,2024-12-02,82200
bca-4668e59c566996096ec3324162c0046d,2024-12-02,4000
bca-2358d7cb6a9ab327c74cffe6b043606e,2024-12-02,92000
bca-c4ace0ebf4af7af5d3f74237429fad4c,2024-12-02,55200
bca-b889e5f1117686a7f01f80895a7d025b,2024-12-02,49700
bca-4eac8f33f99c6860665561fab09b39b6,2024-12-02,53500
bca-e95f3d462991c5cab03a3ba4e029e469,2024-12-02,80000
bca-ee1f89601297f4c05537079064e786d4,2024-12-02,30600
bca-4c25da124dfb1ea5824c0d3e52e88d18,2024-12-02,17400
bca-4845d8acfda2689b74d02f71904d1055,2024-12-02,-67800
bca-501e67c20f409cd8b5d0f0bd94c66641,2024-12-02,-69100
bca-82aebe38eeb246c5d2d811f1cb06661d,2024-12-02,56100
bca-000d677ef08fc349cd816753a7ee7329,2024-12-02,18600
bca-1d5c28104dd2887d71336d247fa5e71d,2024-12-02,56200
bca-027207599dd0d5e1613efa7856593a05,2024-12-02,7500
bca-597e03d2ccbb649ae33bab579cf6f639,2024-12-02,1000
bca-1988236bcaea5e3a39d75644c1634c0c,2024-12-02,74700
bca-695a7278ed4769e99511864aa03db4e4,2024-12-02,15600
bca-0510f5e8de816827d412d090f54c02bd,2024-12-02,-96300
bca-b200ba1b5dc7ef54d84ab794d6b86008,2024-12-02,89800
bca-062a9ce6230da156682026a2120d3be5,2024-12-02,81300
bca-79fef7e88d66b0b108de89ff700f6bc3,2024-12-02,-67100
bca-eadd6d8d491812bb06cf8c4939cabdb3,2024-12-02,90200
bca-19c1fdf1ea9943303b27e7904491098b,2024-12-02,30700
bca-e0b6b32f0492045fd7fc3f0ee71ebac2,2024-12-02,85200
bca-05f93220da1d29d7c59c9fec593ce57e,2024-12-02,52100
bca-5de13894770b427f8423513714d512f6,2024-12-02,60200
bca-f970932df6cdfb666cd6d2cae646a436,2024-12-02,-98900
bca-3e7591e570d5bbc741b5cb575c2a2a13,2024-12-02,58700
bca-39d981d0403661924bc51a795a70386a,2024-12-02,40400
bca-49b74575b4e220b6979780f68c214fc6,2024-12-02,43300
bca-ebcc9f553cf48343c949909fdb08c5e9,2024-12-02,51200
bca-875e0133e1e8509c32840cba7b17c085,2024-12-02,64100
bca-7d43ed0b3f15cee0144324f436d92f62,2024-12-02,-3700
bca-08a903cf36cc3ad1060ab90ae73079a7,2024-12-02,95900
bca-850ad5f1f22d0aabda621f82de5d3a3e,2024-12-02,95900
bca-475bd61bc354b1583bb0ba12a185b447,2024-12-02,-84700
bca-ddb7c70c09c371818b697f9951f06685,2024-12-02,47400
bca-6e654cfa58300283a0006233d7613d7c,2024-12-02,58300
bca-c7e7cf77b725d62187bf181697a13ce0,2024-12-02,18900
bca-51216e2c5b478496754b0f445867d352,2024-12-02,77700
bca-0f021a748b31b1fb4ab51b2921690d19,2024-12-02,99100
bca-bec8499ac4aba95fbd46c6488277b34a,2024-12-02,76500
bca-51f2e3a3aafa17b64d74f972f5d51948,2024-12-02,49400
bca-9b9c44a0d5ef0f0c3f71efde5da71a21,2024-12-02,77400
bca-19194e521b7fc38eb4b8d18bdf784636,2024-12-02,-23700
bca-5ca412fa8e3ce13016eb202da62db48b,2024-12-02,26800
bca-7e07fb498385ca7de368950544fe60c3,2024-12-02,47000
bca-dcd9e35d063a7e681103f7f03a35b71c,2024-12-02,90600
bca-80c45c408d845bc68b3f34b3c6a14d52,2024-12-02,64600
bca-aff76b6e5d2c16400d5e9578ba4c9578,2024-12-02,-8500
bca-443c9dbddae7996187464b8a711e90ee,2024-12-02,53500
bca-6c02f48ba9d2e97b0fb71606c71bea89,2024-12-02,77400
bca-c472a87f376cd43c9e07b4cb57dd42cc,2024-12-02,45100
bca-c995587aa24cbde41c04453e38a4bf34,2024-12-02,-63000
bca-dac00b99b137470e9afdc9990b3f8ca1,2024-12-02,68600
bca-9b1d40592c80c0b2e1ed68044e09b455,2024-12-02,6900
bca-58166d0ff606fd56dc686be33a0e858a,2024-12-02,53500
bca-eb21d0656ede3a838819094bbd444ff0,2024-12-02,-8400
bca-d87b70f0387db7ae6b9fc190aece7a9b,2024-12-02,74100
bca-3a8b23254621294deba981662296b1e9,2024-12-02,15100
bca-531a69758fee025e0bed786813edf74d,2024-12-02,58000
bca-89f9570b926d185bd2591c6bccaaaeb5,2024-12-02,57800
bca-842d141e0ca6a3de1bd42e94e271c3a4,2024-12-02,49800
bca-6e2b8250951d03aea06325b16a5dca39,2024-12-02,37600
bca-8db941f51f1c6074b9546967fa8e68e3,2024-12-02,-7100
bca-87f05bfd73573b272b9425925483288d,2024-12-02,-34400
bca-ff560e6e5e11ad8e5bee591189aac746,2024-12-02,6900
bca-a2bd48b74bbd0ef4da7b0482b2a2f02a,2024-12-02,-83000
bca-e5e789903529307743ae8ca2b21cb15b,2024-12-02,7900
bca-7edd13eb75c0f3f6d804aa1682cd94db,2024-12-02,76900
bca-84dc7fe78aa4bca1f9cdc44445148246,2024-12-02,-22200
bca-dc9fc35c12c384f61e9a87a9c233d5e6,2024-12-02,77400
bca-0439d193ec38bbadc309b13893f52b6f,2024-12-02,52500
bca-89ec6885cf889ae61b750c49a0a4cebe,2024-12-02,51800
bca-f2c6888b42da5e9e9bf3cf8c68e1382f,2024-12-02,48500
bca-83e7929c30a20382df9e1dd7a7d32ff6,2024-12-02,92800
bca-4623c41b21856ae2c95ad55f644c4c0f,2024-12-02,33700
bca-527c2eb9c59e7b396160dc5943965a91,2024-12-02,15600
bca-cb70c89bb8a47cdbb1ca017c42ec513f,2024-12-02,99600
bca-bac7032074af2faebd5aafde66950eb5,2024-12-02,12000
bca-caea4242b97a60666b22d020ecf6640f,2024-12-02,-31100
bca-3677f619b855ccd43f66b15a6c1b4826,2024-12-02,-53300
bca-f3623f47775ff6c02a627b23495da118,2024-12-02,63100
bca-4aeed87ef96492af42001f749529e0ba,2024-12-02,-53500
bca-37d9eca59a88bb72f5423359b7607616,2024-12-02,91600
bca-41fa854df0d079203206e18af49d0d0f,2024-12-02,72000
bca-c418da598ebe8c5912838fc57e9ce624,2024-12-02,14900
bca-55f790330d9061e94a43149312826be3,2024-12-02,51200
bca-5069978aff74833aacd8a48dc0d73ba4,2024-12-02,64700
bca-115370a9fb704e10ed8f9120ee9123d0,2024-12-02,12700
bca-0c72138d77536e862fe8f9d6109fe515,2024-12-02,-68200
bca-24ea243b5352646bd9b6d7e2ee19d02e,2024-12-02,54700
bca-7aeae7c0f10d5c4a696e21668d4d6306,2024-12-02,9400
bca-1b142e2e33f7dfe888433ff993278045,2024-12-02,95700
bca-0bf37697c00399fbce1bd2fa3548b503,2024-12-02,-85200
bca-4f05a145d4880193841db247975382c4,2024-12-02,42100
bca-507af9c0741aaad44351901a8cd9c3c4,2024-12-02,92600
bca-e53784dcc3e11419c7c5abf43dfaed10,2024-12-02,13900
bca-e37a361f9cb4c1244de4ecf20610f015,2024-12-02,-27900
bca-4eb5117405753a5cc1675c1c89870d4d,2024-12-02,7700
bca-784a243fca4200f6b1251d2bd9d06d1d,2024-12-02,9500
bca-53087ed0072ab53726d1eae124843968,2024-12-02,73900
bca-3588aa0d530fc272412ba8919638f068,2024-12-02,39500
bca-62a4d0f90e80aff9bb4ad0607e24f673,2024-12-02,62700
bca-110c67bde58ca8ef071b2ef6b0fd16ce,2024-12-02,63500
bca-bd6da3b448519dff599c613c27264169,2024-12-02,44200
bca-d3b77a5a1b9783fd38765c14cdfc3faf,2024-12-02,-89600
bca-c117cafe7e254a0a3f421a320c1450e6,2024-12-02,38900
bca-a1cb096f17fa899858ea6b9a6d3b17a9,2024-12-02,43600
bca-5cbeff4dfbea9496074d33433f0d32e4,2024-12-02,58600
bca-b447db5f57065bed435e735842ed02e8,2024-12-02,3000
bca-a9d1e9ff82f04d260190323e6b5e0307,2024-12-02,-17500
bca-ce84a0f03b87722a6b80cb2df147934b,2024-12-02,24500
bca-693ffa0f61510ba9dae658de029057b4,2024-12-02,52800
bca-cd28e8fa892c6839e56e8a0d6191d72b,2024-12-02,28000
bca-cb2f6963e2607cae1ae8aee460186213,2024-12-02,16100
bca-a24f8574e1ccc2192ebc92ced7b22e71,2024-12-02,88600
bca-9269642153b394741e8e7d8e358f7b4f,2024-12-02,-11400
bca-9051334792d1e7a639e57a86993f3b70,2024-12-02,56400
bca-534a5ee15ffade01486d523aceaf71b4,2024-12-02,19000
bca-2f7d4a361e1f44929fbff5aa8b58c4a1,2024-12-02,87200
bca-659df0ead3d2c18815cda52af7bca40c,2024-12-02,-75500
bca-f1af94c7bde4be2117143a228a74487a,2024-12-02,52600
bca-ff6abb7108f7692d6295954c7c644069,2024-12-02,23800
bca-0a0d39f52b5ea4b2292ff518e6619cf6,2024-12-02,-91900
bca-1ccf9c017d9e9b6af08faf6cb45e1680,2024-12-02,25800
bca-a93347263d06b30cc809cb11c466f795,2024-12-02,30700
bca-a6c6be626d786e64824f11c1c046c9cd,2024-12-02,14700
bca-3de4b674222b37713c9f70ebc93c3264,2024-12-02,-89900
bca-8e653d184aa605bb036bfe5ef7907503,2024-12-02,-41200
bca-7bab0e513615c088dead26e641d29592,2024-12-02,62000
bca-62340720b9d6fea486a10e2359e8653b,2024-12-02,20800
bca-e14120fb605947d9db9bb2e1dc26a5bf,2024-12-02,-78000
bca-9b568351b4183284a84383741193462c,2024-12-02,14300
bca-e9fd17f9de1e69ed784dd76191519f1f,2024-12-02,29500
bca-4aacfc64b64aaecddf0834e32b2e0cd7,2024-12-02,2400
bca-eda1b9d0e1f63ead12af9f2ce8df6da0,2024-12-02,77400
bca-ac95d57cea96d6a8823f6cd1d050bc41,2024-12-02,1800
bca-aa0d1518301ddfa2f5aa86df6c9cf000,2024-12-02,-72600
bca-56bd3f81283712c18c6fcfef53506dde,2024-12-02,57100
bca-d3f262c75d8022b9c55b2d48f607d30a,2024-12-02,-38200
bca-67e440c8379344caf63f8fa9ea1d026e,2024-12-02,38000
bca-222532befa964dbb47d9373d9947b54e,2024-12-02,-89900
bca-9291e667d65b695b5c06ee5edb636eb1,2024-12-02,-87900
bca-09225dab84ecfb97f0f7483c1f23f680,2024-12-02,59100
bca-0c3fefac8374d63f201a6729e23e7e48,2024-12-02,38100
bca-1a87a7988faffd05f99d4896862f2935,2024-12-02,-96300
bca-a22c178b22728a1008cc77c5f4257dec,2024-12-02,55800
bca-cf247bea5f394133b1a5b1963e301204,2024-12-02,14600
bca-b1be1171ab46616f29d3f38465eb5c1a,2024-12-02,75700
bca-15779b594601ed255a25d08aea812eac,2024-12-02,-1600
bca-d066f53dbea6ad07a265f9ebea79cc5e,2024-12-02,88400
bca-c6226a768d07a6c9c253040bea1847d1,2024-12-02,46200
bca-29f2a17585f1dce6d23602bfd7befb4d,2024-12-02,42500
bca-3fea6c7c439893c18ac1aa42ecf54fa6,2024-12-02,31000
bca-824b11d3a8b727983f7cbca22ff65b42,2024-12-02,-39100
bca-f737de9b355b3620f436fbcceb7da9d6,2024-12-02,72800
bca-f87754c4077ab1008b59d6010678ca83,2024-12-02,66000
bca-0d9ec75931a70e46cea4c9f7e49323fe,2024-12-02,18800
bca-8a6ca5f4a657eb621f8283577518556d,2024-12-02,33500
bca-4a1d0b52347ee244b6f59f9ad81c2dea,2024-12-02,93800
bca-ce0cac8996cadc3bfe132ef96a7df991,2024-12-02,66900
bca-e115a1635c7f2959d068f5a50e6fbe5e,2024-12-02,17200
bca-f29bc020c1004b8bc2e537ee1cfcca16,2024-12-02,-32500
bca-8f2e77127156f5e96b554e438aa130d2,2024-12-02,77100
bca-a394c56795f45385fd1267bdce2ba9a7,2024-12-02,86500
bca-11353a7ac487c1afdbb6258f9905ac47,2024-12-02,91200
bca-cfbf4c64185d9b3eb27355d866f55da7,2024-12-02,25800
bca-f97928e43425f2d4e8cc3684e265e5dd,2024-12-02,-25200
bca-c61030a55a08c58deeb28429ae25efe6,2024-12-02,-44600
bca-76b361808bb17fc0538771a7010fcd64,2024-12-02,37500
bca-0d40381d25f2d66adab01e1c6f67630a,2024-12-02,1900
bca-1108f1fe15115889998ed699624e3db8,2024-12-02,16500
bca-b123e2410e1213adae50d146c808019e,2024-12-02,-52000
bca-ff94fc55e958b3f5f7ebc78d084c96d3,2024-12-02,34200
bca-1a4a5842ffaf35224a187fe27cc6e00d,2024-12-02,-87000
bca-57d2b4e59f9e6626ab20444b597c22ec,2024-12-02,71500
bca-f7c0a64254c79e58d5309871f375e8c5,2024-12-02,31900
bca-f173f031132ad9de84d850a787a569d7,2024-12-02,83300
bca-833fc5190b0b48aa911c3ce07dc8410b,2024-12-02,54800
bca-b5f3573ee4a7159c970c0f481f11e0b4,2024-12-02,-85400
bca-b15bbdadde3159d04c82204340a69164,2024-12-02,83700
bca-81391da900f6b1bb71f29764e7985560,2024-12-02,79300
bca-febc2e921d32740d0a68acee7abcd024,2024-12-02,-90300
bca-d28a3dc45c2bcd9eeefb21ccf58f6c67,2024-12-02,8500
bca-8c2d485f2e76602da3637c1c86dec716,2024-12-02,70200
bca-f130112fa0fc33f350e3a2eb6989ba9c,2024-12-02,65100
bca-81481d91b5383b8479dbc06f01a79041,2024-12-02,54500
bca-1cb6e44976a23b3ed54642fba71173fb,2024-12-02,46800
bca-137470f4c214fab42c139558310afe24,2024-12-02,24100
bca-455cedc42714d0f44a896d2d0c1b0535,2024-12-02,77800
bca-5516441f6741d1f2975b921557eb7c17,2024-12-02,23100
bca-3c9b119d5848ad45fea4f04875a4b6b2,2024-12-02,10800
bca-74636f60bbf049e53c73a9b52755b0f3,2024-12-02,31500
bca-b1bec263e4fc31744daf2464d3cb6b81,2024-12-02,90700
bca-55c22652b52774a4afd646c0f8e17cb2,2024-12-02,2800
bca-192c30a538b77d5ceb7015b05caad805,2024-12-02,96900
bca-c8d9176f0983d5675d91e44e526594a9,2024-12-02,-21000
bca-90004b27a2a5ddf0f20c529aaf8cbae2,2024-12-02,80500
bca-ef016c3b24ac235412bffb34d6c87afd,2024-12-02,50600
bca-64ecae9632aa944cc9e16ec1f8abbedd,2024-12-02,98700
bca-f562b755a88ec355b3dcc77a08061d0a,2024-12-02,-44700
bca-e8bd87a71fdc985d3a5ff11a8b3c8b0b,2024-12-02,34100
bca-192fe9ebfdbf8f0736eb16ac46edaf01,2024-12-02,77600
bca-f9e37d5b1ff14ef2a42c3a1a011f9126,2024-12-02,-66000
bca-e741069a01fd361b3bd20ce910ca26f1,2024-12-02,8100
bca-5da8b637157695b2c30919548ce7f419,2024-12-02,-25800
bca-7e177272e7080090aa534f34633c36eb,2024-12-02,77800
bca-6ac9755f72250af7fcfb65ac195bca2d,2024-12-02,-5600
bca-56ae0b0198f40627a99b6bdbbd5dda91,2024-12-02,25600
bca-ce5e49d5cf42e76537bc49f8049c4370,2024-12-02,-27800
bca-dcb6ae46df505bbbb7a9de4fdbadead2,2024-12-02,54600
bca-bf8b3f66990089579824999709ce15d4,2024-12-02,20000
bca-450ff5156f01e528cf06c21bfbffc626,2024-12-02,24500
bca-9f8394225d4ef0c4c1fe373214401436,2024-12-02,-14200
bca-dd0b0de7437b43fda99ca004ea98b067,2024-12-02,35000
bca-c9f0c6cc945dec01c984f693864cc0d6,2024-12-02,70900
bca-ab9d24606c631445994804c373f2a7b0,2024-12-02,-21200
bca-196faf0e5d6cb718bb1d09dcf73e503a,2024-12-02,14800
bca-9c01f8ee5c800de52d4185818ce8bcc5,2024-12-02,26000
bca-686b34398ac534d0f05fe2935bfbc0ed,2024-12-02,47800
bca-8e156cf32731d98c01ee3ead1052b78d,2024-12-02,65500
bca-ca7a8ddb1b64a4fdad428c251e6283e4,2024-12-02,46900
bca-b30cbd89ca62ca011bde0bda08cd6ba1,2024-12-02,71400
bca-b91c16395a3c0907c904b94c8deba6cb,2024-12-02,86800
bca-8caec9bce068cb35652053ad88564025,2024-12-02,-82900
bca-2613bffc0cef7e641af9cdb9d2f92c61,2024-12-02,62400
bca-2c2de4824e8860f8fa430002588604eb,2024-12-02,-89800
bca-81be23bf58547c18ffd607750b48e690,2024-12-02,17800
bca-a8a5ce7e31e4e0f6a157563af082679e,2024-12-02,5200
bca-a4ad17137f77fe57bec509965d44d945,2024-12-02,34800
bca-b5d0dfcb28fe959d593351529a6e2289,2024-12-02,-1700
bca-3b4bd1c1992d3c0916ba344315e847cf,2024-12-02,20200
bca-dd09f8a522668a73186caed8b9cac646,2024-12-02,71100
bca-f36c719dabe5115896e1dbc3fc503e5c,2024-12-02,2800
bca-40f957d678361986f0e0c27377e0496d,2024-12-02,21900
bca-4eb45e1735e66305ca6ddb20a3389d6a,2024-12-02,71800
bca-492d6b3aba1574accaaf7f11f8b3f045,2024-12-02,-49000
bca-e1445d4911ae10d417a7fad1d3b8f02a,2024-12-02,4000
bca-aae39c29d297cb6fbd246507e0e38d70,2024-12-02,94300
bca-dea3fb7352b4afa292a14b81f81982e3,2024-12-02,6500
bca-69ed3d240318ad9e5f6e79e90e6f4a7c,2024-12-02,71500
bca-3271edef0fedfb3e01e91bdadeb89191,2024-12-02,-41100
bca-79a3dc5a469e6eb331f031671b052c56,2024-12-02,9800
bca-f79e1170818157d2b1d11fcec738cbcc,2024-12-02,79100
bca-348c903354c385374d20d6cce26be710,2024-12-02,48900
bca-d65479310637f5d1332ab7aef1edd524,2024-12-02,-73900
bca-a8f6e32ee47e093a6a9a0f5b1a349413,2024-12-02,-82300
bca-bf2ccd54ae7afc43ee1b1e35ebdf1df3,2024-12-02,-72500
bca-d8f263c88fd8750a762f932d80ca2578,2024-12-02,37800
bca-a265e33d45f44a5c7c1c697fea0b272e,2024-12-02,8900
bca-140fa454c9eb4ea019b44019b340e70d,2024-12-02,-34800
bca-686560bf3001fe19e4b7cd550d8ffa4e,2024-12-02,-57600
bca-5f4f0b2fa8c5f639100bd6f81e8f83f2,2024-12-02,33600
bca-c4ad9a2f5150bfb810f9a951175cb217,2024-12-02,91500
bca-5f340f58480724d998a7b9fa500897bf,2024-12-02,-40600
bca-1d2a6fdae26e64ba48554cb3acecb379,2024-12-02,-47300
bca-b8d6dc5e74490be7b4d6e533c5695d00,2024-12-02,-10100
bca-a55f4f2c205ded054e00296c34d522d9,2024-12-02,-5600
bca-000fc1aca4c438212566550487ff5f57,2024-12-02,15900
bca-c589ed9e880cbaa70b6b32010c67a120,2024-12-02,62600
bca-ea6d5339aafe1ff82220d624e8f31663,2024-12-02,-63500
bca-41fc5772261d4a3e6ebde90f27cc9816,2024-12-02,-76000
bca-7fa4ea05c40aea2446d0f2a61aed461f,2024-12-02,6200
bca-42610ddf219182638eb13370b8b1a3b7,2024-12-02,40200
bca-fa8245586a20035bdceaa32ae79b78e1,2024-12-02,18200
bca-a84cada2b80b1772d06d75db827cd532,2024-12-02,2100
bca-0901a50d2ba7636c815d941e57acc7e3,2024-12-02,-27600
bca-f2322d8e262c298f5d7682d380b94090,2024-12-02,76600
bca-35f995d9da7b55cebf9daba1a75586df,2024-12-02,55800
bca-eb37add53c8bcad0db7d7451837c94f5,2024-12-02,5400
bca-05803d586572738a6372998ed5098979,2024-12-02,31600
bca-b1ea5dba022e9ac962d357fd6df9aa33,2024-12-02,43900
bca-dd68dfa96064495bd1347a19ef37a66e,2024-12-02,15100
bca-93abbd4e8c010fd2aa6c023ad38eb10b,2024-12-02,-70300
bca-3c37002cbc5a035329a2d1c53834446e,2024-12-02,82300
bca-86294f4e61cc23bb3df0ef3af4cf4e11,2024-12-02,-66700
bca-08cffa5ff886f1c2db0c506bb745541d,2024-12-02,47600
bca-1ff43c0fe4c7d1012bcf10c58e3a72ca,2024-12-02,96800
bca-463a29f21d227681b34eb59ae0adef5f,2024-12-02,36100
bca-45f19499230485d5bca844732b218180,2024-12-02,-62600
bca-de19cb1891924bf9ccfb427396c72c73,2024-12-02,75300
bca-c2002539e2d2f8955f8f948ed8304c65,2024-12-02,61300
bca-96690704a833e1df0304f50569786732,2024-12-02,26900
bca-c29ec41be5220ab9e43870381983e94d,2024-12-02,29400
bca-7d5068eb2bf01fd582150652f07f15cd,2024-12-02,-33800
bca-88632aa53d38a383f5e2dc9178dd9d69,2024-12-02,48400
bca-f78bca43997d09d1ce94688d693320c6,2024-12-02,41000
bca-54c0775e6f60be53a58bb1b507643632,2024-12-02,-26800
bca-1d782701c63c5714cddbbc019cf59731,2024-12-02,40600
bca-b8245e1796296b9006c1b296d2143672,2024-12-02,-59300
bca-232705d38874a8c3c1ed2535bc99961b,2024-12-02,10700
bca-0d39b66560e644bb064cfdcf560583b1,2024-12-02,65200
bca-0b16eca491d6b5b4f30a2b675c02381e,2024-12-02,59500
bca-bce4475bf0ab9b5d5a159948d4476df9,2024-12-02,82000
bca-61ffe2cc803c81c9cfe14c5b937a031f,2024-12-02,97400
bca-670b723c9d2ee58bd4a189a773c4d8b0,2024-12-02,62400
bca-96197739e1e918ae86489d145a34410b,2024-12-02,94600
bca-5cf7313c9e7154050feb106f0a5ec88b,2024-12-02,-32600
bca-fe0aeaf3f3f38f91d0f027083c874ca0,2024-12-02,34600
bca-3abb90a0cc3fd6f13593b3d147847297,2024-12-02,-21300
bca-32eb26b54e1a2bc11b9f50ff08c25991,2024-12-02,-47500
bca-7c27c12a70849ce047854e80d34ed7b5,2024-12-02,81100
bca-b9d4040cd241d375053ce6b2ba7e883e,2024-12-02,66100
bca-3deacfd741fac9bdc8bf16f1782d6b39,2024-12-02,71800
bca-f7fc7d0d7b7e2936c1612c4f47e1741d,2024-12-02,46900
bca-a401293c09fe4668aa3a227a03b16ccc,2024-12-02,7500
bca-49b79bfd3ebd79ceb37c40cd323cb82a,2024-12-02,52600
bca-c44490ea777f322bd56d5a340b7167d2,2024-12-02,75100
bca-189c922d641e3d7501cd9eba89e7e420,2024-12-02,82000
bca-7deed6fa8a1bdc5280d10689acc04140,2024-12-02,-43000
bca-d1ded41c9790de15bd80ccd1cf2d0458,2024-12-02,16900
bca-14d33ee2487177df01d4e9e1966bd000,2024-12-02,71100
bca-02e19707b43d9b5bf9938c74145aa365,2024-12-02,-65300
bca-ecddff152d82d4f24ac0dfd619aeb8b0,2024-12-02,94800
bca-5de4e8ea4dca1369c8e5f71566cf7b2d,2024-12-02,-69700
bca-87cff3eeeec3fe5a07317d87e1a56ddf,2024-12-02,5700
bca-bc6ed96465b41d3f4993a70a2959ede7,2024-12-02,62200
bca-1ae0ffed90df05bff710eea45718c7e9,2024-12-02,5700
bca-eeb42e29da527fd4c2dc7852144c3bb8,2024-12-02,8100
bca-d8bb24e6dca7cefd9ab080333e29c5c4,2024-12-02,62100
bca-ef4f153ecf3091d5ee072e05f1e2f994,2024-12-02,66300
bca-98ed2d5f2b2acbd61ca2c68076e42b68,2024-12-02,-23600
bca-1618501ed01d959c50deaa06111c350c,2024-12-02,42800
bca-7b30055eff0cca6477c3b3d508da00f8,2024-12-02,94700
bca-8a44549b6065041e46838784c0d712af,2024-12-02,37500
bca-de70ae7e04885ae475ed390f6bb97062,2024-12-02,92700
bca-ebe96513d0252ee0474b49859eba48fe,2024-12-02,3500
bca-64119a4c997117a056c5850edb3cba4e,2024-12-02,14100
bca-ef3d0916bbac18749a77dba8af8b35b1,2024-12-02,-74900
bca-b984961a84b5610a56ac8221a8899ae8,2024-12-02,-50000
bca-c03279cb7aaa98dfa3c0f36b856d0f64,2024-12-02,-33300
bca-467fcd6043ad561647a36f1c6b2adc64,2024-12-02,15400
bca-2546dd4c2c6c633e8585fb68bb440cba,2024-12-02,81100
bca-b188491bb82572430e1e78dfc30dacd1,2024-12-02,57100
bca-78c3f7d39201803b366cec6933bf660c,2024-12-02,-13800
bca-a83f6211d6f3adcd7bbbe841e2f61c3e,2024-12-02,19600
bca-19deb32bcbbed41704bea7385d1338a6,2024-12-02,86400
bca-2ace20a5ff0b95d5bb346558c72ae464,2024-12-02,49600
bca-39e03fe82883e253b850f157689be289,2024-12-02,78700
bca-8b8dddb63cd49695951694ee3063dd51,2024-12-02,78800
bca-a60acb8c43ecb293b73ea2aa7709cadd,2024-12-02,72800
bca-de29e4458f627f2fae0c9207ee21461f,2024-12-02,29200
bca-df41b3c9439c986e415b7ee8eb87aae5,2024-12-02,-98800
bca-a03c24c6a6fc271905b4fae0168e846f,2024-12-02,22300
bca-8bae8d3d0337d0ebdcfdb03c532ac71d,2024-12-02,36300
bca-51c2c24c0a2c7e987a113b0ab5d62ab1,2024-12-02,57400
bca-117330736787131354ab744c51c48bcf,2024-12-02,-42700
bca-ab7f8f3b55abf76cab98c7916377b06a,2024-12-02,41400
bca-5e24b5a4337628f240742f6cb66fbdaa,2024-12-02,36300
bca-37545b1f69a2978102cd32b2a612e564,2024-12-02,86300
bca-fe7f43509ea0f8080009c349273686e3,2024-12-02,-43300
bca-6a3fd309ade45f5df1e1320d7538693e,2024-12-02,30500
bca-86ea396f06fe02fb901f6e95312194b6,2024-12-02,17700
bca-d986cdccc7681da1eb59f6d53ba5c5ac,2024-12-02,-18900
bca-d182a53f2880430e4d201def3452ef3b,2024-12-02,-11900
bca-9c9e58fda6c76b904bec82c5d887b679,2024-12-02,85800
bca-9968a72e4865628d54e5011c50ca786a,2024-12-02,85800
bca-f0d428bb2a8b5ca2b83b46bf0629d0c1,2024-12-02,5600
bca-09c30796c0e5c9a3dfa001237dbb9d8f,2024-12-02,92900
bca-9d885bfe51383b1f0852aad0055409aa,2024-12-02,1300
bca-1b01144c9afdb2a0355098b5f78f73d4,2024-12-02,37200
bca-c71a4d36528bfb8dcaa651d483bbe037,2024-12-02,84600
bca-6b05c45700754ae6e2437ad270abe2f5,2024-12-02,71700
bca-2b886045d13cf802a10b8399e1b217ca,2024-12-02,88900
bca-f984c1dce1cf9adfb472c0870caa8eee,2024-12-02,-84900
bca-ac7c3196f3142462772b8ad625c00fe9,2024-12-02,49100
bca-5fea2a28129d2257dc919dc8ee9235ef,2024-12-02,3600
bca-cc7e219f138f385a7b73905951842a7c,2024-12-02,-13900
bca-8286d3740592104ec611d29f9c66bb16,2024-12-02,6400
bca-419495bb2ee705db0d76822173ea55df,2024-12-02,3200
bca-dc0af55765e1b1fc6ab4a30675b06697,2024-12-02,3400
bca-e5dc6bd51deffc0ee6e413b4a46288e7,2024-12-02,41300
bca-13b25d1bcc1e4525572a0bdd1eba6121,2024-12-02,98000
bca-40d21da8badf599bedf7f69756f2859d,2024-12-02,31900
bca-3961d1d1056fe9a45009cebd1df6ed65,2024-12-02,65500
bca-287863c760bc12a08afdf815a87e5456,2024-12-02,32500
bca-488632236cc59b9a69c86a237d5f12eb,2024-12-02,19900
bca-57e716c9937d051be6c5bce0e531f4b9,2024-12-02,25500
bca-a10a709d48702ffdb01bcf9f18eba6d6,2024-12-02,-79900
bca-4545db3e9382ffabd3f826cdacd1efc1,2024-12-02,15700
bca-0bbf8ec037f02d54e2f50802bb09ceda,2024-12-02,79400
bca-1664ebf6fcb83c681fc7eba93000c39a,2024-12-02,73000
bca-df2e8714730c5f9912d6e8294e5e8a05,2024-12-02,-35400
bca-90ab785e4e49334275bb0d5fab86bbd7,2024-12-02,-29900
bca-9881a0ddf1fb79754afa3542a6c76ef2,2024-12-02,76100
bca-e26a74b135ad9c932e38a3afb493b1fb,2024-12-02,42800
bca-08aa07597d81713c4fc53de3330916db,2024-12-02,-58700
bca-24d2ca0fa03db74acec3736a47fbb56a,2024-12-02,-7000
bca-aeb91c809528f41a493886d0e66d69c6,2024-12-02,37500
bca-39805bb16d7dd27b2a24a545c029bf94,2024-12-02,75000
bca-88beafd3995ad9f901fb23ecc2b00f98,2024-12-02,35800
bca-1e08162e8f2140bd364010f3ae1c1478,2024-12-02,11700
bca-3acc5ad60d2f3900e5c17bcbff62c0f7,2024-12-02,-74600
bca-a9b9e49d0154492c3fc4ee80039feba2,2024-12-02,74300
bca-765675d752ba00978ca2f603a0d936ca,2024-12-02,-8400
bca-55387c310a0fea5947b12edf3993f62f,2024-12-02,61200
bca-08dfcc7a739065d081745b302a773f97,2024-12-02,-94800
bca-ba15d0c3deb8dd2b3a4758b8a7d20a08,2024-12-02,16200
bca-bf8df22b55a4a35b470c347ca62e11b3,2024-12-02,-22100
bca-a1be12ca74c5aa7dd657200e5d5ff611,2024-12-02,40300
bca-6077fdf29129c5d973ccf867a447e7ed,2024-12-02,65700
bca-cc3ebe379b63441fe645baa0edd8fb7b,2024-12-02,88300
bca-3b37cdd23dd080b59c7bca42ab8894da,2024-12-02,81700
bca-1e3cd9603fab69f3f801793b03712de1,2024-12-02,33300
bca-b584afcf2c2d3e2891c6640d2ce5b7df,2024-12-02,44400
bca-56d4b0f6c39af0b10c1e8e993e8a982e,2024-12-02,48400
bca-7d286f0f861fbaa8c0a077ef58795bc5,2024-12-02,-69900
bca-0ddfa2126621636d0b86d25ba021a3ff,2024-12-02,97800
bca-419ced3344937f5fdb2dd993ba1fb346,2024-12-02,93500
bca-06d4177d7ff0b81866b3bbefdca86fb2,2024-12-02,-18900
bca-5ad61b1de55385c5e873e1a1e2b49887,2024-12-02,29300
bca-6787f3183dc421b1ff7512c0d017cdf8,2024-12-02,92800
bca-60644adb9b6cbc803a78678629c4073e,2024-12-02,45400
bca-94b45ea618468664fab69a654a5c7c5e,2024-12-02,55100
bca-69683304a735263ee4a019cef6f830b2,2024-12-02,54200
bca-d8e3fb73391bd4d151a7238d5e5b6ddf,2024-12-02,92100
bca-157001db8ffaa515f5bdb0a4a01dc61f,2024-12-02,74900
bca-bb50024cf94d31b14141dc456f77af39,2024-12-02,38100
bca-dc221d23d1ea483e04cc71080942de1c,2024-12-02,86500
bca-0edaed861b00f0de51bb4778f3c2af6d,2024-12-02,32000
bca-60c33ebe382ca070c338c80b9b52b376,2024-12-02,66200
bca-05ec83f9eabd940e42ce3099c9532bc8,2024-12-02,30900
bca-e7e9ce61afaf550ddc77749776cc095c,2024-12-02,68600
bca-99012bada390b27c70374449b75bc2b1,2024-12-02,-10500
bca-5c700cd3be7e80a3bce8bd8fb5b9f0a9,2024-12-02,30200
bca-1e0069cc52387643ba8f6e858d1c433f,2024-12-02,66700
bca-4775ac47190438a026b5b811e8cd9f1a,2024-12-02,20100
bca-5292be89a2481f00871c1a5342333c00,2024-12-02,-5500
bca-5dccad843e021ad4be6672344a5ddc23,2024-12-02,50300
bca-81004b889fb1fac9b9cdab48866442c0,2024-12-02,66200
bca-ce3d8360be424049193e1fbbf7acf9d8,2024-12-02,6500
bca-dd9440d341df4eb3cb80801b5da692d4,2024-12-02,-99500
bca-b5235f762c9427360d284f0bdf31b149,2024-12-02,14900
bca-69cd3fb61a0b65f9510cf0d488bae626,2024-12-02,-43600
bca-e9b17c0a4b472cfcca6f9c4e4f9c1ce0,2024-12-02,62600
bca-2490d2a5630043ecf341bf39aee9b200,2024-12-02,3500
bca-495f420103c5dacf312402fae9444347,2024-12-02,9400
bca-e761118b30d4dc1d5849cd6ddc7b88e8,2024-12-02,15800
bca-cfbb85638ec85d86aef198bcd74f7929,2024-12-02,-43200
bca-b54d446713b41b33b63289c9e759b9bb,2024-12-02,-19600
bca-4f6c03849664aeb41c32c99baafc03f2,2024-12-02,27100
bca-a1e0e8a78b1fff11d72095139b4e0dd4,2024-12-02,9400
bca-581d9b7726dddaf050801201a6de2f82,2024-12-02,71500
bca-ba51e4cebd4e0b6b50e87c8bd0ee27ee,2024-12-02,88500
bca-270ba55acbd35a305112d1b14e5fe88c,2024-12-02,68400
bca-916a38e45058791b26fb69f766939793,2024-12-02,-57100
bca-61cca12dafd79deee4b9692eb4d6b058,2024-12-02,99500
bca-12436fe4c5bade39917d78b4e972f213,2024-12-02,79800
bca-bb257a9db6b1159758340b083d41a0d5,2024-12-02,48700
bca-aea1696f572f10aab670e43e5c7f183e,2024-12-02,96100
bca-1ffd6b0bfbffa2a3fb330ef553b09bb9,2024-12-02,-81200
bca-30931530f35478bab4e90787bc7a63ee,2024-12-02,50300
bca-fe58b8c724c3d351c211e3adde6a3f4e,2024-12-02,-5300
bca-9fb743931fda42852ea6c400aa9815f5,2024-12-02,-78800
bca-3f0c0e7710ef217615c628291b846d00,2024-12-02,45100
bca-668ccb158714872ba3028b2320aa5bba,2024-12-02,5400
bca-6baa02aeebf54f7f8b1e7b783e21b302,2024-12-02,10200
bca-4ce87b567543daeafd3c8ad73d0cf019,2024-12-02,33400
bca-b5dea88d07f8c0cf5c57fd01c0391866,2024-12-02,-71100
bca-d09c01fd13a0da54a7fbab6058c40c0b,2024-12-02,-2200
bca-621e509f483b816a0805964f8cd8a315,2024-12-02,44600
bca-849f7009218dfd281083ca4ccf3c946a,2024-12-02,69100
bca-189ba3bfa09c473344c40f9e5dc34070,2024-12-02,67000
bca-301f1422695c35fad42e5742c7817717,2024-12-02,69400
bca-c8ccbc0286a726b1fd67f1ac5ea79950,2024-12-02,-76600
bca-fdd7d79d321799a01e1a06ae294ac2dd,2024-12-02,79800
bca-39738aa434d47fea817cdfcb0769e6b8,2024-12-02,20000
bca-01ab52006f601c6b08201fbccd0c5db7,2024-12-02,86700
bca-43328d6e927f82e8b155f797c5a4bf47,2024-12-02,91900
bca-db7c6c23450490d973372b9415a7b9e4,2024-12-02,34200
bca-bbe3549e3a48b7ae248404d1ae901f66,2024-12-02,-79700
bca-a5f47084b38a1dbd91353f82d0556c5c,2024-12-02,-33200
bca-3f37dda16047684aecdf04b97d7743c4,2024-12-02,64900
bca-9c3abb16cfc334b8b8fc423cd52d01ec,2024-12-02,64700
bca-c7514bbd33b13b991b7b5f350d8df26b,2024-12-02,93800
bca-e897e1315b0c1fe12dbe1a587c278eb0,2024-12-02,88700
bca-065da6c4848594ec3199308999e5ab72,2024-12-02,7600
bca-afbf981b229ec907d00ce9e818766800,2024-12-02,19600
bca-73d7c8b1b852cf1fc09759a9e39d0582,2024-12-02,23800
bca-112ee92cb14528789d2fe32af408e564,2024-12-02,-17100
bca-350cb14b9e215cf49a6edd3abfe5bb90,2024-12-02,86400
bca-bcfdee9d39413aad440d5b20d801929f,2024-12-02,35000
bca-3b4ae8a867e11cb231db12e6ff5deb94,2024-12-02,62400
bca-764d65bd4308ea8054952e4e1627247f,2024-12-02,33600
bca-5adcdbc60909b447f36aa445a56bbd0f,2024-12-02,96800
bca-5e1d5037b0e79a38f922bb7528c23996,2024-12-02,56800
bca-cd47d82eb15df2f5fbf5c12d167c66ea,2024-12-02,88500
bca-c62c1d1575951f6d15775b1692f71c37,2024-12-02,45100
bca-fde1537d4520f71db1ff2018ff51fee3,2024-12-02,97300
bca-c9ac5e8cc22793c43b58817d8a9b9bc9,2024-12-02,62700
bca-917838e58ca7bad73ea4fa35b558e83c,2024-12-02,20900
bca-fc14025b958f0cfce5d17699b98c69b7,2024-12-02,24400
bca-4e62c5de0784d163c4e8fded7b42ffb7,2024-12-02,1400
bca-2ad2b28e491ed32dfb712ac58d28596e,2024-12-02,22700
bca-a15a2818569513683f107452cb674525,2024-12-02,-72000
bca-d9b5bec67120afedfb8a765f5506203e,2024-12-02,21000
bca-96dcc737efc2666ea1934049ccb20921,2024-12-02,54200
bca-7608db4c7ea866956601ba01aec43386,2024-12-02,-2300
bca-8c82e2d894ee2f6906e518c434efd079,2024-12-02,16300
bca-73dc7a091d3b4677c34d6808bf7a5af7,2024-12-02,63500
bca-4e432cddd06985e1c65af49eb529f140,2024-12-02,59500
bca-63d70853e99072b539d11d4810a024f8,2024-12-02,-16300
bca-989232861752edea1a7dbd04a529c1bd,2024-12-02,-25300
bca-a025657594ebe82e20e5505b47a900b7,2024-12-02,45500
bca-949429f993880c06a3ae2ab09d6e50f3,2024-12-02,56500
bca-2ddb3e4b8ab114bd8bcb1e53dacd831f,2024-12-02,-85000
bca-7011eda89d0e3e0c948dfe99a6b6c6c6,2024-12-02,64800
bca-e3a8dd272b1405584d0d338653c27578,2024-12-02,41500
bca-5b7bb43bc7ae39f2d280c431e94ff07c,2024-12-02,3300
bca-976bf11f9525beca9bdf74f8fc028141,2024-12-02,28300
bca-26a79cf9554b7f784a5fe4ffbd3992f1,2024-12-02,95800
bca-98520a7f57919baac8cb5acd6d17b2f0,2024-12-02,67000
bca-850437c33d9420a751f78716dee28f1e,2024-12-02,59400
bca-510a42f00c597daf3f8dc0426edd050c,2024-12-02,55000
bca-bdb3dc2bb64c41d8e89883a5356738d9,2024-12-02,90500
bca-d6c10208cafc63d5f512db62b1c01d33,2024-12-02,63400
bca-463e1da6c9a3a0abeb12b2de8930c6b8,2024-12-02,50700
bca-59db1c2c0d2fb41daa513058ddb104d2,2024-12-02,-47800
bca-4cd27e8e6eb830bc6e195beb98613410,2024-12-02,49000
bca-57385f0301e670125f53914deadeec25,2024-12-02,-77700
bca-18e906eb907c1ff777ef0daa9c9eee0a,2024-12-02,99000
bca-7a9fb4289967f7446064cb1117cfca81,2024-12-02,81800
bca-f67393e2ac47c563430c473ed808d87f,2024-12-02,27800
bca-6dffa1aae11fea804b9fe0d513ed3c71,2024-12-02,-54500
bca-5e0ebf3190917c3abba2872618c7651b,2024-12-02,47400
bca-921be9013ad34db1eccb733b168c20d2,2024-12-02,98600
bca-5787b76ff057065809079cd0fec90493,2024-12-02,-85200
bca-ee3d691b00adbd9508ffd59bf26819a7,2024-12-02,-80900
bca-fb86fd4de828bb28e8836a5111afd5d3,2024-12-02,85400
bca-1c42d4e7664736c9efc72d35ba0e4fb6,2024-12-02,62300
bca-9707c8ece2dff25ff0fef6c50d1ec7a9,2024-12-02,42600
bca-6cf94f67cd5f5f6472bcc706beab3827,2024-12-02,-22100
bca-80a96d8223fad8c5e3f8787a42841f38,2024-12-02,72800
bca-bbbf63c1a2a640a701bd690549d2c7f7,2024-12-02,81600
bca-3591bf7e3ac7a2791abfa244e03ad3ca,2024-12-02,2900
bca-782704e76d5c077bebc8b6e4f83a8d21,2024-12-02,-94300
bca-c51c2a017a0c1d307b50af888250714c,2024-12-02,22500
bca-8db42fdeb4feefc7168d37955d3e2a1b,2024-12-02,22400
bca-4d8772c02d365e6a66d5382fdd6f5891,2024-12-02,-23800
bca-826a5f23351909137c279f921e6ec238,2024-12-02,85700
bca-24f4af75e9810934946288b3c18af019,2024-12-02,-4500
bca-0ee45e26777138d8d4da58404efc5c0a,2024-12-02,56800
bca-10e027c566674f0d2df800c346d382ca,2024-12-02,-22000
bca-6397579e496d580cdf62ceae8c6ba79a,2024-12-02,94500
bca-f63391964dcb56d4a7af7bacae2a7d3a,2024-12-02,42800
bca-b4d71784b9609209014bedc46680839c,2024-12-02,-70400
bca-8688115a25ae97f5bcbfe921cd13a355,2024-12-02,-6900
bca-dc6bb2ca48fa637cb42be1055091028a,2024-12-02,19700
bca-f12ef69b9e5c7cdf75491d9299231677,2024-12-02,12000
bca-4fbde49fd3b27e1b760a014269e60b7d,2024-12-02,-61700
bca-561a2ef75f95ca2dd57b6994016a7bba,2024-12-02,26800
bca-daa628a2f058a1be4156dfc2fb0c0a16,2024-12-02,44800
bca-f6b8b73ecb84d7e324d4f0406a2fd1dd,2024-12-02,-1300
bca-f352c353f5bf0c289ff2f5acc5297704,2024-12-02,67900
bca-15057633fb51a24a93c97f0d76949819,2024-12-02,20700
bca-9652f7a82ee36b45a78492ac224db45f,2024-12-02,-84000
bca-a0790eb107c5d2e8edc7e4ebcea098f4,2024-12-02,7700
bca-d8fbf373fa634df2e619a92151458070,2024-12-02,21300
bca-a541ab3c77fea1e6b83758babd7312a5,2024-12-02,-28800
bca-86dd1012710594de9dc6175c48699a9e,2024-12-02,73800
bca-fa6ffaafbd7a024fe268f8bf8054354a,2024-12-02,22900
bca-70cc868d44057831413ad8f3e32155e2,2024-12-02,11000
bca-b7d1ad6295426c9a499961cb7fc75982,2024-12-02,-15100
bca-c6eb362c7535da27b60beae41d820804,2024-12-02,17400
bca-2c29487e90fc5e76efcd2dd07b55a8dd,2024-12-02,33000
bca-d9576ebb5da884c2cda37c521731bb1b,2024-12-02,-51600
bca-4315b5e222f7a68186eaff4226f5f38b,2024-12-02,52600
bca-d9a072c1cabfb1ab22392a318f79a884,2024-12-02,83900
bca-d213781bf1c10d282c0c875a2ba05e27,2024-12-02,98600
bca-ed270782414ca26da2b4a6f284d6c37b,2024-12-02,34700
bca-10a460e7959f1be00816726d2d0144ba,2024-12-02,99000
bca-e926ebf058a98ad2f17cd2e22fde8d21,2024-12-02,-7800
bca-4929a17e1116babb5e808f7361878a85,2024-12-02,87700
bca-5da420d54a067789e8c258952464fefa,2024-12-02,60800
bca-64882b579bb75002b965757db816b4f4,2024-12-02,16000
bca-c7dfa40cc21c6a9e55a5227501bac2c4,2024-12-02,-21100
bca-d4040bf45b87c157ac70c4041bd90a96,2024-12-02,20600
bca-ab6df32ddf38e4814e6badc4eb4a0528,2024-12-02,-12900
bca-eeb61b851cd4b0c501952886ddbbdd85,2024-12-02,17600
bca-f92d96ef269aff9e67e03e6268735d05,2024-12-02,5300
bca-9a9029f9d77fd94bad8046dc2be8994d,2024-12-02,-74300
bca-d3c9fe67566e1a7bb668595da59a822f,2024-12-02,48200
bca-b15e2c16dca3beeaab3d6669df2ae33e,2024-12-02,61700
bca-9b3eb1617d4897b396eacd6b08393865,2024-12-02,-49200
bca-a670af49793cb2af9dc9a148c8863dfa,2024-12-02,64700
bca-54e91149a8d218510f940ea5ada9cfb7,2024-12-02,8800
bca-3c55c2ce9374aa9979d9fdcccd7c0d3d,2024-12-02,77400
bca-594ef8591ddd0c2cd3c75d150b456c70,2024-12-02,47400
bca-b0f962e87e4e2ec2c4d7fbf3a92a9a2f,2024-12-02,85700
bca-9557d6d5eb8bc6390f7e2ebea79dbbd6,2024-12-02,80300
bca-6dafbf954eeb36712cacfc9afd41ea0a,2024-12-02,11200
bca-9d992e12d26c66c3573ec9e7610bffd3,2024-12-02,39600
bca-35facc1c9a23a276c56b709b2f95a31d,2024-12-02,-69100
bca-65c61f70d79b810e6d7a217e33ce7dd8,2024-12-02,94100
bca-f291d28a2617d1ccedb71d8fafd090b6,2024-12-02,-78300
bca-3d42f45d8b3c1c31f8e1bcde6222b7cf,2024-12-02,67200
bca-f78325e7bdd774d528e4ea900ed1a499,2024-12-02,-96500
bca-9bb00dfce57ebe03a6453e4c68e2d61e,2024-12-02,47800
bca-04b41d29851bd99869bfd41eb023d442,2024-12-02,44700
bca-14b2e3dced1591f94d1e9c139048fd3c,2024-12-02,-22400
bca-cd867b05a2a8791c31041bb56008bdbb,2024-12-02,7700
bca-15722014519b09646ec60630b9a6368a,2024-12-02,76600
bca-6fe6dd43e1e96916b60289aa737513a5,2024-12-02,87100
bca-51e9cbcfabc2e8f28bbf8bd15167a532,2024-12-02,88000
bca-b695739b3d52e60653c15747d86a490b,2024-12-02,-47800
bca-9e95a95e275b803d25df436c895a5b0b,2024-12-02,-73800
bca-120ec6ae71ff86b7bb4c07efd050775c,2024-12-02,14600
bca-a0a8a7ac5d5132c08d4142de6d14c41d,2024-12-02,98600
bca-352e55913f386a1941d07be9ccb23eaa,2024-12-02,-93400
bca-9baad6fa8f6e8a8cbd3527c9902ff76f,2024-12-02,-51700
bca-c2513a7e29e00b08cd68e14b71edd617,2024-12-02,55900
bca-6797534289289c5dfdde0aca60a26721,2024-12-02,-67800
bca-dee76a8a1f4afda1b8e2b2565fa6f75e,2024-12-02,71600
bca-78f87b3d4c98821557cb97982a633825,2024-12-02,10900
bca-64ade89de4682c87b29fa318a168c7d2,2024-12-02,39800
bca-67825490128a5907ab1c1c01549822fd,2024-12-02,-87600
bca-398df5dbc87dd648922e792433b3a0e2,2024-12-02,83400
bca-eeba0639fbc4d80aa0130a12c8b80015,2024-12-02,84800
bca-6d089734c42215c5e423f90203a2de00,2024-12-02,39300
bca-840c57ab9cfecc5ddd1deab91943f91d,2024-12-02,5500
bca-7f38c700864c850c280021492500d124,2024-12-02,53600
bca-5740d10a77b150e8431f62713eba9f5e,2024-12-02,-27500
bca-c4fe7a8f78e9c77b4feacfe073887ef5,2024-12-02,-65700
bca-8d0aeaac8c2ae2cac2b284c3943c8d62,2024-12-02,76700
bca-8d597b995ea329513c73f1bb93816989,2024-12-02,74400
bca-1d01f0cc734b2c1b89d34ec63f51fd2a,2024-12-02,72900
bca-8784b128f2dbae775f127cbb923fea8e,2024-12-02,86800
bca-04af16b3d92a31e5be91b7b438a33fc5,2024-12-02,94500
bca-27338c4ff08c6a73a78a23a585e4549d,2024-12-02,-98000
bca-96c2fca6dfac408dfc191808d033f2b3,2024-12-02,26300
bca-76c2c2ddbac74a932eb7b0f943166ae3,2024-12-02,61800
bca-560fa8f8daac8bc4cd1f2bbff4832895,2024-12-02,81000
bca-e37357f26d468dbf605c2f80d211dedd,2024-12-02,-35100
bca-1e1660746fc72ac0c1e61c0d792279a3,2024-12-02,54700
bca-bf716f15e098454a43a7878afaaa68fc,2024-12-02,-56100
bca-dc832d69c1ea209e575ca2dcab482a51,2024-12-02,90800
bca-b8f3615c32cf3704aefd9f60a6a264fc,2024-12-02,66700
bca-7d8cb0b418d2c8533e6bd0ed6b79c0a1,2024-12-02,1900
bca-af2223eaff4630078887a3d3059bb998,2024-12-02,-43500
bca-6696ed8555015796a1489b58c194fddc,2024-12-02,-76600
bca-b77314a4a25eb7d3c9c01d61d5e39ce7,2024-12-02,4900
bca-86a82888c6eb2be928ed6b0a6f5181b6,2024-12-02,23400
bca-c138557e1f2095907f6c7dafa79df9ca,2024-12-02,36500
bca-21a3427e0019ea4e32097cc4953c9e24,2024-12-02,32200
bca-a3dddbb7b6801ef4dbdc7a4c613a15d2,2024-12-02,90100
bca-e76ebdd37c19f900c7243fe5f1ff608b,2024-12-02,38000
bca-a556b113f9cdd8fd679b84433a632de3,2024-12-02,9100
bca-d69f38c022a1a35faec4a8f1ee632b7a,2024-12-02,-10200
bca-ef48d56df1e407799440002b7a2cdf09,2024-12-02,68900
bca-da3028297d207cad05f953df92b4e009,2024-12-02,16500
bca-63a9af2fa7a267943fe176e900db64a2,2024-12-02,-2300
bca-79ac2b73338310a26e2996318e837cae,2024-12-02,80100
bca-51ac9e10075abffbe9db6b8bf462f86b,2024-12-02,-53700
bca-b69d0ef256118dba209b9cdae67053ca,2024-12-02,36100
bca-8d5234a78034230fbcc6d2c0daae7d2f,2024-12-02,61700
bca-4be2d8a7a856910bc6dcd793bceaf3f8,2024-12-02,16900
bca-75b257dd3f740ceb519994da05b696b8,2024-12-02,38000
bca-399fb3d6c0a3be012292066d3672dbee,2024-12-02,29100
bca-1e34fd61a8fb629cc47852abf99ac08f,2024-12-02,-54800
bca-3ded8c2361423695b9f7193eb39eed6d,2024-12-02,3000
bca-d6915aa1a712b8ad9a9c92e9df5c51b1,2024-12-02,38700
bca-fddc91bbcb6b10561e7c16d2ddb67911,2024-12-02,49800
bca-7bb015639d7072f09c5a0334d71d9858,2024-12-02,48500
bca-9a29eff885c91922b650804a68a3f56d,2024-12-02,3100
bca-9eab9f04de536b9054aed4df8e904d9e,2024-12-02,56600
bca-aaa1bfbaee43d74b7679f8f34468eacf,2024-12-02,-83700
bca-798749f1a98bf164cfc867608835729c,2024-12-02,84900
bca-5210b201ec2060a600f547d3c45b0022,2024-12-02,22000
bca-de88e77cf5f09632fcd6112c5c1686cf,2024-12-02,55700
bca-1834e3e605f545238ed855ffaa782549,2024-12-02,2800
bca-4c7981f93cd3ce42df07d228a0440cae,2024-12-02,-70300
bca-57887c669bdad1c076106a819c73529d,2024-12-02,-9400
bca-d38d273a83650ca294837ebceec907a8,2024-12-02,-81500
bca-2ae0cc50a21da5a54960c87bf5e62006,2024-12-02,-57400
bca-0e1da399727e2da06dd5dba633ec63bc,2024-12-02,4000
bca-213c289cbb6919cf53a5f9e315bb71fc,2024-12-02,70100
bca-b19b7b7f9023bb76820eb263cc5a569c,2024-12-02,78500
bca-56ddec451ce6296d7dfeff9c363cfd6e,2024-12-02,87500
bca-44cb7b3400bde4dbc8bd934ed29ff432,2024-12-02,63700
bca-342af2d9f8a5ea0961bad67962f3da39,2024-12-02,73700
bca-dcb9671c13f661c16057b2e220a15fa4,2024-12-02,36800
bca-88618c8cdd79ddf7fb3d0421768a99f4,2024-12-02,88000
bca-78e2a21521b5993ecb235a1de41df83a,2024-12-02,85900
bca-0092d5de31c9de169e30d0aeb1b8bc5f,2024-12-02,89900
bca-437eff80256fd710e4e989aef7745873,2024-12-02,37300
bca-c050830b7fe013219f0210b25c9b15d1,2024-12-02,69300
bca-5fa15f21c0817b179ed2da9d891c9ec2,2024-12-02,85400
bca-5be1b978377e152bc1f683b0bba6552f,2024-12-02,6800
bca-8893d97cb5dafff6be4e727ff0860f8c,2024-12-02,85400
bca-a4b2d959d57d325f27963b7923ce172a,2024-12-02,41300
bca-141028f431ea8f949bf0105297183999,2024-12-02,-98200
bca-51036abcfeba80f3367a2de7b206d681,2024-12-02,76200
bca-85ecaa51719de434dfeacfcebc1e2989,2024-12-02,84400
bca-6c1313e293ee3149f882b71c768bd55a,2024-12-02,-22800
bca-2355195b96819019244b79450edc9c0f,2024-12-02,8100
bca-ed74206e5cf450eb1a97c4f68624649a,2024-12-02,38800
bca-b357ae56e2d76912ea4de282e86438a2,2024-12-02,36200
bca-4dcedeeef5eb983508fc9aa73d756cb4,2024-12-02,67100
bca-b11d5010f072e12c9bf9f25b0525ea21,2024-12-02,-76300
bca-7f30e6fba8fddabf87fc4db4cbefa7ee,2024-12-02,23400
bca-ae68f3a64d79781a898b83484023e29a,2024-12-02,-45300
bca-25f9f86dd5b4ca2df46f41232d1f2955,2024-12-02,37000
bca-80eb0139163c7a1450dec1d120656112,2024-12-02,-90900
bca-54e34fb4daef9354c295c7c76271817e,2024-12-02,27500
bca-521225089986962894ec7df57a082a84,2024-12-02,62900
bca-68b29fc2a38ecd5246ea3c11a8054118,2024-12-02,36900
bca-37f314dab8b3037f29adf336ea184003,2024-12-02,1900
bca-c4e19b66407e80423104c4557bfde093,2024-12-02,43600
bca-5ffce1b91c9c6267805583f14d9f09e1,2024-12-02,-46900
bca-4539d8b58b8fe9bf06b16fa8833cb01e,2024-12-02,-42700
bca-9c624bb5ef9de12abec4624c053f0977,2024-12-02,-5800
bca-dd14e0f66bbaeee9fba51b268e9af1b7,2024-12-02,9400
bca-772ee28db6ba915d4e7bb0ddccdb324d,2024-12-02,66400
bca-a3a3d3d2929d06351dae8b437da9f2d1,2024-12-02,-13200
bca-6549951eaf3546585a299eabf4967d3b,2024-12-02,73700
bca-470d9365055e776439f407fab723a812,2024-12-02,-52100
bca-faa86283a30022e5ee3c705b115ae53a,2024-12-02,-34000
bca-6c39bfea3e411fbd0ef45289f358fce4,2024-12-02,91600
bca-84ee4bd0aa4f1bd2f5e9287fe59ea23c,2024-12-02,10900
bca-0beee7c812c51f4281163ce62d280dca,2024-12-02,-39000
bca-6f26a07fc32d444cf5ba9434cd355def,2024-12-02,19400
bca-abceb2b3de327731a540a9ce5640fb1d,2024-12-02,83300
bca-bf92d5d672d04a51e31cc0a1f7a63ea0,2024-12-02,74500
bca-4a6f8874fda61f94cccc5c10722cc5de,2024-12-02,-64600
bca-038836ee40bf6ebc8f4e10479afe81c1,2024-12-02,57800
bca-72987b886396a605b219b72d0ca350e7,2024-12-02,-47100
bca-b9fb9ddd2a454def4392b7ac539e0e18,2024-12-02,57200
bca-7b122a751b4d45d5d1b8b311ffd91cb9,2024-12-02,-83700
bca-88f767a50275f05944cc1dede1f44280,2024-12-02,81800
bca-28374b3385c81b59e4e9b8c2c48930d3,2024-12-02,-25300
bca-5dddf23ca3311d7b0ef054e5a0c375a8,2024-12-02,88000
bca-4a5c2a722f07c12227d401e5788e39bf,2024-12-02,21600
bca-f57fb9dd374cb1d6391eaba8692f6ac6,2024-12-02,89900
bca-bd396e49852d7e7ef31bf97aced692a3,2024-12-02,-61400
bca-8803f456709fbb0429881e93f9e5929f,2024-12-02,27500
bca-2ba55662547521e0461710d8abd4759d,2024-12-02,92300
bca-ba2ad0296e155846f5528641979a5924,2024-12-02,-47900
bca-972b640a371eea231175291304d11b5f,2024-12-02,31400
bca-6a43a1a2819f5db779ad28bc147e188f,2024-12-02,38200
bca-9dee62292ad51ea2e36cc9559d1b945c,2024-12-02,-61300
bca-dd85f24da42ffa735608ae9ac6b8ce6f,2024-12-02,-45200
bca-90d23fb51230c0103d467652de4b5f7c,2024-12-02,-73800
bca-95f394af8d8a7c8b269d2d66da4f1dd1,2024-12-02,20700
bca-b7a2dd32c1fb8c7c4a022b35e418eb37,2024-12-02,-33900
bca-5f7906950716136f68d9224c04c4082e,2024-12-02,47900
bca-4688453d2c2fb26711c7f029ab9b1720,2024-12-02,64400
bca-fd7858826d05ae46cf851257f66c000a,2024-12-02,10800
bca-566f1db0532826df1433b6c64eb7e2bb,2024-12-02,30700
bca-1e4afa0d388d6516ff34103e1f002369,2024-12-02,87900
bca-f3869cf24d9f292608d0d96473c5b072,2024-12-02,33100
bca-a54ae45c6686a9142562380176aefedd,2024-12-02,75600
bca-2058354836110163a38e421d2dfde9ff,2024-12-02,28100
bca-9e29800dd33afb6131eddd298d758a4d,2024-12-02,4600
bca-f3c227c3a8429626461fd9ed57025b35,2024-12-02,43400
bca-6c9e19c9aafa2b93c40cb3cec488b4b0,2024-12-02,73500
bca-3bf754b642e1a3ed69b5b547e2b25cbd,2024-12-02,44600
bca-460167397a94d582162481c49e4c62b9,2024-12-02,-87100
bca-509b764e657ee7282e09b99fde21c6ca,2024-12-02,-90500
bca-56644ec76587335a73943cec269c9dd8,2024-12-02,56400
bca-9fda07eead1f03bcf68dc8660937c611,2024-12-02,78800
bca-6901fb2e8d964435c35552272a42ae3f,2024-12-02,62500
bca-fb0492e40bb9469d5395b627a4cb87b6,2024-12-02,87400
bca-3b9b6e374053d215eb8a3de0538defea,2024-12-02,61300
bca-b97615ec50dfee8c290f08f5cf9de272,2024-12-02,77600
bca-a2ab1281bfcb36f29770ccd08073c3e3,2024-12-02,4600
bca-f8588b6379f1b63d6833b54d5ce288e3,2024-12-02,-61600
bca-f1a869845690e739e4cdbda1eb5c5c8d,2024-12-02,-48600
bca-95de5f4fd925ef729bdd702f45f4dd45,2024-12-02,21500
bca-f99272bc6ce9703e0810fa938988efd0,2024-12-02,74200
bca-b3b4d5c3bb98793dc6664d037138123f,2024-12-02,60900
bca-63f86c6fefd6f32164378ba1f9a8417c,2024-12-02,96500
bca-eec83057bae4e3b565156accf878f766,2024-12-02,21100
bca-6f25e7ebd9545f8a2d3777801638c00a,2024-12-02,96900
bca-bedead676ac288f02dfe3ba646c6e165,2024-12-02,3500
bca-f30ede0ec99f01f2cd2a1f8464d6c8c1,2024-12-02,65900
bca-910c0da53a95231c69350e38ffe7ee07,2024-12-02,4300
bca-250cefaa5ecbc764ef6519d4a63a7eef,2024-12-02,39700
bca-51fb11d2bb4d4590e25b4e75cb829fa4,2024-12-02,86200
bca-2466b67982643509e63e29373da66c9a,2024-12-02,9000
bca-af58802b947e768c5a27e7be80c1c3dc,2024-12-02,15200
bca-8a8efb17fc4d051ae8b1c6108b278f1d,2024-12-02,58100
bca-72cefb4e26b984353adeddaed46b1430,2024-12-02,-92500
bca-b2719d98b3c8bfb57f5e93f4d7854e48,2024-12-02,54000
bca-b8c47dad8a7a58e71db0403ca06ae504,2024-12-02,77700
bca-31691e0be016a15441f8e078108d697a,2024-12-02,60700
bca-a879161025bc1868a8a49a293bb61112,2024-12-02,-53900
bca-9f265491dd0af79a2212fd285bc64c5f,2024-12-02,23800
bca-3fc60896d036e5f6596b5b4cc0906dad,2024-12-02,-10400
bca-575a15716ef2f6ae77cfe9a36ba47fef,2024-12-02,5700
bca-8a276d31bbb8bf5c4ca78a0459aa7419,2024-12-02,-28500
bca-8d995f9c47b3915e825d92a3f202fdfd,2024-12-02,99900
bca-3c37175b02e595b23c810e2e62718aea,2024-12-02,70600
bca-5ad60b7ebdb33e2ad0a1d91dd9964351,2024-12-02,-34400
bca-83f17f2142cd6ce1e74f6562556e38c7,2024-12-02,61900
bca-5eb2499177c2b6eaf326a680264f9049,2024-12-02,76600
bca-f4ae9a996f2534f6404a68299e61497b,2024-12-02,68400
bca-a257f72866ea3a1389644bef352b1582,2024-12-02,17300
bca-f6abd0e2cd0412048e32953f29ac94c2,2024-12-02,17100
bca-03750df50ac796821ac3588047206d0e,2024-12-02,80800
bca-09fe676891a2e3d95154d64a2bc5b50a,2024-12-02,98100
bca-0c331d69290de764daf75efa73acd564,2024-12-02,77100
bca-78b59787a172f0b85c70d06369467822,2024-12-02,56800
bca-287a89e5e47d609e3c770b3e64cb2e03,2024-12-02,-9300
bca-ef1997ca972ced812789f179c3d1de0c,2024-12-02,80800
bca-3038bd0c0e08c74e9cc008d6f08d6205,2024-12-02,75100
bca-a0263e7863cc977cdece27950ca6bd2f,2024-12-02,71400
bca-44311b1a7782e55ef599aa0838e596ab,2024-12-02,87500
bca-04a19e7e9b1857fb191bd22f7f9e6b81,2024-12-02,-21900
bca-169ab7a218f10c5a0a61258ae65d6031,2024-12-02,-81800
bca-2deb5f81a9d01eb48ba5ddf80c51c257,2024-12-02,83500
bca-0bf34b9a58a4db6c2d965126a02a2f68,2024-12-02,10800
bca-084740ac6af22f71481a25c47cd9efb8,2024-12-02,3400
bca-b20a524c0f99331dc46287ab4691f89c,2024-12-02,35200
bca-c442a43552f3a9de119987130e95f959,2024-12-02,93700
bca-7f10f358a74aec43ab122601b6a4a83c,2024-12-02,-84100
bca-4698afddad3ad412e6f20207324852e8,2024-12-02,21400
bca-ce71816e4843fc0318cc538672fd3bf4,2024-12-02,-38800
bca-ee1ef2b6216b016600fec83daa8305ef,2024-12-02,7100
bca-43bdccd2488d5269c4205f96fcf87c4d,2024-12-02,15700
bca-e890971a5906f68cb87d38a197c35f87,2024-12-02,97100
bca-3cface5505d477baada81326b7737620,2024-12-02,-16800
bca-443019e8ed96035e83233bd92a30219a,2024-12-02,87600
bca-0e418f4c6d52cdb59e03e43d67cecbac,2024-12-02,60900
bca-97018d402ebe01e1df414cf7b4b10301,2024-12-02,86000
bca-3db7301630d6a1b52a88b83477ef4086,2024-12-02,6800
bca-8c189812bb12cdac341c3893faf7798d,2024-12-02,71400
bca-dfd86fc8624ddb4d2ef2e3dfbf4093e3,2024-12-02,40500
bca-835e54d52dd698913e8c071753fa2913,2024-12-02,-81000
bca-d0d0831109dd4eb82bb946b637cd00c0,2024-12-02,63200
bca-6c442eb415b2cd305e879ce9ea2059e2,2024-12-02,65000
bca-0cf89db28db6c52cc8974c2a4bfe08d5,2024-12-02,50300
bca-b9f5be96d3a2d2973f9684cd7bf7e98e,2024-12-02,85500
bca-31a083ac41b1bc645fc0573bc80b9892,2024-12-02,-12600
bca-ed6955a93ec952f7c888cadc4fbadfa1,2024-12-02,32900
bca-ee768a7b3b6bba1b9625585c48d84290,2024-12-02,3100
bca-6c340aace7c5cf0535e9f8ec144f9309,2024-12-02,57400
bca-72d2537c97e04fadf5ec65e17af23ebe,2024-12-02,-45500
bca-641fe609175bc2c107d174fa82dfd629,2024-12-02,99200
bca-0b047082cdbddf28e7ba5baa41ddacd5,2024-12-02,67200
bca-6953386ae7f7d4a9b800e826c4e6b185,2024-12-02,-63100
bca-3d50d0853e1f0b19e36244294eb2d153,2024-12-02,49500
bca-804861d5734474a384ea2458cd74ff7c,2024-12-02,99900
bca-57bc86d871eea0349913e47e9d237c6a,2024-12-02,11900
bca-f63efcfef7b72996c7cbf5e353002786,2024-12-02,86900
bca-5a236382167234e900a3a6b29181fd88,2024-12-02,3500
bca-87a8fa8410692902700fddb961b1a5d1,2024-12-02,13400
bca-11b023994385609ab7358de781be3e85,2024-12-02,88100
bca-cd665f09ea3b667b6d1790e412668acc,2024-12-02,-71400
bca-5e3c212f42a86f4dca0be6345e292982,2024-12-02,59400
bca-bb2fb5d32f9f5f3ec8835b3e90d31022,2024-12-02,54700
bca-07cfaaf33ad4d2c1e5b5db57c6f1af26,2024-12-02,-95000
bca-16788427ffdb2751275577aa430bcb96,2024-12-02,77800
bca-3a16119d9f093061cf330f404bcbb61b,2024-12-02,60500
bca-ba8e930eeeaba1e5f6ae1232ed30031b,2024-12-02,11900
bca-52b3ff70840473854a4848fe51c209e1,2024-12-02,35100
bca-7c7a6d857ba822417caba323bde0e63e,2024-12-02,74900
bca-6be3156206e12ea07cbc79f6e0d33b56,2024-12-02,47400
bca-af31cc3d0210fd048ff0f36eadd2204f,2024-12-02,25200
bca-3bf9527fe0ebc18354008a7dc813805c,2024-12-02,62200
bca-324414a18184744a27e49da502223d72,2024-12-02,29900
bca-f204ff96804cee441a185152c9e8af4f,2024-12-02,88600
bca-6243fa9e75efd5b9dca5fce0da4973b6,2024-12-02,-21700
bca-de5f0025a1fd0a2601263c4f8f31959e,2024-12-02,-57300
bca-feb7b1e4a68ba5222c225b40449b7ebd,2024-12-02,98000
bca-a86ddbac7458ec35d2b944ce075334be,2024-12-02,-44700
bca-1bd292f5e7a4463ea8c4abe2c53e08a2,2024-12-02,32100
bca-4b1d9d7057ea8d3d7a6fbb2877231413,2024-12-02,18600
bca-3fe66f0b247a2266a4b913fb39a70ead,2024-12-02,46300
bca-eda1046214a55b484c07cf6eccea9d36,2024-12-02,13200
bca-83b8f87f426f8c4c834602d21486323a,2024-12-02,65900
bca-01e2e314e91fe502ea424a643908afaa,2024-12-02,-11800
bca-9e541970c656f5a65ec5f7ebdf80833d,2024-12-02,56400
bca-42ab52a28ced65a000389a140ad417f6,2024-12-02,39300
bca-039f7431e1644943548977803424c208,2024-12-02,96600
bca-4a5e840905b3b7e81dccb49de14521d2,2024-12-02,-82200
bca-098581fc622bdceb95e4db82daa58598,2024-12-02,29900
bca-05be59cc4b9904f354deeb3e2a93710a,2024-12-02,73400
bca-3dce6f8d53a14e192bf220c9025b0975,2024-12-02,30000
bca-cb40bf2c602a37228a65c307c63eb46e,2024-12-02,-29000
bca-3f533237a60375c02f142be37758b03f,2024-12-02,28500
bca-5291ef09ce820a747a1cc7d54cc81472,2024-12-02,82000
bca-baa1eec90eb0b37427007f448fdc9aa1,2024-12-02,-72000
bca-9c63b4952662d0faa86474642521dd0e,2024-12-02,10300
bca-af23fef1d86b0d6ee64dcc9e23f9ccea,2024-12-02,93900
bca-f34b534419521c1674ef6e7959cce4d6,2024-12-02,59700
bca-555441baed49663accc5f643f79b08b4,2024-12-02,67300
bca-bf7c39273c295a28c033929d8d6e0ace,2024-12-02,-36500
bca-3728fed7a04138bd6b3b278a83540474,2024-12-02,-32400
bca-214a719532a573bec475cd7f0674f70e,2024-12-02,-26300
bca-47f4804c2e8faae328a28757c348e479,2024-12-02,69200
bca-caf3d8f480410ce6d8bf237365b5af63,2024-12-02,64000
bca-72b745852c7a54b0140eabdfd9e707f3,2024-12-02,34100
bca-994b6051e492234043f3a04233cbe3d5,2024-12-02,-66600
bca-5b198628df2a4c7ab27a842225a94eda,2024-12-02,-94100
bca-a115942f35a281a34313a060eca75220,2024-12-02,23300
bca-1302d261ce016e49684d50211264ba44,2024-12-02,75900
bca-9cde55d4b742209b75a25d6f2d391a57,2024-12-02,41800
bca-9a70ef2500c1fc6581309b449af01f52,2024-12-02,23800
bca-a36f9a41040e0d6a8bcfe9318a3d9c46,2024-12-02,45800
bca-1593a1204acfdf60e0be702f344fc235,2024-12-02,-96700
bca-1a565f63bc1cd275dc7ee53bb8378d53,2024-12-02,5800
bca-42fb44cca3b5d2f770f744acdebc98c8,2024-12-02,44200
bca-fd4bb26a63f11ff110946de51b711953,2024-12-02,64000
bca-ea78240c99b1f05f62edb1c99d8bedcf,2024-12-02,5200
bca-2448dde133614740267101f6b7d9cdc1,2024-12-02,-78700
bca-8edb1e44d517b21a308f6162c5e1a1cf,2024-12-02,-85700
bca-0cb4e07afd1b9e965c9c7ccdd6b711fb,2024-12-02,-33300
bca-742d36554d8c508eae8f1f77cbc201a3,2024-12-02,22000
bca-0912e4f36e320c7782346ef132fc3fbf,2024-12-02,-84300
bca-2347afe289260618a2242e93e17fbadd,2024-12-02,52000
bca-ed5b85badce365352945a5ce35dddb73,2024-12-02,12500
bca-576f2c412c41bbfce56c47161009ad64,2024-12-02,4700
bca-a4c40616dcba836514863f048db74906,2024-12-02,89000
bca-ab92e010be219e08a6281b1f56914334,2024-12-02,-17300
bca-92be5eca0c69e6158ebdd8ee5ad8696d,2024-12-02,24400
bca-96a88095c69b13d31d79b80aef25ac96,2024-12-02,42100
bca-aedb1c994eb10de8ce9508331b86559e,2024-12-02,53200
bca-9b38874e6a3beee41965f068dbbab7ab,2024-12-02,-71300
bca-c80db84a4a8d520537743f46299d0ab0,2024-12-02,-11900
bca-27289479016dc50b6ddccba706595bf3,2024-12-02,-52800
bca-3320776a26c55b9320aeda0febdf00e0,2024-12-02,-33700
bca-91cb352affe6fddb0326fe6f8eba2c8b,2024-12-02,57800
bca-8ec210295620629361a7bb4693807d6e,2024-12-02,66300
bca-5c344a06cab4bc6cb9a96e70f9fed687,2024-12-02,18100
bca-d2841f638317ffe2ed9b74cffb7793af,2024-12-02,67000
bca-5ec55db654b8361a0a2b802240dc274d,2024-12-02,64300
bca-dbadad588e3b83b58bf90ecb9d5e718f,2024-12-02,77400
bca-949fa3ea038ffe94c4477614b87c2d4e,2024-12-02,68400
bca-eeb6a76b1d52eb2bd440a4624398fe02,2024-12-02,-68600
bca-aba983fb03a2e46d2466763a1bd9b100,2024-12-02,-86200
bca-6ef1d28ef3c247d00ac1b6d75a34d3f0,2024-12-02,23100
bca-2bb2352a0f2bec21eb48c457967a7e5a,2024-12-02,-29200
bca-0c93866a73476c96995fcb03db44c5ae,2024-12-02,48800
bca-1cbf0e7ced0986423cd9095b2f15a826,2024-12-02,21900
bca-847ea3af29042e1aa9051579f9547e66,2024-12-02,17100
bca-0b324e9dc8950beda37b4af7ec4632ed,2024-12-02,49500
bca-0ef10ede6b927a4eec6da8278afac8fb,2024-12-02,14400
bca-40fe14027573ab667298139e9c1e2ac5,2024-12-02,69900
bca-4fc8e6d9c185d98b50b457633085bd95,2024-12-02,13700
bca-dd605451ccb0d2db7b200fe50f799a52,2024-12-02,74600
bca-a2ea8baef9412c970ffe67e06c93db09,2024-12-02,-94600
bca-1a5decf557cba691fc979263ff9f6f27,2024-12-02,49300
bca-1228f7d13d551dba611f88f951fb5025,2024-12-02,68100
bca-15c0e9472950c8917f0189843be5b88c,2024-12-02,81200
bca-c5b1260d4357ca0e59d855e5edfcbd99,2024-12-02,12800
bca-962537715c8e8bd5f95d5a2692d529a2,2024-12-02,24400
bca-32e505ee62d2b2fdb5bf210426458e2e,2024-12-02,60800
bca-ad07aadf4a625eb679dad7fe934cc704,2024-12-02,-89400
bca-830be24f02dd84c38db4439f8c1b9a4d,2024-12-02,11300
bca-30c92bf4e1de0a2b46dcd5434d2b7bc7,2024-12-02,2500
bca-c9704e2aa43be123494bdcac6dcccc72,2024-12-02,36100
bca-43e287833c5aeee9ea3365099787f43a,2024-12-02,55200
bca-b70e0fe7939f9340f6c43f5c2904c35c,2024-12-02,11300
bca-238f5b425f46cb04a5cae86b54e95eb1,2024-12-02,-26500
bca-27b265d1903e97f1838e8461b0cd2458,2024-12-02,-96800
bca-968be42e6e5bc2215352bb95aa62e824,2024-12-02,-43100
bca-6c7543cbfef01a43ccc0467190e6e47b,2024-12-02,1300
bca-f22dca26fee97f4d6d3974f070ce1738,2024-12-02,-52400
bca-240f807663aab86192dfc695446ee352,2024-12-02,46900
bca-1a5b613814dc1d6e58a52ee8812d46e1,2024-12-02,92800
bca-8fa94692783e8e8e685e3604e5678228,2024-12-02,93400
bca-440582af6c2a24644997009844eb0328,2024-12-02,83200
bca-94ece3853af9f02a35c3bad227160912,2024-12-02,29200
bca-648ff223cffdeb32abc756080faa853a,2024-12-02,7400
bca-5603912ea0c51fc5dd51126305d8ec7c,2024-12-02,50700
bca-55837b62ca2b985e0d52a581200f50e6,2024-12-02,23300
bca-7a2c7754032dd286034a19c743c6d268,2024-12-02,51000
bca-b99535b2bd9e0f94f92bb3af3bfa4a4e,2024-12-02,37000
bca-f07fafecc34ff8d3837dada7ab62013d,2024-12-02,48700
bca-34d13183564af6d6d8ded79875077b40,2024-12-02,10300
bca-c12a7253b1d32ba916770097223855a1,2024-12-02,-30900
bca-e4d741cdc5c6ed431a4fa7018308860e,2024-12-02,71400
bca-c86278ab18e5944aea800c13a0d46314,2024-12-02,33800
bca-d7a9e732f7f4592d7f62da22333506c3,2024-12-02,22600
bca-5aba68ab7339ec416328c226d7c80e13,2024-12-02,65400
bca-62a7ee4dd70c2054ef63a7634c7affe2,2024-12-02,-95200
bca-01fab71f9a81e2e707ee9867f1040cf3,2024-12-02,13100
bca-a9b570688c5ab34ab660d201b38d34f2,2024-12-02,80700
bca-52084b85eadf55b50ccc078184f35f96,2024-12-02,-51100
bca-13f1449cb679f2296884f6759e75442b,2024-12-02,13600
bca-189c073369dc6e9d8a4277fbf09d98b2,2024-12-02,-50900
bca-16a8c5e137e1d318f56837e04838a6ba,2024-12-02,33900
bca-ab0b9be67678425b381a2b34c3e64a27,2024-12-02,97400
bca-1e3bb0a57512283821fd17b5f175e0e5,2024-12-02,56700
bca-efbb3efe8ed2dc77458dfe43e1135c14,2024-12-02,25100
bca-2014041401f5cd31d5820b86fbf90b8f,2024-12-02,92200
bca-292327aac3e45ca60bc6ba1727af57b4,2024-12-02,51100
bca-86560f6214365dcbc5183af4b6610427,2024-12-02,54700
bca-1d5388d2a1a58300643177323eb16f95,2024-12-02,34800
bca-ec1afebb4d269b9c8e5dafdff4ed5d6d,2024-12-02,-89900
bca-1f444a8ab05921db8ea43056f49a6174,2024-12-02,79600
bca-ff9f24eb52aa3680da86b51f28a4ba90,2024-12-02,-9200
bca-e632d52896e979d04dd30cf86b9c9993,2024-12-02,23700
bca-221193d35d1fa7dfd83d90cf0088976d,2024-12-02,95100
bca-5ff766f06d6a2046944aea4cedc0f372,2024-12-02,31200
bca-5095f6de26ad7c9e5a753d4ebc0c7a50,2024-12-02,-41400
bca-8b0c3b3914923dc788aad8f13c8ac335,2024-12-02,47900
bca-71162a6a7a8fe5e05c6259c7c3eac90d,2024-12-02,78500
bca-b7d76ad1fbf57ad2aa4a91b858297284,2024-12-02,11800
bca-a06116de1c0550ae3f0e573ef3509c89,2024-12-02,33800
bca-7ddd4e58e3aa37070d35548f447e5cc6,2024-12-02,96400
bca-08ca7f0e6ec3bc9314f430ecbcd0baa5,2024-12-02,-81900
bca-7016173afd763391ac33a8175e18afac,2024-12-02,1300
bca-90361e305d95897684f2a42b72a4d7f8,2024-12-02,66000
bca-705d432f6d68eff0ac56502a3397f438,2024-12-02,43200
bca-a9ed3b7bc4db9402532a19d89f8971e9,2024-12-02,40500
bca-833a011dd3330692eca1647283f420ab,2024-12-02,24800
bca-e90aeade9a2f2064463071a18a6a9405,2024-12-02,86700
bca-d6d8ffb24ec1fb0dc51dcc757770ef6e,2024-12-02,45700
bca-0d7e6560e222df298ea2bc7a2b20ad8d,2024-12-02,74800
bca-9b1d1e095892803427ecef1f863c7cfb,2024-12-02,81900
bca-d7648119e68161cb6509fd0e083617bb,2024-12-02,60500
bca-62420c9d0b0dd63a97e6a37ff7410370,2024-12-02,13700
bca-d584d5a89ed6f199c34a20e70dfe959a,2024-12-02,55500
bca-5ba54d2dd9b46217af29dc53f43532e5,2024-12-02,97200
bca-17eb3c0f2a308f2274f711fce524be08,2024-12-02,20000
bca-478f137d52c578a0c9423133a9bfac92,2024-12-02,21400
bca-1ae23e1f9e54cc9a628002f0a04cc6ef,2024-12-02,4000
bca-f5a46421ba21a9e2d9e1466c9522e6b8,2024-12-02,31500
bca-fe63b17d44b839045eb67326f0568018,2024-12-02,76700
bca-c460d9b0160ba41ffab272b65ed45c94,2024-12-02,40800
bca-451eb9cbbe78d2b788e7c340974275b4,2024-12-02,15000
bca-d18a53e14d2f2f5a43f12850eeb730d1,2024-12-02,57500
bca-247cc72607e562558d03acef0fb4cd09,2024-12-02,58800
bca-60ed7987369a26abfc43a487f2c41421,2024-12-02,11800
bca-334cb15a46acfba8415cd34ef6227da2,2024-12-02,4500
bca-d15d925e86851440f2a30a9cc102c9d4,2024-12-02,85900
bca-dd865cf41ad74068d69a627264faa3e0,2024-12-02,-21600
bca-e1d9982b6764945250adc46a1a8bd4c1,2024-12-02,-18600
bca-217c903bed823bb3dc04d45b27ca2b9c,2024-12-02,90700
bca-d762c169a783be554e5a610e9b67c0f5,2024-12-02,52700
bca-d51882bed9ee101eff58cc31d545a07b,2024-12-02,-85700
bca-70583c934f5632de2c8f57a077d90349,2024-12-02,-60200
bca-6dfc722d23cd2dd62ba9467751a8c7d4,2024-12-02,-49100
bca-afc6105ab1773ec26ef987f963603cd8,2024-12-02,55200
bca-3a368d620e9f5b0866bf60003dbd43f3,2024-12-02,34200
bca-fa9d14abfb2b91669184dd9ebbfc4a5d,2024-12-02,-82600
bca-c769a2aed9aa42a344bfb53e4a7f8d40,2024-12-02,55500
bca-8db439832e18cf3915ef6b2e547c6f72,2024-12-02,47600
bca-6f2556286e8b836c8e91ebb69c234990,2024-12-02,39200
bca-6674c887e38c0dd44d3e026b603bbc94,2024-12-02,49400
bca-3c1aedeb733aa02f6f025f0a0aa7d9a9,2024-12-02,46900
bca-798b706712eb25ebc087e3f017c4c2e9,2024-12-02,5600
bca-8a055c458d6b41e84066fc8ce5b52e41,2024-12-02,14600
bca-a9881caf31f57b2837c812dd37d642f7,2024-12-02,-99200
bca-4b30f740bc7f5826a56a0e43ebb2f089,2024-12-02,18400
bca-062609f6b77ff71f93caa2b8e8dd27a8,2024-12-02,15300
bca-fcb0635d79678d30a4fba1b42704502d,2024-12-02,77800
bca-9d2c2f468d18be97e8cd9ebcef026051,2024-12-02,-16800
bca-ecffc1bd0c5b260c8bdf62aca1e1c5d2,2024-12-02,44200
bca-25b8344650e2631f9c71c541cd4ea12a,2024-12-02,37600
bca-172c53c8f9f40ecd79d1d40f32502dc9,2024-12-02,62900
bca-01eda970a239d17d2122978160008703,2024-12-02,-73100
bca-33cbe5e7cac083e0a8a5a24393f1015d,2024-12-02,58300
bca-15a5d76d9e6494f0e00caa2b0d912d42,2024-12-02,-64800
bca-fbd59d089a0b0ac520f37d0789d25ae6,2024-12-02,58400
bca-ff3a19d0f8c69e4df2fcea0c52e9ec62,2024-12-02,43100
bca-2b738ada7c53cc78ee2c175b8d21d26d,2024-12-02,-77300
bca-b196e6552c12e6980a4169ce4ea5da9c,2024-12-02,2000
bca-7f25f576c9ae7bc2ecf9a15b143e615f,2024-12-02,4400
bca-017fc0bdef310ecd5c19b853880aed91,2024-12-02,66100
bca-f937b456bbabeca90e3b34bae02e88ec,2024-12-02,28600
bca-9e86380d8c7a5aa32f13231455eaa5d5,2024-12-02,70800
bca-46135e2fe3cee26705fa2e47ab3ea64a,2024-12-02,38100
bca-f66be284c4efe779ee0b204e367edb50,2024-12-02,-59000
bca-a069ed133fef047ffe33c976a4dd9ac9,2024-12-02,83000
bca-d3e0afbf17027db61f7fce4b70517336,2024-12-02,29400
bca-3ac18260be986ab070ff8d7491394df8,2024-12-02,-57200
bca-8c55560456bdbed29bc30eaaeb7c24a0,2024-12-02,48600
bca-2b30b968c7677ccf9411db37374d1200,2024-12-02,52200
bca-3bf3239aab5772f9728c183bba13621e,2024-12-02,39400
bca-39055b56fe4c6a5b1a1562c75d979564,2024-12-02,65900
bca-fa60769335050cef543ebdb7c2d96c25,2024-12-02,57300
bca-7b71adf0c2d92c0a761e137333691934,2024-12-02,59500
bca-8ef6de63ce800a434ff588d3e8893754,2024-12-02,20900
bca-50d4d7ccdccaef8fabd40eef1c5a0262,2024-12-02,36200
bca-78c338c8ff41f89f24798a0fcaa75458,2024-12-02,12100
bca-d6c0f441d208be71dd2512f495fd2fc3,2024-12-02,37900
bca-e0026bc9624fb057372daade1a238829,2024-12-02,20300
bca-7b7cc9b8b9def6505d3aed3156b92b19,2024-12-02,-9500
bca-89e707cbd45bc812af93f58fee3024ba,2024-12-02,82500
bca-22b293c3aa2cb1131e9f239ae91bc9ca,2024-12-02,19900
bca-08330d1b1bd94b708e1bd983e8067ae1,2024-12-02,56100
bca-8626bebb8f0d5043b41fac6b5f195ddb,2024-12-02,28300
bca-e1c9b053e7d78793bf0e3e3d1e40d3ff,2024-12-02,-13600
bca-2b9d6f9e819524de6f66f406e35e59a8,2024-12-02,98800
bca-77448f2099c79f758c7aba8cd12fdd77,2024-12-02,70700
bca-f86b815c4c9a27c0f31f9ead5f583bbe,2024-12-02,77500
bca-6879b93e406cf0866ae2f0be36e7d487,2024-12-02,73100
bca-8640caf6aef6f20a53c4440350ceda00,2024-12-02,8900
bca-ba3aca13d42f40fe030b4d9768466d54,2024-12-02,18400
bca-6c8911a5e6df4ccdb880d2bd3e115a60,2024-12-02,35600
bca-8ab881c54538442508a67c988a5d2866,2024-12-02,-83400
bca-faa7ed7431b5a0cf9e3760972e4a16fd,2024-12-02,-10700
bca-62b8ccfaf2b29b2d13a7b0d37ef86941,2024-12-02,91400
bca-32285f12a554073b5208667c77bc3006,2024-12-02,-23200
bca-0a86effca126399b7111227b3f1bbdbb,2024-12-02,81200
bca-b671cbe51bcf8ab8603422070b66076a,2024-12-02,57800
bca-bcf3847f04ed05149976dc1d0df017a4,2024-12-02,-93200
bca-2ea18f1092978bb008f755f10cc4dffd,2024-12-02,-54600
bca-1d0a7c8cba31dbd4210cae51f25c5f21,2024-12-02,24500
bca-77254aaeb872e3542e437335dd4a51ff,2024-12-02,-68000
bca-e31041867d41bf4f411d0b6a786a2cc0,2024-12-02,86800
bca-f882de047ce36986ddcf79efafb2441a,2024-12-02,86000
bca-c31ec55d387890b7bb90c49c77ceb800,2024-12-02,-72900
bca-af58872070892896d91be1fa047e5707,2024-12-02,-71900
bca-db2295273f493342dfdd0239d2bc5ede,2024-12-02,-9000
bca-d3b020357662af4c87ec8a31e73d76ac,2024-12-02,71800
bca-ee101cff2ba4a4b4661cdcf3b65d7d6c,2024-12-02,63300
bca-e9e05e61690f9d67a183e2422910feb4,2024-12-02,90500
bca-2b565f0f23b7770eb14033776f67c543,2024-12-02,56600
bca-4ea8be7e10d1b7bd59a0eae34db6f629,2024-12-02,-95700
bca-7468c0aab835904c03334f2c1636d98d,2024-12-02,57700
bca-128fb09df91fd59c448f35f7fe54d996,2024-12-02,22900
bca-229065ecea8b29208734a4c9bc1ed963,2024-12-02,-86700
bca-99d62865652613287a984c4fca234556,2024-12-02,35900
bca-b06daeea884a62ca3062ecff94d71680,2024-12-02,74200
bca-65f672891b154e2986d559f129e36f09,2024-12-02,55900
bca-2ce186231b7b2ee56ed2e1c765b34f60,2024-12-02,-70200
bca-fa26236472d6f080ad962022f07728d4,2024-12-02,-41700
bca-c5191dd350d8eebd644848c4bc509529,2024-12-02,54100
bca-af328e008734f1a445ae5f9edd861ee0,2024-12-02,-64200
bca-7ac1378d388fe7a20a6a096300fd7ec0,2024-12-02,39500
bca-361ad5a5a275be0e41ac5efcc7755a56,2024-12-02,44900
bca-2378e8b807dd89b56771f550565bbe49,2024-12-02,64900
bca-8df6d22cf59be17784a96ea96baeca17,2024-12-02,82700
bca-280d207b52febe9273758c5f5171f035,2024-12-02,87200
bca-8b94138f01ae4d9f0d1354d4e4655608,2024-12-02,67600
bca-24850f80d3e06dd20c7bfd0024ebc821,2024-12-02,17200
bca-8d982f8239b6608ad0dd5110288808fa,2024-12-02,-79800
bca-399a9c48f70e641576d552395d1dd59e,2024-12-02,57400
bca-6eefe2bbcc9ac02fcb8b1ff88d6bcce8,2024-12-02,-41000
bca-52abf3386e708ac414ce3a9ca8435a1d,2024-12-02,50100
bca-8151a29f44ac08fbbb227c5b066e5292,2024-12-02,3600
bca-2c9c7ac0427c64c64edc182777669b04,2024-12-02,70200
bca-360135959acd7301c0cdc22e30823ce8,2024-12-02,49000
bca-40328ac4ddd5420959aae52c3d2d6592,2024-12-02,-48700
bca-03cbdb839b222b7d3a582c188965010c,2024-12-02,59900
bca-831fd07aefc94b47078d9e6ff2be07d3,2024-12-02,51500
bca-375291aac782caef50f8889e6eb27c0b,2024-12-02,7100
bca-613b3ef36cca45acf8f1815246c34d35,2024-12-02,11900
bca-36e499eb23b5d934bf0570a2b3cbb487,2024-12-02,13200
bca-39e7d294eafda58ed1368b3be7839742,2024-12-02,2400
bca-e4dd2a84777dd36d3a0f1ef792622c3f,2024-12-02,30600
bca-eaf90ca50d0f5b20309f63d5b7679241,2024-12-02,-32800
bca-426b644f8f5c0fca978077142d6d2d00,2024-12-02,84000
bca-f7eccb55dcebd10745efbc353d18761e,2024-12-02,74100
bca-ee3fdfbc7ee5fd329bcfae7b600bb0d8,2024-12-02,89200
bca-e42152fd00325698832decfb2456ddec,2024-12-02,77000
bca-89242f91724134f231c124317855be87,2024-12-02,43700
bca-7fa2c2c5211e22d993c7df7664c838d1,2024-12-02,54800
bca-51af72b5f31ea32a2f5b81b6f751580f,2024-12-02,-60100
bca-3d86135d84d34246a6a79c2c858a450a,2024-12-02,65800
bca-a9fc88f78e8b8ef882564c0ea2ef490c,2024-12-02,92400
bca-2708123f2443d4d4251c35cbb2a23891,2024-12-02,65600
bca-faa75f390528ebfdad1eb2aec78fb672,2024-12-02,-69600
bca-fba696bbd4decd88d59ff6bc1b9d6690,2024-12-02,24900
bca-9c63e6a582ca23de263579020b6de4fe,2024-12-02,90000
bca-97ff27b8c71d6d852e66a21f6fb3072d,2024-12-02,76900
bca-1ef9c4ef976192d5c992af1484a53f04,2024-12-02,-96000
bca-0669583200bbf35cd04f1bd80f418574,2024-12-02,70600
bca-2584a6e956c889bf0905de6321934a32,2024-12-02,85900
bca-28eace605fb711708042aa3cedbaf528,2024-12-02,-80200
bca-6086dfa04cec9d410a9ec49418f7c240,2024-12-02,95500
bca-65c21c9d56e3ae118f06f1b55b0c2bdd,2024-12-02,31200
bca-b694b77a13898386fa7598b1cfbbeebe,2024-12-02,17100
bca-9dd2ff9e58beb9489e39ac60735d798a,2024-12-02,82400
bca-6e5e518515994e743c8cd2efbe64d8b1,2024-12-02,70200
bca-c97c55395dad1e9e768d4aa6973493be,2024-12-02,49000
bca-1d8683eb26ef23add836422c120a61dd,2024-12-02,-36900
bca-9a8c85a7ad97fe827dc4524102d2754e,2024-12-02,15600
bca-2d738a0db5645aded1e78b25c7576227,2024-12-02,94600
bca-98081a3eb0a35c72e22650ce0c654e4a,2024-12-02,63600
bca-9db221ba48493ad72ce3254d6c7dc660,2024-12-02,-51000
bca-1eed756e0e59716ada3bc88a811f0997,2024-12-02,30100
bca-2ffa582a03b6782024a5d588c456d15b,2024-12-02,64800
bca-f56ed140ae7ab853db65e2c97e7bc9c5,2024-12-02,91700
bca-1e9db4c9369ad466e84692c6dc9f29ed,2024-12-02,13600
bca-3f9789ec70646a3a302b39b28126234b,2024-12-02,15200
bca-33b2e628f3b8185a8cf263c3a1926187,2024-12-02,36200
bca-88d7a6635e1b7fe0a09c17a2b1cdd874,2024-12-02,82800
bca-410fa28111e70c893f27559c28390c37,2024-12-02,7100
bca-0130489df2bbd5aeb480837d14079150,2024-12-02,96200
bca-831b07f29313c7b39c3601872669f863,2024-12-02,37700
bca-5341160ab49dd31c6adf77268309cd5d,2024-12-02,-78400
bca-5b8087a4cb388ae16c028d28cff069de,2024-12-02,41700
bca-2c1b49a97db4fefd5eebd99a332b4bc0,2024-12-02,-57800
bca-0b189a5f0d85a56df22f7798b5432351,2024-12-02,8500
bca-869afe9c7174395a8532bff76a28e89e,2024-12-02,10900
bca-6d45518f1e51ebe65f76eeb56a18f9b4,2024-12-02,90500
bca-493d6a0fbd502aed1c2adf876634085f,2024-12-02,-29500
bca-b74b010ec8fa5dfbb012eafec614d40d,2024-12-02,20100
bca-38f0a84759d017bef95351ff53e26836,2024-12-02,-7000
bca-0c0dd05ad5e035a370aef8e02039e2c6,2024-12-02,-3100
bca-9bdc044ef6fc9a8d59ccce080aae312b,2024-12-02,67500
bca-4e4bc2e9949b966dcf21a68b15946dfb,2024-12-02,16400
bca-8780524e0e2bb3bb1846f9b3e4d96748,2024-12-02,69000
bca-381c541520dc80c7013074ac4b729ed2,2024-12-02,21000
bca-c73fded6196555856b91eded6b217661,2024-12-02,-42900
bca-6c54c257526f4afaf9a558fa3a34f177,2024-12-02,34900
bca-02d61262b872b1e3eed3e81070797462,2024-12-02,13300
bca-a5f4771cb456a87fb5ea6e4975692c38,2024-12-02,89000
bca-cea3f3baeace60f831f668382e533725,2024-12-02,99000
bca-1f592be498ef476bb85de506b5ee1b8d,2024-12-02,26400
bca-dc84f3b243cdb468286d0944d64df3a7,2024-12-02,77200
bca-44e40026d66ebc469838de604a513b33,2024-12-02,6200
bca-4ccec62e239be453171ba01d5aa97cbc,2024-12-02,-15300
bca-96fa7bcc11f5a714fae838a95adff279,2024-12-02,-98300
bca-37ced6ddaf0743d86b73a2c61b0eca3e,2024-12-02,1800
bca-f0f92d13289e1939e7b039d75c9d8437,2024-12-02,23100
bca-831343ffb4105ed5167b1500f8609cee,2024-12-02,-73900
bca-051e04beac530ea6ea47d4ced430cc5a,2024-12-02,56000
bca-88dc7586d98c97103c8568eecc7f3f4b,2024-12-02,-29400
bca-f66abcf9fe847b0246c9523f8f26a3bc,2024-12-02,73000
bca-3d8de67a32d65f07bb0e3750bea7e420,2024-12-02,-76600
bca-92f48570f1443c284c98d39f21988821,2024-12-02,-77700
bca-bb533c2e952edf1db1dd363e5496e59a,2024-12-02,24800
bca-80323162b3bd710a0d44ad7385c0141e,2024-12-02,-63100
bca-1113268d850f2aa611ef671c22ea437b,2024-12-02,59700
bca-b2dbdf24f55f185da7d574fdbac26922,2024-12-02,59200
bca-b1ae2b94a30a11ab377db602449761ea,2024-12-02,88400
bca-027e20f281ff2febc8798c2051102f14,2024-12-02,-94500
bca-bbe56e22742c3d97e72cf5f29174b560,2024-12-02,11100
bca-f47f81f3606dcde1f233fa97afe7e5f5,2024-12-02,46400
bca-23406592c1cccbefbda3c66278bca44e,2024-12-02,-77800
bca-9ec50b17d4efd68ba9fdac375fbfb2e7,2024-12-02,-85100
bca-5aeb6517f56c52742dfb134338e811b0,2024-12-02,7300
bca-4c1c2dfb052a2fd90b87674d9094124c,2024-12-02,61100
bca-56b0ce3393110b54d681da1c7e03966e,2024-12-02,49900
bca-a85df1428410de575c512a4e205a0962,2024-12-02,84200
bca-aa462cb83d26bc58687699daf05add13,2024-12-02,19300
bca-c4f55b8b24b765e997491635fc4c9ab7,2024-12-02,-32300
bca-676fdc2f00f2c9061bc8fa0da5676321,2024-12-02,79500
bca-894059348cf7c65425da9a02e696abce,2024-12-02,58200
bca-78231f947c02bdf975f2d45d041a8ebb,2024-12-02,88600
bca-6e5a9ee20fd4c69b501223ae7fc54c93,2024-12-02,-61100
bca-22984f4a1224e39b7f8d4a5db9b5471a,2024-12-02,-76000
bca-f5b5f90f796d0bb33db552efad604c75,2024-12-02,71600
bca-aa6280973f12ccab4fffe9194318a13e,2024-12-02,48700
bca-ecc0eba1da96cffa5cd47fbb97134e05,2024-12-02,16600
bca-fd2d331ea1dd4ea84fa639b27a306b50,2024-12-02,38600
bca-07c38abb2ed496d2ef0a26da3b86b0da,2024-12-02,29200
bca-d0af2fd10c5d601bf4040af8ee2e7a4a,2024-12-02,-34400
bca-2c856edbda0adacfc10d7e098991672d,2024-12-02,-21000
bca-3a55534831329716af79d021a44fe597,2024-12-02,59400
bca-246cf743ce0b61ab3e6968fe034cdf8d,2024-12-02,-79900
bca-0003426af6e85babc532ff5c80e89a63,2024-12-02,79800
bca-28b92a7ad149d39228f603dc32cc26c5,2024-12-02,45600
bca-91bc7f13fd41eb45c87b0528f8bb40fd,2024-12-02,27600
bca-319b48814e0f2340f7b7eb13b5d64cbb,2024-12-02,-60300
bca-ba8dd695d487806f0a68af880d56c374,2024-12-02,44800
bca-97a648f99e47deecfa1a65d321da0ac5,2024-12-02,99800
bca-a826205349709249adfd7afffc849116,2024-12-02,97700
bca-4fc76eb4e3686a6b2b745f59591a9318,2024-12-02,29200
bca-daa4deadb0df12f45e95b321bde9a6f6,2024-12-02,-7800
bca-43e673c92815a801264623ae87441648,2024-12-02,75000
bca-a42be68044a6c7ed955253aa333bf4ae,2024-12-02,-83900
bca-66802bd283a27b9c9bb93734bddfb5f9,2024-12-02,-15200
bca-cb28e9f668fecabb3916362d0bb569d0,2024-12-02,49500
bca-42b29ca12e9275285e14c336aa1064e9,2024-12-02,-69800
bca-063f732672928ea64b0783ae6d201036,2024-12-02,64400
bca-8714d406f8e7a12c65bbe409f0345a12,2024-12-02,36700
bca-470ff13a6bacbc53c2bfe9e4914eb396,2024-12-02,-62000
bca-0e8787cc23ad41aaafcefb2d274ce309,2024-12-02,57000
bca-ac75f1a421f9072e60f9ca3ac36c14f5,2024-12-02,40400
bca-7ead5920bf3e624dc56908a882ad4865,2024-12-02,41100
bca-b3489ac7d6ccf77a63c6e7d64c102c9d,2024-12-02,44300
bca-1a40e1f9b7831aeb2d2316faae171e38,2024-12-02,3200
bca-580c3e33a13c0f61782a8bbaaf8c0d4e,2024-12-02,85500
bca-cfa6c7150e2eedc2adbd7604ec15f79e,2024-12-02,65100
bca-5bf5b9fbc6ab34b86c65a5820638b2c2,2024-12-02,-2900
bca-01148369664600307319f8c162ef6ce8,2024-12-02,35500
bca-eb04b18eb177f327c41965327ff60529,2024-12-02,9500
bca-4e8c26fb86ae0883ed2e8ffefe93dd7c,2024-12-02,-8500
bca-832c215415dd9ea3d365f5f226707f40,2024-12-02,-9000
bca-15bddf6f82e83c8f78e17e853b43ab0c,2024-12-02,83200
bca-adae026969fe01a7541b3063bdeedce6,2024-12-02,86900
bca-6242a1dc931cbd522a8fb21cfaef4a09,2024-12-02,-41000
bca-fca96a3426561ff60fe78f0054936e05,2024-12-02,88400
bca-370ffb140bac72c3c7f85abe8d436adb,2024-12-02,3000
bca-28e7caea843d2250aac0cfe1133a6de7,2024-12-02,-68700
bca-91c81bc53ba97695cea5a62be0745325,2024-12-02,23000
bca-958115689725def2bcee1fa9c86aff87,2024-12-02,12500
bca-005680009f6071cd49e360cabc36f4ed,2024-12-02,-44100
bca-0c2859aafa34b3af9b046f7ec07f5d33,2024-12-02,67500
bca-a8cd8a4fd29200e060dab300aa21b51b,2024-12-02,94500
bca-72f7c20249f610c56bb5fde86bab6c5b,2024-12-02,14900
bca-52eb06549061b5aaa057fa7f1310d1e3,2024-12-02,62300
bca-7bce52ddb36872e2735557de5b6dc14a,2024-12-02,92600
bca-b12e43d80ee9db375a471465b88d2329,2024-12-02,65200
bca-4f7e6b7453f4e4673ba5385fa8713589,2024-12-02,63400
bca-17ce298a612b2b9dea0ca6005bc07ff9,2024-12-02,25100
bca-6654c69211b4ef3495c9de7dc0ae46aa,2024-12-02,15800
bca-fbc193eba56885425ea3ccff816eb061,2024-12-02,29700
bca-345590a7b45428f3c525dd3c9786f726,2024-12-02,-7500
bca-b2d15a759b0a3e1525998e4c90d1580c,2024-12-02,5600
bca-71732234dddde6ec353c0cc6f1df7b32,2024-12-02,85500
bca-8a962355cc4abd4a7fd06317d9239c9c,2024-12-02,63100
bca-512d45fd012e2de27a817bcb913e166f,2024-12-02,72900
bca-979a1963ffc4fb46abf9ff57fa7cd52e,2024-12-02,-73200
bca-3f09dd2a082cb50da551d0c0a025ec17,2024-12-02,72800
bca-c05be556a5a585e4e4478f9ed9560329,2024-12-02,86700
bca-46feab8dfcffa5783d5cc3f8264d4afb,2024-12-02,94900
bca-685aa61c498d3955a3d26d0a2ee6aafe,2024-12-02,90100
bca-d1c8ef133333d5bb093b043042e969cc,2024-12-02,-34300
bca-b6c544f3e33e3d1a0e2d6db9567057cd,2024-12-02,86600
bca-07d409e9b26e05e7dfdd54161e371543,2024-12-02,40900
bca-8eda20fb94e274134538fdde81f58742,2024-12-02,-31100
bca-1c783b9572c0fb640af6232c51265396,2024-12-02,3100
bca-ff3502b0968162d5864a5f02a093eed4,2024-12-02,44700
bca-9988bea4254cc7418e5284c6f8757234,2024-12-02,60800
bca-2c802b445c3ba16424f27b177f151070,2024-12-02,83900
bca-dc5cd95f4ef997a5a8313f9b7c5950bc,2024-12-02,-87100
bca-54b7fd7031ea46a04b28d7b208eee6e0,2024-12-02,88100
bca-e8612b7ce4e39dd423200d6978f45c16,2024-12-02,-99300
bca-bfd03bcfd50b5cd900b925e0831ed8cd,2024-12-02,11500
bca-3eff9e937492ea3599648725ae65b9f9,2024-12-02,53700
bca-c0fe61872dcba6f1081e9bbda42f2a6e,2024-12-02,25900
bca-a4acf30ac9a9d3edc759302fb6f7c841,2024-12-02,50300
bca-7ceae93ba59cda4ecb3303e0ca777786,2024-12-02,12200
bca-6e8d6c64cbb944af946e064987e91943,2024-12-02,63100
bca-cd151d4e4a04669eb8015d4d4e68088e,2024-12-02,-13100
bca-97a610781e6294ce5347929fede5486e,2024-12-02,-10200
bca-9298e9a50117289024cc7c35b019248f,2024-12-02,77800
bca-ffbcf3dafa52cbc536717b78b7813781,2024-12-02,4200
bca-4adfc31376f3a9456dbfb8562253f185,2024-12-02,15000
bca-1f6e606eb3e28e8d42627cc55eae19d0,2024-12-02,43800
bca-444e3edd3978a5ca98889f145ab5497a,2024-12-02,86900
bca-cfef384cf288ccf2b48f6aa313ac58e4,2024-12-02,69300
bca-2fb4fa106c0efb4e95fe6b14de764886,2024-12-02,-1700
bca-5cbe3632b8a0d620745e0f8f08384efa,2024-12-02,98300
bca-b5f6be76bac987f4dbcf5f90d77a846a,2024-12-02,-74700
bca-0c351a07c0ef036ef2d5b680b66dcdbf,2024-12-02,-4400
bca-a5377334e1fef857cc3c42834557d2e4,2024-12-02,12100
bca-8eb12986a8a49ee59c4bfbc60dbfd291,2024-12-02,46900
bca-a0ded6d7faabd4dbe5838c6ec5d89bf2,2024-12-02,4700
bca-8c3e774b1d3853eb9822cf64a68ab488,2024-12-02,51100
bca-5803c5ab8f0d435aead1053fc9ed1dab,2024-12-02,59700
bca-98978e5140d00aa64fc9a6da2d15b078,2024-12-02,-60600
bca-8a0945c13a4404f12dc6c27302dda24c,2024-12-02,78100
bca-815cdc81cba5e4a0b9ad8319a8362535,2024-12-02,22500
bca-91f7646ecd9c6b0fdc34051b10f160de,2024-12-02,89900
bca-6e4756b7a392a3584cb83911d8c40b92,2024-12-02,67700
bca-b9457ca5e30f583f75ac3e792e0f2981,2024-12-02,-31800
bca-c5c8eb6d789adafc569a9d17538f2ff6,2024-12-02,-15800
bca-a38201f256498d75234eba8d12f06e53,2024-12-02,80100
bca-4bd19ffdccf1a4734e71aa02712cdd40,2024-12-02,-72200
bca-a27183b33b78760502e676e7b2cfd69f,2024-12-02,64100
bca-eb1d67f37402f97f5a8362ce5899a41d,2024-12-02,6500
bca-dfdba44225536f8cf055ee60c75c050f,2024-12-02,9100
bca-266e664cf407538b5d6304b16983dab9,2024-12-02,45000
bca-cdccda574d1c84cc2cdc7583d4ad1e65,2024-12-02,50500
bca-2741a636952ae2d685ab6c5bb4924c7d,2024-12-02,1500
bca-83ba3b57b0fd0a3208dd3a3879c8f3cd,2024-12-02,24200
bca-f6c3fc1ec99d7b71010bc694a49d94a1,2024-12-02,34400
bca-73483f273a08c19ba677703a489b2858,2024-12-02,58000
bca-33ea761136f2d5891f7da2d1d37a4aa1,2024-12-02,-40600
bca-73b7916698a7e80ff6af138c5b39c880,2024-12-02,47000
bca-26bc0e1f230a5abafbfdf690c0228b3d,2024-12-02,83100
bca-dd548768cb942bb896af485026235ad5,2024-12-02,20800
bca-0d8cf16f980330b01a1e1c3859bd54a3,2024-12-02,-38400
bca-4714e3194ec5bc1ff6cf717ae2082394,2024-12-02,36200
bca-e6cab6b464a029ab916d4a27c86031e1,2024-12-02,91100
bca-3b0cd5b08f9420ff8de41258e1aec8ac,2024-12-02,-67700
bca-91c8f04996f05580dbdd6c3e1dac8577,2024-12-02,-27500
bca-681a2b1d9814adabc75b702d108d4b49,2024-12-02,81400
bca-b16eeeb8049bce103a06ef610db38d15,2024-12-02,-81200
bca-2c2720e76a56b646003e56a3cbce05e9,2024-12-02,-91400
bca-354f84f760e1c54234dfe15b41e9b6b6,2024-12-02,-65000
bca-f73c0ed1cc8518b74fa20df6aaddd508,2024-12-02,-43900
bca-2512889f833d9b7d1669a1ed77306a75,2024-12-02,-80200
bca-e81f688278462b9a4a88b0cad27fe33d,2024-12-02,11700
bca-5ef6e68c5c2f846f4dfe8664a1e6c2ce,2024-12-02,-42100
bca-b5c76df50080bc9166c078f18b27ddd7,2024-12-02,97600
bca-879507be29e720931717f33e13130b3d,2024-12-02,6700
bca-4225bfb5487f755f2554885a4acf05f6,2024-12-02,65900
bca-026e8ca98c1e0c00b13cb880e1b2c89b,2024-12-02,1900
bca-a79091f23a560e7b49eee9421b9ccb05,2024-12-02,1900
bca-ce957bf4807098aa10a198f3952aac89,2024-12-02,33400
bca-4480cf58812a9957bccee4a340492f18,2024-12-02,78300
bca-059fcfe584d5ee657bcc004ca3284bc0,2024-12-02,53300
bca-82a8e9931bd2ab09bf4960c121bb471c,2024-12-02,53100
bca-f8242e8518f73813e5e69fb56aca332a,2024-12-02,86400
bca-58b4c33761813be1541a84156fe88fbe,2024-12-02,83300
bca-c27b9ef3b08c4cc6e1ce6ff0eeccfbd0,2024-12-02,98900
bca-4ee7cc027a49ab41fa1f305c746dcd0c,2024-12-02,-74900
bca-0c01646861cf037740190309792cdc3f,2024-12-02,40200
bca-466042d0e86776fb910ecf7a406ba71b,2024-12-02,50400
bca-8acf674121dd9931ab2c0d69694bf5ef,2024-12-02,-16900
bca-a3839fe30b59ac32dc878e3d656d435e,2024-12-02,53500
bca-1a9cd5d2fa212a0a0551b5d72e22ff2e,2024-12-02,59900
bca-4efd7efb36af72a4ea7881a79eb85a8e,2024-12-02,49000
bca-bd87998b8985e8579d2e544d793b5c23,2024-12-02,-82500
bca-e8f28717dea88e5cc79d4d628e9579ec,2024-12-02,13000
bca-49d978e74df9a4f33100360361f21633,2024-12-02,13400
bca-6f8765e22c27780460350d816eb3cff5,2024-12-02,98000
bca-aabef20bd1763620ffece70d94ec20db,2024-12-02,44800
bca-0d19574e59b4721ab5c3fef28e3bb9a1,2024-12-02,25300
bca-7555cd102253407e20709e0630aebbfd,2024-12-02,25700
bca-269fb2af3eca4f596eecbe8adb554be6,2024-12-02,80000
bca-73ca84b29e6bef89eac69ba99d1cbb16,2024-12-02,37700
bca-a7dad0fc8cb7cb827e7643a40459b20e,2024-12-02,55300
bca-2ac9c0ecefcf991aec32cd926bfeeba6,2024-12-02,82900
bca-dcf4b3d1e54b794862b40e81f96b9777,2024-12-02,22500
bca-cac296e0d0ea945af02f7ca4dc93249d,2024-12-02,27700
bca-a7da86d484045c175b5dd81a2f415bac,2024-12-02,46800
bca-55d88e1159da9cfd60f114147e2b926e,2024-12-02,-21700
bca-a232dd19f402da7bd2c645d41ce37470,2024-12-02,73300
bca-014d09ff7e335c1023c7cc4cbe80e06a,2024-12-02,59700
bca-2e9c396d7cd03ae301c59c509c0ba71c,2024-12-02,42000
bca-1e0adb956b1fdb190da7fd6a59de7a76,2024-12-02,80700
bca-37df11d6fcd2d34a93777fa652267407,2024-12-02,85600
bca-a982aa5e1273dbb17daddaa1ba8c126f,2024-12-02,-50800
bca-aa63ad719fe67339cd0824b15019f6d4,2024-12-02,-63200
bca-57501ccfbf06780b548c6bbf2f3dd70e,2024-12-02,67400
bca-1166a3e5adc2aa700dfe4424fc65e9d7,2024-12-02,42200
bca-0649b0ba5250955e7e5786646c9fa9ad,2024-12-02,86300
bca-51b9b2debedbeda495dabb93d1213611,2024-12-02,1500
bca-79e5d77b354d900f46d27c88faf1b099,2024-12-02,-73900
bca-ebb78794211c5f65914e11311aafb91d,2024-12-02,-18900
bca-6708e129f7b0f46331464571d7e3e7e0,2024-12-02,-76000
bca-563c85e19cc9423361f691457b020611,2024-12-02,14800
bca-cefd02050f5cc6dea5a5faab7416039d,2024-12-02,36600
bca-78805144bc83bba0b061fc25e7802d73,2024-12-02,14300
bca-bca92664139741cd57f9c1e5eca8f61c,2024-12-02,94700
bca-0ae99903678dbd9a7f516b72499b2af4,2024-12-02,38000
bca-39fade5168421d41bdea1622a168aacf,2024-12-02,76400
bca-b49e5f9565d653055fb27e60602f6c7b,2024-12-02,33200
bca-4a77d012fac00fd01961c812fc74f6a1,2024-12-02,98300
bca-640fb507ba0441a61c96660898b938cc,2024-12-02,16500
bca-395a6ca2c7079db9cbda4ee925c73289,2024-12-02,21100
bca-f02edc9695245b593e3468f881230e05,2024-12-02,99800
bca-17ac303b78c1513b8bd6453784e69422,2024-12-02,87000
bca-583b0d394cb7c1b8170538e1ae45aa85,2024-12-02,-81200
bca-629a223344c668fa9679a02a3b4db8f5,2024-12-02,-1900
bca-a4d1695ae054c105dbaad16739f719fc,2024-12-02,-91800
bca-c2e82578bdb2196cb722b1250a7a8ecb,2024-12-02,-32700
bca-52c8ff667bb7fd1b6fd277e19fae0a2a,2024-12-02,-87100
bca-86a001d774a19d5cb36380de168fba3d,2024-12-02,43200
bca-070e6d17824a78a484b10bb3bdee8299,2024-12-02,22400
bca-f490fdcb28c4ce95fde0b057c62933db,2024-12-02,-43800
bca-a54d4cb652fa19cffd01805f68b398f8,2024-12-02,96000
bca-b5d5b99f0ba3c1adf70cb0f9a2423585,2024-12-02,81400
bca-807e277dfc99b94eddc7b4e74f280075,2024-12-02,15300
bca-550a0708a7006fe2f58b28767cf41030,2024-12-02,36000
bca-d5fc10b52211ef9e070467a0f49f35c5,2024-12-02,71300
bca-8a818e0bbba45ad0a2ed9cfc0d77e319,2024-12-02,6800
bca-f1a4cf802ff556f2c36d777b9c4b9650,2024-12-02,53500
bca-4c604972de9d20d8aad2ba0af96f0615,2024-12-02,-72900
bca-e5b2c1e2c70f75864bae824039a72224,2024-12-02,11400
bca-2ee5ff20f9f408c2a57820aba86581fd,2024-12-02,-81400
bca-487b943e974f153b51aabe15acb0321f,2024-12-02,55300
bca-aae8346069394faa2b366f586c2b5cf7,2024-12-02,96000
bca-956798122a8c37f15ba0abc29a3f1c6b,2024-12-02,23800
bca-edaefcf3547516d18a2405083339508f,2024-12-02,45600
bca-9816d8d105ace152f395936707c4f46f,2024-12-02,74400
bca-0c310e9be62d6ef45d0988a951a4eadc,2024-12-02,24400
bca-976f8efda6561874adfd834ca5b54ab2,2024-12-02,65500
bca-5bcda7f61afece99fa50a99cffc12935,2024-12-02,-55000
bca-aec18e42d9d96d2b1448bc14e0bc38a3,2024-12-02,14700
bca-ee07b768f31f0a16f4c4ae44bcc4e385,2024-12-02,26000
bca-8760a2b9eb87024f128a3bdd436b4dbc,2024-12-02,21100
bca-fca1bebc7a2673c1d11b11fe6ba50b8c,2024-12-02,68800
bca-68e6f78886ae86275f67632341bc9533,2024-12-02,-10700
bca-009ac64a68f4717d612995b67118a4fe,2024-12-02,-62600
bca-fcf6a276b0cd2453094648c393261410,2024-12-02,55700
bca-abc236f349ce5127104b811012d49897,2024-12-02,93300
bca-6c89f84a87ace811d11c1edb9d315805,2024-12-02,29800
bca-c2c564be7dcec0e05ff7eed67d4fb9f1,2024-12-02,75300
bca-04edfa1c21353b1c9e0b2915fe81ed09,2024-12-02,39400
bca-62e9ff2d1cbc9d64a515d2ba5ce99bc0,2024-12-02,32700
bca-0296a438e52909be25194e091a6e5c45,2024-12-02,43000
bca-9cb744a42f398ffd8a8ede91b793b2f4,2024-12-02,46600
bca-b788123167a279ad9882919f2934a90b,2024-12-02,-90100
bca-0301a24f938f4f1825e9397e9994f062,2024-12-02,42400
bca-b8af85d5d49b2bceb8a688e82feffe3b,2024-12-02,82700
bca-9df1647fbcd4b3c837f2941522b2985b,2024-12-02,46700
bca-bf765e6777a2109d5c5fb5f9f70dd38a,2024-12-02,37600
bca-d339f373020dd1426d37394cbcf47182,2024-12-02,6700
bca-18dc21373efd60863bb284e0dd8d405e,2024-12-02,69000
bca-51b8834d0cea5c62f4878f2bc7bf19c5,2024-12-02,-42700
bca-997e6428074486eefa1ad0549369de54,2024-12-02,83700
bca-f5a978b70d3bf08bee5f6004e27daa06,2024-12-02,98300
bca-e957a5d548eb68a00728e1e341b00af7,2024-12-02,9500
bca-609558bfdad0b41f1a8dabb3dd92ddf0,2024-12-02,38200
bca-08dcfbd7917aba586e797746dd15dd1d,2024-12-02,87100
bca-9b062e68d1703ff0097223e2999123f6,2024-12-02,29400
bca-64f3e4f85c5e43f94f667cb7d99454ac,2024-12-02,-36500
bca-87e7f11f5462cf5353c90aef54d82df1,2024-12-02,36000
bca-b3b0af602c756d486e1a89659ae41bea,2024-12-02,-73900
bca-e498e5e716a90e9aeccaa917bf258d14,2024-12-02,74500
bca-eefe99eadba24b27c1f45d142a74ec83,2024-12-02,-84700
bca-4630fe469f8be37b03020b4782461169,2024-12-02,95200
bca-01262ee1df3cf146976d936c08f08645,2024-12-02,11000
bca-f7a5bb85803e1d695b35f96422bc67d1,2024-12-02,-97400
bca-bc53fb39330c37d34e28cdb2edf7f4e3,2024-12-02,-49400
bca-304acffa44ea6de99014c7e6f8145065,2024-12-02,-27600
bca-3a23c5f3396894aac633c6180c660687,2024-12-02,27700
bca-7041923bc73a4700beb4742aeb14a244,2024-12-02,97000
bca-167fbc5649ca9fd659e59b85813ea022,2024-12-02,61500
bca-d98d52670b1edacfd439dadf0dac0d5c,2024-12-02,86900
bca-9b779e852f1fea5e8d1214a5087bea69,2024-12-02,80400
bca-b11b190011799fa4e9f2b6e6dd0a7adc,2024-12-02,-82900
bca-899eab20ea56013fbda409f2e9837070,2024-12-02,84000
bca-53633c2531f645bc8dde5be1e0ec156c,2024-12-02,2300
bca-7e6586a22854307364be830475d1a01d,2024-12-02,-35400
bca-281b4a1276a78028f04553c6e0b82b94,2024-12-02,34900
bca-e0d93df4198089938fc364ccb44cc62e,2024-12-02,39700
bca-a579b59c5573c9438d552372a50f0151,2024-12-02,36900
bca-b43c8a34f570bc88c37a6666fd23e79f,2024-12-02,24600
bca-87f307d3a44f941e5fdeddaaf8ca43e7,2024-12-02,48200
bca-8826d8d96d757dd5f21aee7a86d1de87,2024-12-02,-86800
bca-57c21065cae54a5501dc232de4d23628,2024-12-02,48000
bca-a6b3acc13877085c656375c2e9e362d9,2024-12-02,70800
bca-c5c5c0410773a853e124a3ec26e96054,2024-12-02,71700
bca-b5845884ad81b663dd959db2a297a722,2024-12-02,22300
bca-9e6054d19717ec460e1ce4ed91463690,2024-12-02,65800
bca-a07816c5f85a9ea120a60e1b2343ccea,2024-12-02,21200
bca-dd87554973d8af23b41bd0184440b549,2024-12-02,-30600
bca-75a9aaf5f7e7cb1c6e76fc0b25d9e220,2024-12-02,82600
bca-caeb5a58d956685cf666a53097b8578b,2024-12-02,80400
bca-38fc6177252d5a1c680329cd2923d841,2024-12-02,73700
bca-df6fb6fccc94aeb4da58d9eef66c488c,2024-12-02,98300
bca-2fb03f27861155fd4342634abfac1cd1,2024-12-02,39400
bca-6963b2311dd580b8f9bfbe779d0c7d36,2024-12-02,15000
bca-19e599f7d3e6b966a4d837a00ff8ea18,2024-12-02,99700
bca-7a3899cf3c7c70f5fc573c350ead747a,2024-12-02,22600
bca-41501776f65792e9b2a06b1b07a678fb,2024-12-02,46900
bca-c7a34add196d00437ba6af7d7f470d95,2024-12-02,1400
bca-3b227a4e6500c7ede387f88bdbf61495,2024-12-02,-22700
bca-26eb96f487a8c892a93e8eb47d1503e0,2024-12-02,92300
bca-721faab2481273ecc1913c441f6b8b73,2024-12-02,28300
bca-ef62f196d7d2ffccab6ad96e2cda32ac,2024-12-02,71500
bca-7ecb62d4f0d78be97aa9f3cb1f6789e5,2024-12-02,13000
bca-ddb684cecc5256bef56f43ebd09cfb59,2024-12-02,59200
bca-b18152cdde689a6f53c281e99800a5c3,2024-12-02,35400
bca-61beeaf343278a157816f6947d39a1ff,2024-12-02,73200
bca-a13e7fdf4513923f2881f3ca5ca9a399,2024-12-02,29900
bca-19e3279d1baf92e64f71c7c0f2c972c2,2024-12-02,82400
bca-c761da8bf9a5760a4b676b656ffb2b08,2024-12-02,18100
bca-72692259e2fff06ada70e9c30f81d2f2,2024-12-02,-76900
bca-1e70bfed21863086e285e12efcb7c9f3,2024-12-02,-18300
bca-d2b2579c159a9a0d48011ffe2facafcb,2024-12-02,71100
bca-f01f11f7d98b2d65134a27657a06cbf6,2024-12-02,-15000
bca-ff7a4222fcea4b56bb87aaf8ddb2d8c2,2024-12-02,77800
bca-e23248f90ecfe2915c0fa86e08b7dbe7,2024-12-02,5900
bca-00f937f8fa53c2bb4f185b7bf292928a,2024-12-02,-76100
bca-1116653c40fd3db7dc08cef1071bb481,2024-12-02,54400
bca-5b7f868125a00c7d77ec378199dee662,2024-12-02,48500
bca-c2bb8303b789ec136bc9b29f12a53506,2024-12-02,78800
bca-4265721f8bc37089d7b3199c2fed8743,2024-12-02,-37000
bca-0c55262138024c8e72e8c63cef645f5c,2024-12-02,4500
bca-4d31e0940ec67cb71bda52c7dd3f0a97,2024-12-02,65200
bca-2ec639aef870af726b29d062365871ab,2024-12-02,11900
bca-9a85358b23faad30a9d79917cf15c278,2024-12-02,40200
bca-28e4777efdd3228d8b6e6c3dcfd7dbe6,2024-12-02,94500
bca-b1a069055793933f80bc9771b0ba5d09,2024-12-02,46200
bca-740af48a8c480fef6ff8b503a75d78ca,2024-12-02,-73700
bca-ae445df37cc8e366755bbc7bfd50d7cf,2024-12-02,56900
bca-ff246a3249a8c78849087441d92c8e75,2024-12-02,3400
bca-860d7ce8df3fb13d8960fcb6e35f3f5a,2024-12-02,18800
bca-0ba8b27d281e613f3bd446e6ae556f46,2024-12-02,52300
bca-ce2cc645a9671167ec7c92f6f35e787f,2024-12-02,52100
bca-ec82bd28eceba1e04b26db54b5eafeaf,2024-12-02,13800
bca-707d6bfd5697fcf69bd11132702fdf93,2024-12-02,12300
bca-1dd4cf2eac97b7689812e64434fd3d52,2024-12-02,14300
bca-275e1fe99db89b309dad58f5b00ca588,2024-12-02,69000
bca-9219ad42b24258c5b11e8b7c5d2a2de2,2024-12-02,-70000
bca-249fccc517640faa3f66365352f31945,2024-12-02,-52400
bca-d1ba0df4a425f9efbbd3171a87da3007,2024-12-02,67800
bca-84f3d5ba5d7a4a935461c799bf684bac,2024-12-02,56100
bca-59ba3f9ff0a3b7e8e864445fd29cff45,2024-12-02,38300
bca-32abb42e10746ce25b1397b9022dca9b,2024-12-02,99000
bca-8b9852de12e47d39aeb71c9bf8d2da4d,2024-12-02,73400
bca-4a27a19a72a7a7b8c5f92399da2e7f28,2024-12-02,34000
bca-e4441c94639920177d0cb07f5f8079dc,2024-12-02,52500
bca-05f8cb1ed9f60a76c18fd52bae2ab5cd,2024-12-02,70000
bca-9382335cab9b6c03af6e7acdb59748f0,2024-12-02,-8100
bca-658ded77a3cfb48474e90da1de5373d5,2024-12-02,10900
bca-42305fe2bb91a90d0c57c32801da651c,2024-12-02,-42200
bca-5ea9ecb96ada50889fa8cc887fd8fb43,2024-12-02,66000
bca-b5555b1aa620b983bf13a81072eaa5c7,2024-12-02,73400
bca-ba1adaff095a01670e938fec6feb7453,2024-12-02,-12500
bca-8ed19ed65e50ed0b301506f9656a8118,2024-12-02,39200
bca-bfcc26758a81a51f2e4b3ad0496671e1,2024-12-02,31500
bca-9478f8178459b1d8151d00624f988c7c,2024-12-02,74400
bca-0fab6f6a9f7b9073e86fd2b3c7363696,2024-12-02,95000
bca-407b1d97638b080cfbff49afc021aeaa,2024-12-02,11400
bca-1de93b54d7f7997923f4a83b40c51f7d,2024-12-02,-74300
bca-0d4ebee907e635a2ece2d06de12eeca4,2024-12-02,30800
bca-d9ab608a297a55e8b761d2876b11e0dd,2024-12-02,9100
bca-c9086a7c3d51866a880c9e760626676f,2024-12-02,67300
bca-d4c533c91ca9c2e2b1d5fbc152708b63,2024-12-02,75800
bca-a67ad4159088909671869cfaf6c95d71,2024-12-02,92600
bca-f06a50cf57072e9e39c566a56604e74c,2024-12-02,-56200
bca-85e97ddd58da0a29459bf8fc4e3ff000,2024-12-02,7600
bca-1ee8f2648ba065754bcef7b068e2a49d,2024-12-02,94600
bca-c0ef7bce487b82c16132426b6ff67dc1,2024-12-02,82300
bca-b153fd200892065287ca3b2eb358fa53,2024-12-02,4900
bca-5c7e0ed4b2bf12e9363620f1cc445d98,2024-12-02,12600
bca-06cba5852c9963196c29c60cca8d4e8f,2024-12-02,-11900
bca-ea42eea2f16fa39efc08d1ea489ccb9e,2024-12-02,95200
bca-051a5759004a6f70edbca75b8f4f25e3,2024-12-02,22300
bca-dcc1a64ad2cdfb3372c2a6e735b3b92d,2024-12-02,36500
bca-a75f4ef0a4802d1fb2074e5620117376,2024-12-02,85800
bca-1fa000d683a7c252ba6036c4527b8756,2024-12-02,28100
bca-c089378b554ffb239097fcdeff30c09e,2024-12-02,86600
bca-9a009b2d08a5368b0847e36b6792526a,2024-12-02,14600
bca-225a06cb42092cdd43817f23895ad742,2024-12-02,53100
bca-23c64702664c680799f17056a198e351,2024-12-02,-97200
bca-d6e65eb332008039b9ef0868f648b359,2024-12-02,15700
bca-8119e7d4834c1b9e47fefb31af7a8d75,2024-12-02,5500
bca-9e1750b24e0775a82b021171e0e2c1f4,2024-12-02,22300
bca-e5bca3d43e6253c29b7dff06b948a937,2024-12-02,85900
bca-92738408bd11aa099e323b6032bd1482,2024-12-02,65400
bca-f8d7c9b3567cf7c2ebd72a41436e6f59,2024-12-02,1800
bca-02f28d02dcd1c137f13276f500b66bb2,2024-12-02,-24300
bca-b911d692a2c741d47f18ec3f7ffd03b2,2024-12-02,82200
bca-e98cd99984db7c69837a903d1870c3a3,2024-12-02,31500
bca-e268ac9986199085ea0bee985ae623bc,2024-12-02,60800
bca-2e73fb8956b2859e50b906f50d9784ca,2024-12-02,63400
bca-e3498ce99995e23060d2b90c9a8b4b9f,2024-12-02,70600
bca-8a13b923f12ac69d0726e410fe1e0547,2024-12-02,33500
bca-5aebc49048e96e6001ebb1cd287ccb44,2024-12-02,49100
bca-acaaf89e24177a934b3986d9404b7bfc,2024-12-02,51400
bca-f38bf571bc73682586983b6ec00d9f42,2024-12-02,2900
bca-c07207e62ab337697dcaf72c474041e1,2024-12-02,75000
bca-4b785fcd486d9bc2bcad51b03cbc1bbf,2024-12-02,-16300
bca-8a84397a99cfb909246e21ea383f3f47,2024-12-02,15200
bca-5d12f674bd4b50d8aa95a9dd50cb83c5,2024-12-02,-39300
bca-16456d5f50c5c808c978c99ae567f35b,2024-12-02,-81100
bca-4275fa70846d0e6bc6089d9f6d077f85,2024-12-02,-78700
bca-c29df7fc9a571870038f57b454eb7056,2024-12-02,98700
bca-94129d5e23531026cdc3c07d1edb7d5e,2024-12-02,71400
bca-3067b81430a52bfa0c8c3f195b5049c9,2024-12-02,28400
bca-704444b3fee5087d4e2717d8f9bdfe4f,2024-12-02,31300
bca-0775f81a660d1fc4129a68ce9304e34c,2024-12-02,29200
bca-d729c26d849fc0a7cb6de4baf4781d04,2024-12-02,13700
bca-5c0962289792cb5b8cea0f7d71d40748,2024-12-02,84800
bca-fff971726df79195e819c19fc0d119ca,2024-12-02,36800
bca-0edcbe7cc5e05bf7b43fb96f5f1bacaf,2024-12-02,8100
bca-c6b82ef4cad390acb107ac1b7f4fa003,2024-12-02,-13000
bca-b1187df9ab063fcbace1443e4bda917d,2024-12-02,1400
bca-a7179820a8fa91067e90585ce174883a,2024-12-02,2700
bca-a2db5c2b66d0fd172c440b48386b8a9f,2024-12-02,96600
bca-41625cd227946a3c88c0056ec72b2d68,2024-12-02,79700
bca-d2ef9524452f10220e5f9466103f0c9f,2024-12-02,37800
bca-d0d47b47e1526f2dfdf73e5de424d1af,2024-12-02,29700
bca-978f8706d9c8fb4fba6a4ecdc7da330a,2024-12-02,99900
bca-8e4b2b3dabf4cba2a845da668b100ee7,2024-12-02,-51000
bca-c9e807461d5af939b9753d41ead288e2,2024-12-02,-64200
bca-b0f15e3c5a9759990d53093ccaff404b,2024-12-02,89400
bca-ba5ac0fefbface84a9127d3373f9ad2d,2024-12-02,83000
bca-d465232819ff775b6d15ea9a6c1812cc,2024-12-02,14100
bca-c843fbe456e9af93cf4e4ad3b291541c,2024-12-02,53200
bca-678e41057fb772f47462235b7da1a633,2024-12-02,84300
bca-ee18e5df4724351184fb7e6bcf79c141,2024-12-02,96300
bca-932a96fe9c63f0d4a2032085660b9049,2024-12-02,60700
bca-acf385e0eeb5c8ed009f77d16d5f193a,2024-12-02,19500
bca-ea2468cf0f9172759a900ac4d382bfa7,2024-12-02,96200
bca-401b3cdad2c5b187859d762e0789c93e,2024-12-02,34900
bca-cf31bf7e67e177d3e3c334ad1988a72b,2024-12-02,51000
bca-a0ca66b73f039d13cb7a8ac62b37961d,2024-12-02,-68800
bca-5e7556fccb8aa1304e9492488df80f98,2024-12-02,-76700
bca-9d018b98f67e120b029b2d0636a9fa73,2024-12-02,10800
bca-b1a7abeb448c21b84dcbd5e0db9f441f,2024-12-02,35400
bca-02175ed3fc46270efad3acc310743abf,2024-12-02,73700
bca-bddb4aa030160faf62cc0223428ea812,2024-12-02,36000
bca-e348b55907fb5ac537d9fcdc512c3365,2024-12-02,-32600
bca-a9890d147938f0b4bd9d57f0a116fdd9,2024-12-02,51600
bca-04c64f17dc132681cf0ae58a1d2a3a63,2024-12-02,24900
bca-b7eac7d4040f71063952aa035fa442c2,2024-12-02,20600
bca-56894e6a9bd805a3a45398f6f92d9d4f,2024-12-02,60200
bca-856949c9b9e70fc26c9299dbeee23e01,2024-12-02,29700
bca-073ade52f7525c0c45ec9fc2a1eba4fa,2024-12-02,25300
bca-5f5dbd3bf960b5be861658f0dc9a732e,2024-12-02,45700
bca-2dbf896c479c2563d1bed2e8ef2733a7,2024-12-02,-73000
bca-2d69268103e7b978c7ed70fe2df014c0,2024-12-02,59400
bca-734a6b442bfe11c072f39c97088718f7,2024-12-02,72700
bca-d7b0df9a8b07741e3b96b1157d155b55,2024-12-02,86400
bca-bd6fc9be856b9ade7cda26efc46a422c,2024-12-02,78000
bca-04e06b9cf0848e718a7ef2c39908df9f,2024-12-02,94500
bca-08968d25c75dec216366ef2e43c84588,2024-12-02,-56500
bca-a47f62629d12028091060cc8996b732a,2024-12-02,26600
bca-bd91f44a410ee7c5e7bbf45e859f6a44,2024-12-02,-84500
bca-98e560a738c1c5da9afa09d517ab0f8b,2024-12-02,-52500
bca-2da32cbf718f322f85b82edf4cbe0769,2024-12-02,72300
bca-c4140e3037aa2eae3417623d80a36881,2024-12-02,-29200
bca-b1aa75cf682fc5ac4ffd44d443976317,2024-12-02,93900
bca-69b8607d4b4035ea8698794e32f6dee9,2024-12-02,88800
bca-0d7d4313b2f0e86472ebebcc13b68a24,2024-12-02,59400
bca-7f5df593ef58349f056791e5f946a4ac,2024-12-02,26300
bca-2ffdd79aa05a1a4cda1c9b3998c475af,2024-12-02,76600
bca-00212dfefbd405158698c522f7f210a9,2024-12-02,47900
bca-081c8ba3bc2d3e09bd635999684f57a5,2024-12-02,30700
bca-bc3061ade99ef02cf62bc4dc299548e0,2024-12-02,32800
bca-d476b35a4b08d289d68684f3db204f39,2024-12-02,-58900
bca-c3cd9a85717a11beee876c1e554cf08b,2024-12-02,25000
bca-b5f569122d300c85e12fc2fb38a26e39,2024-12-02,-26200
bca-afe7dd0cf0f5d1a7dc65732543e2ebc4,2024-12-02,1200
bca-d2c542eb65894aef458f88ee6bdc8cc3,2024-12-02,94600
bca-81b02b207c0ae1b24ebabc4338281f01,2024-12-02,76700
bca-82959c9371dfe08b7c04322393b5a447,2024-12-02,13600
bca-b3beee9d71bee9f12bf71c3d59a7d003,2024-12-02,9300
bca-23c3493fbe194d6e761ef3320ddb505e,2024-12-02,89700
bca-1cb0b82b8a22607d6870f14bd8cda339,2024-12-02,-1600
bca-1dfb2bc53bcd9eb96addcf027f9ba3e8,2024-12-02,30100
bca-bf62114aaa15337a51452beffc465363,2024-12-02,69300
bca-5fcc13e5872e6ca06e37881030eba965,2024-12-02,40800
bca-ddd4e757bf952768b7ede0332e612762,2024-12-02,35100
bca-883fc535180847fbb4db9d638db73901,2024-12-02,43500
bca-1c29a4128d2380cc2402ebe7ec9c1ae9,2024-12-02,15500
bca-c1409373c067d8f9cd8e0a160ad796e6,2024-12-02,41200
bca-11b1339228c570cc19a2f69058a28c43,2024-12-02,59000
bca-28f151b71ba892bf0f61c97b809672d0,2024-12-02,67400
bca-f3007ba7cd8772ba42cc16e1511b5eb0,2024-12-02,58200
bca-b42f19f4da9a03cbbe5567428e483646,2024-12-02,76700
bca-c8824b6872c915c23e9446508afe3776,2024-12-02,7400
bca-392ee78408cde83f1485769fe1a7be90,2024-12-02,18100
bca-07b5849e8fe9d77a7d1281bee864145a,2024-12-02,80900
bca-82a6eb53bf2d193826119b0dbe4be903,2024-12-02,87200
bca-4a4b9fc1e50c95f20d967cc5fec76608,2024-12-02,42800
bca-4cfa7b8e643d0d00d7b7af467d31a36e,2024-12-02,-57300
bca-0594143759352bd35085f36032820817,2024-12-02,87500
bca-421f07609080783e660ea4982ed4b7cf,2024-12-02,58200
bca-8411f7ee1af719f405374746ea67fc52,2024-12-02,-85800
bca-4b3b12960b50455bc672c6f98a065b99,2024-12-02,68100
bca-60bbfc4e734db920539e8498b3b2ae0f,2024-12-02,69600
bca-0a170891a1a4f804e102690a98d9054f,2024-12-02,2100
bca-32154bd471223c8b0eeb129e7be52283,2024-12-02,84700
bca-dd1105b9f1cfce15f723f76e134de5fe,2024-12-02,-29600
bca-d68f99f7f3803b1cf8fd44bc3d57971e,2024-12-02,89400
bca-6123834a6426679331b7ad11bdade5c7,2024-12-02,84500
bca-919f45b58c09c80b2058d43edf4a825a,2024-12-02,68000
bca-99f6d4f66cc56285eefb9febfc8c7b91,2024-12-02,-88700
bca-590e6d843da81fe94d8a226a0d533f09,2024-12-02,-44200
bca-4f84750602cea0b8bfd363ccf5ef9be2,2024-12-02,88300
bca-0e031893117a82ee08fb253750597fd7,2024-12-02,77300
bca-5e178cabac85fd9175f73499efeda398,2024-12-02,53800
bca-5747674b59656a20447617d74974cd00,2024-12-02,-5600
bca-742c7b984380642e9298b4ec6fe0947e,2024-12-02,80300
bca-45299cd2b49245d675dfc21cbd9bae5f,2024-12-02,-14400
bca-6d4c5f21ee0affbc76ca3a4b643750ef,2024-12-02,3700
bca-69471ca3a99c754f78ecfab9cfe1735f,2024-12-02,-64700
bca-63baa45f4a5820e96069b2f5a04e52cf,2024-12-02,30300
bca-effa1dde0d10bfa0c70d08ea36b8f528,2024-12-02,96800
bca-4c873a5919b11d85fd3b293b1183bd0f,2024-12-02,51700
bca-706d362479bd12cf5ca65013b12a358d,2024-12-02,-71700
bca-1a6fbaafbd5982d039c6129995471164,2024-12-02,77800
bca-433bb6430575a4535936bcd54d724636,2024-12-02,-78500
bca-231897ec395064153da5324104de92cb,2024-12-02,18300
bca-e3ba26b8b10e19401d5505f94c1ee3d7,2024-12-02,83400
bca-86583aa175bf313dd49cc377f08725b6,2024-12-02,88300
bca-f617423cb1edd8d209eeceb2b9d8dfc1,2024-12-02,57500
bca-ca12f548e5c9d5453bef29c6f63f89e0,2024-12-02,-22800
bca-23db68cbb6d2bccb9db8b819e8346f6e,2024-12-02,74100
bca-42e9e2c1cd114d1101002470b625846b,2024-12-02,42000
bca-34f62e667c601f056e97caed8892853f,2024-12-02,87300
bca-7570e0b6a7f934b9b330322ca70a3244,2024-12-02,-88800
bca-cab40d64eab61c00223b6a31f91745f9,2024-12-02,-99500
bca-cb96308ba7747bad1434247f8f9fd51d,2024-12-02,-31900
bca-b341fe5831f6104279d4651089ab4a96,2024-12-02,34500
bca-e529c76e5aa09e29a058998ca697d303,2024-12-02,29200
bca-b1d44db16e21e20ed3bb901dec3be512,2024-12-02,49200
bca-633f55e8272eda9ac1da9a1c28e519b9,2024-12-02,58000
bca-a1dad5258577dd7ac8e6ddcb551e9107,2024-12-02,92200
bca-ab4512e230ee51f2d8391fe1848acad9,2024-12-02,32300
bca-e1e706f731eaf1d770e4784a5ad5b83a,2024-12-02,58800
bca-35c8f17482d284ad89f0cd967d8fe0ed,2024-12-02,-98900
bca-91a3490c487dba0a0391fb279a096577,2024-12-02,-87200
bca-0b49525be6c25ef6499a1d2a3a231fe1,2024-12-02,25800
bca-93fba0c763f76946ce67025b4e4b579b,2024-12-02,20000
bca-c43590247c21da4d66c604aed05718af,2024-12-02,73200
bca-dca3abf8645fb6f79dc0a6ec0fdbfd0d,2024-12-02,11200
bca-637848bc3f26a9afdcaad4e36fbe2504,2024-12-02,48200
bca-2c22d4de22b7ae702fc4f5bc25213f73,2024-12-02,73600
bca-2ae62a02e67d4926421de96a6c6b5309,2024-12-02,86300
bca-062f8a1b258f15b11a555e00e6969c72,2024-12-02,48900
bca-c51c8f274cc4ec575cc3466961ebe2c4,2024-12-02,-67200
bca-0e2adc52f5fd455d0cb5035b6f88d514,2024-12-02,33800
bca-de2852d50f7a3f74c91dc3b97a238409,2024-12-02,-44600
bca-5436112228925a64158831168e94ff5b,2024-12-02,73200
bca-1f97dee40f9aaa4c2f060e83d825956d,2024-12-02,94900
bca-7820135633b43d3731980cbb3dfecd9c,2024-12-02,-46200
bca-d0cbe7c45f4dbd7fb5bd59d5214a4fb5,2024-12-02,41500
bca-d14426cea17a44f043f986f2c7109cce,2024-12-02,-33400
bca-f3de8f64e227d2e5202811e57cd5c034,2024-12-02,94500
bca-394fdad9e541de87092ce1b05ecc51b2,2024-12-02,90800
bca-1ac790e20a112e2a00226eaed054283a,2024-12-02,-58200
bca-3d8630aec98e6d366563687f8907cabf,2024-12-02,18000
bca-f8d21e333ec404cf781bca52ab9e63a2,2024-12-02,20800
bca-ad2241b4d7e5f2f9d28c7a02f9d5c572,2024-12-02,11900
bca-7f2e2b07e9ae3df57b4cdf83d2586509,2024-12-02,27600
bca-8492711ca90c01029d5f12b44e0cf61b,2024-12-02,45100
bca-45ca9785e8db8d979a4df9750b7eaf24,2024-12-02,23900
bca-df25d8cdfde235d78435660ec5decca1,2024-12-02,86300
bca-0b83275fb3bb63d49c3aace16f4fff9e,2024-12-02,85300
bca-f88a5c2fb3d0f8bf6612662c3a440bed,2024-12-02,-15800
bca-48fa13d294f006108c18e3a592d9edf4,2024-12-02,-43700
bca-abae51059f33f37189e8ed5ac9380a86,2024-12-02,74700
bca-f1a0edbd3fdf9cf5f6067fb9c1e1ffcf,2024-12-02,49500
bca-ca893788291ef40302fe8ee49735a22b,2024-12-02,34500
bca-4d33c03d88f42b1e5c4bd4dd21308cb0,2024-12-02,83600
bca-7b1617bccb806b83e6e102c819d01280,2024-12-02,44900
bca-438d7f214cd0435ffd2bed3d35ed632b,2024-12-02,19700
bca-6c7770e78fe8bdf52ba9136516596d74,2024-12-02,97700
bca-3e64947ed87bc57f8be5d366f8e14fe3,2024-12-02,71700
bca-21d377c3423e58cec8e62542415604aa,2024-12-02,-89500
bca-169507f5e0890db94eedc893525093bb,2024-12-02,16900
bca-6438b39f6762e57deae003724ba5f2db,2024-12-02,-89000
bca-206f6d2c5218cd42651bc581398aaea5,2024-12-02,15100
bca-17947f4f8482b55af96f5ab93f0bc9cb,2024-12-02,88000
bca-5fa8488bf1bfad59684f9a8301214491,2024-12-02,99000
bca-d228a4b6856901e8e3f410c51feae15d,2024-12-02,66100
bca-45cf2aca74ca9799e1c4aa74038758f7,2024-12-02,94400
bca-a0cc321415edf87736eef79ba878c11b,2024-12-02,57600
bca-4fbf6cb55c4e88daebf282925ecbad6e,2024-12-02,89000
bca-13a2c0203e3b5a8187ced19796cdc9f4,2024-12-02,15100
bca-dacf5c136645e302f8cdb67284dbcf3e,2024-12-02,54100
bca-8b209672b1260d91432b459ae96cd3e6,2024-12-02,40200
bca-b8f48af5c36b4b16d3dd7420b7dc51a0,2024-12-02,3200
bca-f2a98bdee3f5f15f2d87717eb6155bb3,2024-12-02,-75300
bca-72af0bfbb3a02006ef12594c9b75418b,2024-12-02,38300
bca-9c634d6a7162297021909f1842d2d74d,2024-12-02,32100
bca-2d2a656c04f0c4249799b28a4977e75f,2024-12-02,55200
bca-de14d9a15a8f741c21ee7c4221e74c08,2024-12-02,23200
bca-30e86c655a7d5efe9bd998e80d12f35d,2024-12-02,29000
bca-877093ad19fc2173b1fd795a849ae04f,2024-12-02,47200
bca-426651b761f43d9e9e62806f7108942a,2024-12-02,71700
bca-7223a553a0cf5d041a5f8a42093a6903,2024-12-02,58500
bca-36ab2badcb3e93bbbcb3afdb34339ffd,2024-12-02,17200
bca-5070a1d678e4fd4c5d0f57560ca2e8ba,2024-12-02,67900
bca-1651cd4ebea0ff2e7c5c0363b5218e76,2024-12-02,-1000
bca-2c6ef62ab2ef0ee98fc56b86d4345496,2024-12-02,7600
bca-a236bcd7d2877df00dc266d63b80376c,2024-12-02,15800
bca-8d6e8b23e926385dd7899d4457714c8b,2024-12-02,77200
bca-72de86f0e0e0af45fee4bc0a87d75945,2024-12-02,19700
bca-181e4a2055e3119e9c3738402b65bb30,2024-12-02,65800
bca-1304f29066c416c7959490fef467aad7,2024-12-02,5100
bca-5af9ea285d8bbb86367fa77f6cd8cae9,2024-12-02,-41800
bca-d197d8ead88d836ed0793d8ddc067ccf,2024-12-02,49100
bca-f01c38cd2f084bff7f17bfe4124a29de,2024-12-02,1100
bca-84f1b5e884a7c24f65b51aa3571cc8db,2024-12-02,99000
bca-66092ad823443d7ee2cf3ccc18bc3fb1,2024-12-02,-7700
bca-f84655174735ab75fc16620bad6e2eb7,2024-12-02,22200
bca-d444e2e938cf32cb04421ee44432a624,2024-12-02,47700
bca-25172fed70317fccf4d82efdabbcac73,2024-12-02,-88900
bca-523dbd24103e77200597febb370e250b,2024-12-02,31600
bca-c4658e1816e680256c958c1ae01d5c2c,2024-12-02,-16400
bca-5232c4ea8749ce55e7c4d5b292a9edb7,2024-12-02,7400
bca-c53793bcaa52558307aedb4328344724,2024-12-02,-89700
bca-7a4d0bdb0bbae2051384935eb9789f31,2024-12-02,62500
bca-2e28736e99293dbd0fa43595a81cbac3,2024-12-02,42700
bca-aac9e6138bc8f57dba007f8ba9c09982,2024-12-02,29400
bca-4dca35ecc2d5ea22c1d12ccfbe17c220,2024-12-02,13100
bca-155d1c262fac6f6ae1a9e7c56624419a,2024-12-02,-29300
bca-77fffdc2306fa10c9f0f2bf28c04b7a0,2024-12-02,-61500
bca-cc39fc7fd350e8d003a6b8a5e5ceeb63,2024-12-02,-59300
bca-f3348527eb957122ac8718cd4a15f51c,2024-12-02,78400
bca-561cac3377d49e990c2d738e7e462cbe,2024-12-02,70500
bca-730526f41988eb0a4938d3d53946fe07,2024-12-02,30400
bca-65aa2cc1cff2ad78fb953cab07f487d7,2024-12-02,97700
bca-5a4a06ccd49ce5a3c6b4423c9c63c5c4,2024-12-02,68600
bca-ca0ba57472cfd54fc4a6b12953975e26,2024-12-02,15700
bca-46495e7393529bddabb85a5e2dd090d5,2024-12-02,57800
bca-a24f2d0796de1c6cf9e38ffa9901cc8f,2024-12-02,50800
bca-24ee3a0d35737e17c10ac1c7002efbf9,2024-12-02,-75900
bca-3ded20e4e8bbdb3c120545f48c97f47f,2024-12-02,72400
bca-d34942fe3203935b0e154d31b2e84c59,2024-12-02,-48100
bca-039a80ab765a7526e38c14817610115d,2024-12-02,45600
bca-a71389c3c1fce69699584d4c19dacca1,2024-12-02,-11400
bca-dbb9632dac68c6bce84296bb126c8c59,2024-12-02,-7600
bca-b3ea4666d1fd6e7ae227ae6b353c7365,2024-12-02,-20600
bca-2a110787ed71aa3b04ace03856cc6665,2024-12-02,-60100
bca-f8b1c44fc777a867cd6615fba1014264,2024-12-02,46100
bca-88410fb2ae533c5ac2f31c9f942e84c5,2024-12-02,-98100
bca-b42397cb0d5e81548c52b92f206a3843,2024-12-02,-24100
bca-6a3364047b81cdde5f1106749930c923,2024-12-02,-30500
bca-fb6a118067a37557e2917382d5179d6d,2024-12-02,-61700
bca-f5443e6f6b04edc66bf10c26f9322947,2024-12-02,18700
bca-036a902b57f4dfc1473ec5b47ac7c549,2024-12-02,45600
bca-787bdea5637b50d64dd8e31edad79a9f,2024-12-02,55600
bca-5e7f41abdc00f15344c0eb23bf28a866,2024-12-02,81800
bca-a2bb9cc388bbb2ff1761e5a030088dbb,2024-12-02,7900
bca-6ffcc67c2f0db019a640473fa03471ee,2024-12-02,77700
bca-0377934363b161432bcdccb0ae3aaa1a,2024-12-02,90800
bca-b5727899c0c50473f7ad9b6af4b5b3b2,2024-12-02,49000
bca-5456acf8b0d5d73c40beb239b4433f72,2024-12-02,86900
bca-44b3838d578900ff43ec5a8d192c5c1b,2024-12-02,2700
bca-a82f5d7698d656b069d6c14ec8d688fa,2024-12-02,-96900
bca-d53981c6e9a293688253dd0076e85f36,2024-12-02,-47200
bca-a116485494752133383efe657975396b,2024-12-02,61000
bca-16dd486101ef4d71254d1053a8dfeb4a,2024-12-02,13500
bca-b38e48f0956bfb646e7a63d1bd2622fd,2024-12-02,88700
bca-ffa564d9c66f99bb71b53163c0d16982,2024-12-02,-95400
bca-caf0e5ebc87397787ecbd2c3dfdb896e,2024-12-02,25500
bca-4e4ee1e6db3619e64bbb0025578adc04,2024-12-02,67100
bca-846cf4077c7c670e70788d46cfeae5e1,2024-12-02,-78100
bca-e530733a6d8740e4ee88475ee3749f31,2024-12-02,48800
bca-36035f9ca3f4bc4e4dbb764ab67ee914,2024-12-02,82200
bca-6a2bef9e59d1de8db9c98dd9577d7a69,2024-12-02,20900
bca-54014e987234f2675f45e5b873a4322e,2024-12-02,48000
bca-cadd02c45978204dc40b9a45ef9ae2ff,2024-12-02,29600
bca-61d5892db2004bd58c37eef2f4f48432,2024-12-02,-97000
bca-2a05ac910cb3bbea0e96a7ed508459fc,2024-12-02,43700
bca-ea47f584bedfb5770f8006d0c4491f92,2024-12-02,-3600
bca-f0c06337fe26314d1d627020cbe4fab6,2024-12-02,63200
bca-660fcfbecd1f2568dedd288897fe1558,2024-12-02,41900
bca-5dd60676d5601525326ec079abc6d363,2024-12-02,-10400
bca-16e4e0a5b9de1cdfaaa56649969398a7,2024-12-02,12200
bca-709e2da8c2566cf5887f5c569aeb5e64,2024-12-02,18800
bca-fc9a352492a630b47252436ec1fe3067,2024-12-02,37400
bca-9d886016fc18093269b20768c244bc82,2024-12-02,44600
bca-cf7a8ced4bf738076973911202450dae,2024-12-02,94700
bca-3a53eb6e8aeac7d9e659dad24257625e,2024-12-02,48100
bca-b3b211b07efde9409da62f5ff91f6d22,2024-12-02,-41000
bca-ad868bfce06b5d1b180f7527cd8b8282,2024-12-02,-1600
bca-c71aa4e4463e229e40acc715f4705684,2024-12-02,92800
bca-2146b5a9a6ee219a34730ccf03a18ed7,2024-12-02,85400
bca-c35e48f9e8d5d70c02736bb66d4ccc13,2024-12-02,-62400
bca-d2d45e705cea99cab914ff66fbb2391f,2024-12-02,23200
bca-2d3d412e520bd0a88defb1c0813642eb,2024-12-02,62100
bca-21598268044da2fabd4d4221a1de4ab9,2024-12-02,11000
bca-09e26ba2687201252c0296110dc66a99,2024-12-02,67800
bca-4547d4be2bda83bde55223295b2e6773,2024-12-02,73700
bca-0359242ac57c724400e7b67be6bf102a,2024-12-02,-17100
bca-5d1269af3a3b6baa8c59d5864d546d9f,2024-12-02,-97100
bca-949135019d5ffaca53c1908a65d394a5,2024-12-02,54500
bca-9e8ccb5a624924622568a984e83ecded,2024-12-02,-48400
bca-8441af7effd53bf8b80daf4fbdb052d6,2024-12-02,50200
bca-5d1796e34fcbbdc2db5869117cc0ad78,2024-12-02,-85000
bca-378aef0aeb005279d58bb6d3a288998b,2024-12-02,23000
bca-c5980ef5b655b1e289cff9f3f2263b2a,2024-12-02,-47400
bca-6125dc329a230b4951b1ddf74216dc30,2024-12-02,42500
bca-32e56fe5938f27d715e744cadbfc64f8,2024-12-02,35200
bca-7f0cc250520fa9ee3668158f09641dea,2024-12-02,52200
bca-521cf1ee6f6e6c4923446d85f2179904,2024-12-02,-86100
bca-c16ac82dc3834548fe40c3887aeeba96,2024-12-02,54900
bca-4b6305275ef67a45a84a00abf6578349,2024-12-02,1400
bca-d8b0a6fd19b1197bd868f227cce50d30,2024-12-02,-81300
bca-8116546db758b9a06573f970caf24101,2024-12-02,86000
bca-c3f13d6d56aff2937fa27ba552b191d4,2024-12-02,86800
bca-31c5e6a50adcca0d9b44a2a3d2122129,2024-12-02,50700
bca-5d5fdbc22451e926ceec53bc08116116,2024-12-02,23500
bca-f1afa80851053a99e22822966cd6b537,2024-12-02,23700
bca-8a82d713c08659d3e226eea067851ecc,2024-12-02,34800
bca-ae587288b227306fb4bceaf927803727,2024-12-02,4600
bca-91ed304ba9c434d72aa5fbe10c02b98e,2024-12-02,78600
bca-67aaf9dd9318f67db1c228ab8e0b2bdc,2024-12-02,1100
bca-1a61e2da2519dd75ca1e8fc23cc9280a,2024-12-02,56900
bca-cc00ff81b4ad3ab3314541ff35a2e9b0,2024-12-02,66100
bca-68dbdf4cee982ccf550aeea6a46467b8,2024-12-02,4500
bca-42538ad27d11fe03461744050f159410,2024-12-02,27700
bca-7dc9d577df451cd8dd103ad7a2836cbd,2024-12-02,70800
bca-3fa6043b08470ffc9f2e979ed960e57d,2024-12-02,77100
bca-9fa62a3c29f1d26835e68f2390f92578,2024-12-02,72600
bca-11dcc034ec2228655389863824fc5576,2024-12-02,39200
bca-67e72b9cd1265c9e9cb4003cacaef68d,2024-12-02,98500
bca-496a1368bbb0f5ba0b7dce26b54f1e0b,2024-12-02,42100
bca-49f1a1c29ae445f4f53181b13ec05575,2024-12-02,70400
bca-c8351fa3fa1958de78d8e04b27ae1a17,2024-12-02,46900
bca-9cd6bb84f1c0da7c87dfd79b4f605380,2024-12-02,49000
bca-ac4d8f188dfb89779a58d4a84582552a,2024-12-02,18500
bca-c478bd47f2ac31aa1c56866937208b2c,2024-12-02,97100
bca-4258033b8d3522bbe6661cfd26f172da,2024-12-02,81100
bca-aa0a9da2f72f7c502dea3b10c1e69003,2024-12-02,55800
bca-8e11bd20ca0fb87abb3ad0435cd04573,2024-12-02,-18600
bca-50d6cf7ea6aa684008f7c735c69f2e6b,2024-12-02,37700
bca-037a7bf8e6d0b45dff52c240e0629b35,2024-12-02,97500
bca-1d0b7142bc323a4f652ab5ba74e69af8,2024-12-02,49100
bca-6eb57178ea625c70fb45e78260282a2b,2024-12-02,-34500
bca-a6982ca22fee861c8e3261b5c0fb9d15,2024-12-02,35600
bca-456488f70971520b208b129c5c290145,2024-12-02,25300
bca-5d3e23b78b66a095e89005a4b41646e9,2024-12-02,-77300
bca-20fbe1d9371f6a5cf038d7270a6b80fe,2024-12-02,87600
bca-1435ee92145fdfe93b14f39271e3a976,2024-12-02,-48400
bca-10cc64a9fbb2e77ead33d76acd08eea5,2024-12-02,-7800
bca-5306753426c4c009c4f0b715da557bfb,2024-12-02,93200
bca-7e5df77e399dff9a23310a205ffe135a,2024-12-02,-39600
bca-e25e7f995489c5c4d2457f952c3ec59e,2024-12-02,64100
bca-19cf7ccec83af6bf89cc27c559e89ea8,2024-12-02,85000
bca-6d61c691c71814d93b35e4ab183def03,2024-12-02,60500
bca-083b850e85c74d8865b6f8f3d3ec7fbc,2024-12-02,39900
bca-3a81470629b08efa6d5cadfa398bb7ea,2024-12-02,49200
bca-147380c70c4c7e7b50320bfead6bd0bb,2024-12-02,-53200
bca-1195a3ada89e9750610c2857eebf87f1,2024-12-02,2600
bca-7b6b9cafc76f84e783a52e53976c3cd3,2024-12-02,89000
bca-7d306328efa70f55640b59c732e2bd9f,2024-12-02,72900
bca-ef248e282f2a327b2bb9faee7e90848b,2024-12-02,72400
bca-e58fb3319d813f3ee52b5089f3ee4b63,2024-12-02,-22000
bca-34f6ebb44a378e55aae8d7c700accc78,2024-12-02,7400
bca-d6f3d8693ab4d7e86e239bfb596310c5,2024-12-02,37200
bca-bae331a9c0b1cb7999ecc7895a1c44f0,2024-12-02,90400
bca-3b00dee1290d77263345a0f7020a7a47,2024-12-02,12800
bca-f1b1d47957448741dd069f981a2ac253,2024-12-02,6500
bca-fea96ad9161e1805aa69b997bfbf0961,2024-12-02,77300
bca-38ed739130c79f23ad20026809324e7e,2024-12-02,24200
bca-51542be7b28326ff77195a4afa8284d6,2024-12-02,3800
bca-954c12f9c280c3fe2cb3359677921ffd,2024-12-02,64600
bca-21661d43403eada9beb60c260eb5b87d,2024-12-02,55200
bca-7f55f20f2146fba0b7b6fc98d514d84b,2024-12-02,7500
bca-1f5a1810ad4dc24238eaac9d20c8816f,2024-12-02,-16000
bca-25f53609cb70143a7b26d27a8479e958,2024-12-02,85500
bca-b43d3d7f7b866cc06060e8e8ef9cefbf,2024-12-02,6500
bca-d8b3b60d4cd82b8679e21966af241ff9,2024-12-02,-46500
bca-8053a753106c95d02aabffdbe53fe64b,2024-12-02,31500
bca-290e7cfafb3b6767cc66b322e16bb1a9,2024-12-02,54600
bca-01e30969d7916c8254fab985d5a20b2e,2024-12-02,13000
bca-40664640f7e0a6b77caec84c5df521e1,2024-12-02,-90900
bca-c05bd24dc99d07463498306c4f1ab690,2024-12-02,54400
bca-b623593d8d41c1372e5383def011cd97,2024-12-02,-95500
bca-456b341ffa113a1c6d7790faba4b569e,2024-12-02,55800
bca-b97f4079a7bea11c18b6ec72b7e8b9f3,2024-12-02,13500
bca-f4bfe78ce2dbd787e4d0fb72d9daa579,2024-12-02,88900
bca-8a125e918ceef5aa0c1c472fda3fe48c,2024-12-02,2000
bca-1632112850d5a2f7a4e36d1de2ac481f,2024-12-02,53200
bca-2b864c2f86c9663af0aa643dbb206d3e,2024-12-02,-11800
bca-fba70daece4f8ed0a46dea0e35dceb9b,2024-12-02,65400
bca-a94307e8ea45da036d2ecaae6d64629f,2024-12-02,-66900
bca-5668fc130eda3b936ade6c829fb181e7,2024-12-02,91700
bca-db768559bba82e259487b29b0ffb67fa,2024-12-02,93900
bca-dca9dfb6f8e2b666730a204123e91cfe,2024-12-02,68000
bca-000470b597f4b8f6d202e35bcd92a091,2024-12-02,92900
bca-7a8e1ad04e016f02e72f2c3a5cc4fb3f,2024-12-02,22000
bca-85fb3647292ae3e2aa29a4c36ac9a700,2024-12-02,-21500
bca-f9852438a289a3fec928e14e02d428c6,2024-12-02,19700
bca-9c63ddacef462e3311b48f5419d38952,2024-12-02,-22200
bca-d79b7aad1fdf0f27e176239c8630a31a,2024-12-02,78400
bca-165140303f110ea461e0f36c586433d5,2024-12-02,-60300
bca-c3656a0100383f7e2f7649322ee0f3ac,2024-12-02,-60000
bca-3ceebec8ccf79e134d33b79f1d915c05,2024-12-02,20800
bca-bde1c9480ff9a83ba9d0b3093436dac8,2024-12-02,96000
bca-76b05fde3817a056cfcb770828962826,2024-12-02,-2700
bca-ca37a807b1fa913fa8483756bc2a0f43,2024-12-02,26900
bca-6feaa3a11454b18e04c82acbfdd6cf24,2024-12-02,-49700
bca-9e369e72a93b6e24b673d16364528f68,2024-12-02,-95000
bca-84e6d426aeb527945efc8aec0437e90b,2024-12-02,85600
bca-e51464801c8e7f574a23f3884ed4def0,2024-12-02,72300
bca-361319529be5912ccc8e517152017942,2024-12-02,56000
bca-9bcec0a5b758a6fc3fec729bd7909555,2024-12-02,-26600
bca-91f144fbbda1eac10e92c385dbd69ed1,2024-12-02,58800
bca-ef0f58c023277d50b192a911c8e42ba9,2024-12-02,27300
bca-f1614c4f0f1b6406ed9899e6a9759c7c,2024-12-02,73100
bca-ade579b423461b6bb3ce13a90549da85,2024-12-02,93000
bca-7fff30e5b9c84a2fd26d42be98cd9241,2024-12-02,42900
bca-b4c3b90cc5187e38c51580148f70148e,2024-12-02,11400
bca-6f4ec0ed692ed88739861bd8571ff0d2,2024-12-02,73000
bca-30efbf5e504fe6e48d91ef04eb7a2a6d,2024-12-02,55100
bca-e27ad8a9f2f0c0877fdd6e5df137e1b7,2024-12-02,60400
bca-6a9fa99d8b2180483665caa3dac4f6f2,2024-12-02,84500
bca-c2d8d88890affab8a98dd67ef295225f,2024-12-02,-63700
bca-c36e70ab234e52b970edd36f5fe502fd,2024-12-02,-44000
bca-db9005d3839da2363c85994b7c21324d,2024-12-02,6400
bca-5782ce702df7e4ff876fea63bdfc003d,2024-12-02,99500
bca-61827d660c9a0930a9a8529b2a07aadb,2024-12-02,46200
bca-5729e21529dd3c4b43cc303d744bd39f,2024-12-02,82100
bca-c3314136e4c8afbe2eabce452c3f602c,2024-12-02,10300
bca-bed89848aeded303b8dca4d2ba0c6581,2024-12-02,49700
bca-7d0c5acec8c2e5ac231b9f83fee3f458,2024-12-02,-15500
bca-2adbef6609075f92c7d946e89b4eb6b1,2024-12-02,52500
bca-56521614ffb498c92fb2ffb876c64ed2,2024-12-02,58300
bca-5cf0f1164e6440a04c133935debc28e5,2024-12-02,49000
bca-05daa6f61d9362faf0ce40f9b5656de4,2024-12-02,-91300
bca-5e3f1766d9726c3e55951aacc5b17d9d,2024-12-02,91400
bca-a26b5d69e37f67a08fe7cc2025f7a5ad,2024-12-02,44600
bca-746fe17a52bda218987999e5d8c92105,2024-12-02,49800
bca-c68527af32a4a58123c410e9984f74d3,2024-12-02,35400
bca-63e6f7faa1f2df9a67aee331d45bcfb1,2024-12-02,77900
bca-1346ea0092f30f8b4f45467fcc507974,2024-12-02,-48200
bca-9685232a59aaa6279c1b3db23546955e,2024-12-02,55200
bca-264f9b0af7f3982006dab96f27a649aa,2024-12-02,-13300
bca-0ba0ac8a15eec5eef388276aaf59ca6d,2024-12-02,1800
bca-7b4f123b9c652983dfefa9b8ca44f690,2024-12-02,41700
bca-b543161d65febf03a08c1eac532fcbaf,2024-12-02,76100
bca-f33d55175134e62a4290b2a0b2aafa20,2024-12-02,94600
bca-92e7c0848915e3b0ae54126a94c2c00c,2024-12-02,27600
bca-7d42f9a4e77ac028f5f56ee521d056af,2024-12-02,60900
bca-d16bc5ad046ba52742f44206393c5d37,2024-12-02,49700
bca-fcb4e323c0b37ff34d23bb10ed9aefc6,2024-12-02,24300
bca-5ca5db5507dd11cacbb3bb6f69024c60,2024-12-02,-35300
bca-c64e91a34bd73339d454fbf64e7180b8,2024-12-02,89700
bca-8fdfc708dd97bd9f91f4dee882198ce2,2024-12-02,33500
bca-228daa9f6a895dc7076076d36b63d98e,2024-12-02,70100
bca-5cac1d135c3398a362c008a464f120fd,2024-12-02,72200
bca-b745b8b0022bac8b182b524e15545d10,2024-12-02,62700
bca-2cdabb62054aeb019a14b85a5831df84,2024-12-02,12100
bca-d67e1bade831d643fefc60e4870c9727,2024-12-02,41100
bca-6e14596e39a6493aae7b45cb02cddc20,2024-12-02,78400
bca-b325215e2dc1b9982518d9ab47d1fdf8,2024-12-02,3300
bca-7ad0d3e1a98a1e5a8edfca7f18aebb1d,2024-12-02,49700
bca-41a47136184809825cc78bfcc32f0954,2024-12-02,14000
bca-1431bc3c7d4f0889e8a419bbbeb2f3cb,2024-12-02,79600
bca-682636927c67a136288205002c7b2ed8,2024-12-02,47300
bca-b7643a2fe7a0e5197e509b0cd82ea902,2024-12-02,1100
bca-1654d029da3a5680f5cc2fc9948fa135,2024-12-02,32200
bca-8e250206284ebfb6ef73715ce71a0b98,2024-12-02,32400
bca-99229810476022d9d7cb5712a2828067,2024-12-02,64900
bca-9615f7e12877c3b82a410a142de8537e,2024-12-02,-9400
bca-ce57f7a1ebf8108b8d17e10707a67da5,2024-12-02,-45200
bca-a9c0922be8cc4d3077d48b7e66e14e4d,2024-12-02,80500
bca-3b0eddc01ec49bfbb2f2040703cea584,2024-12-02,10500
bca-d8207f403a03b5c398327933103eeeab,2024-12-02,-99400
bca-a508ef9dbec66cfee649c754779ce285,2024-12-02,70700
bca-23b975685b49beedcfefeda5beaa3f1c,2024-12-02,16300
bca-7e63f592e5a0dc20fbe06ab765fd69ac,2024-12-02,77100
bca-c2b8a957b1e62cf17cb1aaa4a9dff479,2024-12-02,-36700
bca-c464cb68043acd61e3e85eddf787f7f0,2024-12-02,-94500
bca-a7cefe89925268bcd078c1bc23e3dc0f,2024-12-02,82400
bca-8476f65df437441249c56790029a54dd,2024-12-02,54300
bca-9ca5e29396af7e568430a224522eb7ed,2024-12-02,61200
bca-7e6b7c52740bbfbd8b19d11728e59f74,2024-12-02,-6900
bca-76f1817effcb0ea3641eb516b42b6c44,2024-12-02,23200
bca-3ade2e8f151868ab9c3832af6869c75c,2024-12-02,1200
bca-2bd9b0d72e999a63f5908455bcb213c7,2024-12-02,14000
bca-24c8801db5394e38eb7b8f45c295a22b,2024-12-02,9000
bca-5b976839b0cb68629fdd35ee14771077,2024-12-02,91000
bca-cd91b5bf0e2e41866c4c751537f3acfd,2024-12-02,39400
bca-6f18d679c5812f6cd04609452672a00e,2024-12-02,46600
bca-569755ff5d39b77b30fd692347d54493,2024-12-02,67800
bca-fcccf6a52c0c3d24308c198bdf3fcf42,2024-12-02,-52700
bca-868272f8cca21e657845288eabeabbac,2024-12-02,86500
bca-9e0968c68ed5611be298bb1f2b09ff96,2024-12-02,30300
bca-ba34faf7113ea9a25c3e56578717852f,2024-12-02,14800
bca-980d80aaf52fde33402b6b4bf17043f4,2024-12-02,-61900
bca-84df3717fdf997f3adc0c55c36f14ece,2024-12-02,97900
bca-9197bdf3515c9c44eb94c4511618349a,2024-12-02,19600
bca-470d73648d52e8961ca9f26fc465bc91,2024-12-02,30400
bca-45dc05362c816502d9d850447f2c0d1c,2024-12-02,-69400
bca-9043fb70aa6e360273b86993558828ef,2024-12-02,85000
bca-a1d67c8a129e6ffdac7dbc1eb428ef28,2024-12-02,41900
bca-361e3b35188ade2a5269da5ee2ba515f,2024-12-02,22300
bca-819d6b316a1e5e39a44f6134c66daa2e,2024-12-02,59100
bca-68ed91f44f743d8d9cffc0dfae698ef1,2024-12-02,50000
bca-138d3b3b6a5e05d7ed93a30dd2be8ac3,2024-12-02,10800
bca-438bc77db8c5395d1cdf450e8710a544,2024-12-02,1900
bca-a30d6e6971cbc8f553c5be2d08be79eb,2024-12-02,1900
bca-fb53dafe3de2c32fbc24284f87700195,2024-12-02,15000
bca-726f5a973bca50068d5bf05e6d1c6ebd,2024-12-02,24100
bca-e5daaeb58b71012fce5f07ffab2142ee,2024-12-02,67700
bca-8d61c9742d76249732fdd5ef6599db85,2024-12-02,26900
bca-5e35b5b7cea64697bbb348e23a07b110,2024-12-02,66500
bca-a2f87037300a4d2a1956c1dec3b16e6b,2024-12-02,13900
bca-ccc662da9d2bd3606a2008faa72fd757,2024-12-02,38200
bca-bac1a67249362e902d79bfe554b97ba7,2024-12-02,71500
bca-74dce9373c4a6962539898fcd9556af9,2024-12-02,87100
bca-6f494a9ab3b28fa1dcf34373e9763e5e,2024-12-02,22100
bca-bdc66010c33b2ee459d959c3c925e425,2024-12-02,-53500
bca-7f04c69bc5c2bd227060ad502aad1b83,2024-12-02,11300
bca-0dac63576eb907176d68841ecd8aa147,2024-12-02,49800
bca-04d8cac146b4bd1f38edd54200aad284,2024-12-02,-3700
bca-987c77b1eaa252f5199dba151d516458,2024-12-02,33000
bca-e196aa539048159cababf4a570f86c18,2024-12-02,53500
bca-2f748bb1bc81407373a523395bedaf94,2024-12-02,59600
bca-a451a0c85d5dc84852e7f8f5d22eea2f,2024-12-02,86700
bca-9e55784b862708ebc549b905dbe0b556,2024-12-02,27400
bca-4ace00905eb9e6e10f3da6635699a51e,2024-12-02,7300
bca-f3276d035d7167b3b126bee5980321cc,2024-12-02,10400
bca-934df9443d0d9ea82cf50e0a7fd2abdc,2024-12-02,37500
bca-d6ddaa8bdb91fe2e8bf39f6284e83ef4,2024-12-02,27700
bca-662328a4ef2c278082fb13304e8b1cab,2024-12-02,27600
bca-af838afbe2d673502bf4e43b4b5c607f,2024-12-02,-58400
bca-40a3edf583a6785ce4d0b0cd2bd5d7db,2024-12-02,-9900
bca-950341e935275aae8c83543d8d08e94a,2024-12-02,3800
bca-9513241b4a86e3a0ad97f09530a4e093,2024-12-02,22300
bca-137a97728479d6b05f1654f197d4496a,2024-12-02,62500
bca-a38398d2bd2dc8f2fe1c9cffd474751e,2024-12-02,-55600
bca-d9fc4076ec2df06576dbb939b247e8cc,2024-12-02,-83900
bca-4c3f7ac59c77138291ea96f29baaab31,2024-12-02,30400
bca-f9223cf3366392c757af80911d2f93f4,2024-12-02,56500
bca-be0448a8acb5c3c187b1c7959ee291d6,2024-12-02,-82600
bca-325057ff3409d15803c5b2106eda0bbf,2024-12-02,-84500
bca-17b5c31d56582b01a6cf3d98604a0731,2024-12-02,63100
bca-18132cabc129c25fe6d311cdf53d58ea,2024-12-02,70600
bca-67e8aa75d2eee1b2ba7697fccf36f757,2024-12-02,75100
bca-8ec43c530544835639aa9e74d9f8b8ab,2024-12-02,57000
bca-be32510701752e24c9af20f55dda3f10,2024-12-02,49600
bca-9fdd88b26139ae9ee041b72854a5bee4,2024-12-02,96800
bca-d74fe98de44defe868c4765d48554f31,2024-12-02,97000
bca-73c08618ce1df22ac4e1d9236dad739c,2024-12-02,-46600
bca-c297e95caeed591feb66784476d5edc9,2024-12-02,81200
bca-7830d27801071a85e084d6561a568087,2024-12-02,25300
bca-f312618534d817c3deb1ac836e66efaa,2024-12-02,32800
bca-e27b2077054a7c70a7df8dc73439fe0c,2024-12-02,-57400
bca-545dbce52e7c9938ca65da3df35b6384,2024-12-02,34800
bca-789d96babeafe9a3ee9d24e884cb8c8c,2024-12-02,-73000
bca-881b9a392374b13d295dc1e09df99f39,2024-12-02,2300
bca-c7a281580cff15adcea7d3a11f01c876,2024-12-02,-96800
bca-03097934cbffa4f98db35a387e732306,2024-12-02,87800
bca-9f29984e74b8b29cbbd619764a3cf9bc,2024-12-02,62400
bca-9e6f479c937a92d14406485652373a67,2024-12-02,57600
bca-182cc4a7080f052c33e7eecb56ac2506,2024-12-02,92500
bca-e15b7e9a2d528e84c1660ccd9440a783,2024-12-02,5700
bca-0c720a25ed0b12386c266d2f54f96a1d,2024-12-02,60000
bca-0506977c321937d9ea4266a8716d121a,2024-12-02,-49200
bca-08ad9e3b8c9112eb42bc4d3ac8e1c6d9,2024-12-02,-87100
bca-fd38a4f9ffe2b0dea1eacc352ff58c36,2024-12-02,17300
bca-298f54904b3d0cecba5584630efb2ebc,2024-12-02,84800
bca-713174d1ab748f8e4a874defa637861f,2024-12-02,45300
bca-34558292d09823fee27e473c3d2583f6,2024-12-02,35000
bca-7d1f86cf2ee8194e16bb2e1b3c7cdb06,2024-12-02,96900
bca-0a5d75279d56dd49592b064f193daf01,2024-12-02,-59200
bca-0f92c734c5440f199990b6a745abc2e2,2024-12-02,-72800
bca-5b2c849e84926e01968363fafd981540,2024-12-02,-77100
bca-e0fbe1b54673934e66b9c1e17f81bf8f,2024-12-02,93600
bca-68b40dd3a63a5f8eec0e7d8c83737343,2024-12-02,66900
bca-db2572882e451a2de972570161a17bf9,2024-12-02,93300
bca-8ed83219ddefa31f226352734cd548d4,2024-12-02,-81000
bca-6ff0070d5753370cd3ebf0a9fe73902d,2024-12-02,-64400
bca-cfa132cc00b2be4bd8b30b4000ee63d9,2024-12-02,-49000
bca-af4a7a915052af0ccbefadfc15379f9a,2024-12-02,36200
bca-4c52f6727651065cc3c497efc853271e,2024-12-02,16000
bca-bc0e30e6b9d99b9acd7c28ae3aca6f1d,2024-12-02,23400
bca-67cb90dc8b7d5db722a528400fdc7eb4,2024-12-02,66500
bca-b967ba4774e9879b548bbf02a4cdf132,2024-12-02,79200
bca-73a24e89b1bcfa165a98f28ceb6f9ed3,2024-12-02,61900
bca-4663b7b4639bb3afd74d8f48cf27b4a6,2024-12-02,-83100
bca-b6b4c55e37b30d04c95eecc0d9cfb957,2024-12-02,16800
bca-7a327e629454506b380f0bb721cd9925,2024-12-02,-95800
bca-89b07a745bd5c3d4b60fecfa9019695f,2024-12-02,72200
bca-4e7edf4e21810bc1cf287db618aea072,2024-12-02,8600
bca-7f7480edad0129f41ac262fead85fabe,2024-12-02,77100
bca-04ddbbdfd65eab679fb16a040c8df9a4,2024-12-02,18000
bca-a486c6620377768a44c9efb7b5ee090e,2024-12-02,41200
bca-274182e45015121d894b11ae8616ff71,2024-12-02,-35100
bca-e314a87a4beddcc8523ef62ae194b22d,2024-12-02,43700
bca-331874c9f7123957f059cec8fc59520a,2024-12-02,36700
bca-1a7f91da3045ab47bfd55bbe620a1ed4,2024-12-02,-14800
bca-68d98e211c7b4db091f2a2d9b647b624,2024-12-02,25200
bca-d35add55ea1d4b8e9bea428936bab2eb,2024-12-02,74100
bca-cf5e2c70f6b8ddcc4b939eb08ef953bc,2024-12-02,29400
bca-d08fbe6022491694656eee829e2ce758,2024-12-02,12500
bca-1add7216ad361a338ac6c7e50e54003f,2024-12-02,50800
bca-e4eab8a268467c68409226e314cc26bd,2024-12-02,-79900
bca-d65fcc84762a37fc7f901487b181b521,2024-12-02,-67700
bca-cd22fd2df12a118d3e41e5f58b32da3c,2024-12-02,50500
bca-cea118e90091184fd14d12ad9d25c978,2024-12-02,60400
bca-d6b4713eaf7bdcff7481215ae1c51b37,2024-12-02,86500
bca-0966b0a2b51b47b5dbb666dff650ccc6,2024-12-02,22500
bca-de152df63c26997aa4156d3e37a41833,2024-12-02,41700
bca-af348d4df1d2a3d746f86a3fddcd0e0a,2024-12-02,78900
bca-381fee3c1d8334b121bf3285ffa38013,2024-12-02,45100
bca-d912ec23c72ae4c7f6960a483ab1540b,2024-12-02,-77600
bca-03de6999146c535ab73b78fceacee926,2024-12-02,-66300
bca-0bf5fb41178e4d2147ad99bcd66e41d7,2024-12-02,44700
bca-8b88487749bb1e814ecb1ff9fdba2232,2024-12-02,23000
bca-57db0288f6ad4ab798438760cd3d09ef,2024-12-02,23300
bca-ea9d36c1b61db6c72d332e8a25b3c5cb,2024-12-02,5700
bca-f51042ac539c4b86e5d43d4d0a220852,2024-12-02,83900
bca-f36e0a904a40f5a134612a59efeb86cc,2024-12-02,55800
bca-e5be3bef9bb2678ffb8adb7865afdb5d,2024-12-02,57300
bca-9f6a4a7588622abf743d3b5184703d93,2024-12-02,31000
bca-6488d55ff4fb89256ad3937e92f5090a,2024-12-02,26900
bca-62d743a553dfdde2dc17bd175f0819aa,2024-12-02,22800
bca-eae5e80f5656823d2401d38a339345ca,2024-12-02,-25300
bca-ab7d396d118cf6c7b28e55c3cefc9730,2024-12-02,25900
bca-2f2c43f0d95cfec71ad055b0f551a2d7,2024-12-02,-80800
bca-aac11c235eababbd8e1d17581db992c6,2024-12-02,66400
bca-d0a0ecee6426e098101be0311caa03f3,2024-12-02,-4000
bca-6f3f1ba723bd83505c258ce30b66489f,2024-12-02,79500
bca-b5fc8ea4f4c82808aa21a6e15a1dc3fe,2024-12-02,-83000
bca-5739f8275fe104731a2ee12eb9023c2b,2024-12-02,-94600
bca-637444b88b952b60334807fbdf03e6e0,2024-12-02,-94300
bca-0316e61eea672f951f870d87da499a1a,2024-12-02,-69800
bca-fc631cfed102bfdd4fbcf577f0665ed5,2024-12-02,41700
bca-cb02747400154cb7e16c69c1b6cffcf0,2024-12-02,96700
bca-8543705911226472698456726a526db2,2024-12-02,71200
bca-a4a3a2afaf70fe86ac47a45037dc9fde,2024-12-02,81900
bca-82e61dfa47d34308e2d3169e8c377340,2024-12-02,63300
bca-2caa3236a40176994b63b7e3627d3dc0,2024-12-02,82200
bca-480cedd8b3acb41502073ccf9a766fc7,2024-12-02,86500
bca-599efc716c9bad32ee590382f77d2c66,2024-12-02,-77700
bca-fe9a575f71581178ff6541448ac130ee,2024-12-02,43400
bca-671f8646af237ace8e8149c974069f38,2024-12-02,-46100
bca-b5eb114f5f8aec0d5e95ca979f440da7,2024-12-02,16800
bca-2b5d73977ad98896e8c02d1784f55da0,2024-12-02,89500
bca-3e20fb07d2ba347ea406ecda96abc2ea,2024-12-02,-64400
bca-41d5b84e722174506f0ccf3d76650b70,2024-12-02,38200
bca-cb4e366a52647fc61e6b92baf929e2fe,2024-12-02,-95100
bca-fd8b611e6bdf6418b17c4ebce567ead7,2024-12-02,75400
bca-7f0de4e685ac849a1f6a447488f3897e,2024-12-02,93300
bca-6b3b7ee37b688ecbd03fe783dde6c53a,2024-12-02,74800
bca-f5f12ad54f572ac34d4fb3870c0bc501,2024-12-02,56100
bca-277070a0b850eb10e5e655d72073a1de,2024-12-02,-11300
bca-6d9be47296879f6442796ee2c9ece610,2024-12-02,46500
bca-fdb581bf3a3e799d4c293c0687ad7480,2024-12-02,50600
bca-f1890cf62ee6fd5e1d4945d041417727,2024-12-02,51400
bca-9638ae9cc232568adfc9c62787c73460,2024-12-02,30200
bca-35ee8589138e1ac4d39766ae54d4f5b7,2024-12-02,97400
bca-a4577b0513714448842c26ed5250ddfd,2024-12-02,34100
bca-bff4dfb020072de8868c49230eb9eda8,2024-12-02,85000
bca-aa840d05f4c0903705296500d4cbb69d,2024-12-02,17900
bca-dce9e9c0dfe4b6c2add6d3ad5c184ca3,2024-12-02,68800
bca-b4b442a6b6d95d3131590c6f8ad3d0f7,2024-12-02,14400
bca-3ceede378db5420028dc718f832f8322,2024-12-02,-34000
bca-84e25c2ce7fe88df3e4c67e4c8a4455d,2024-12-02,94200
bca-c7c6360b5beb3b322047befc2fdc36f4,2024-12-02,64700
bca-a4c856bd7ee00ea2151c1a0b8c3d5963,2024-12-02,12600
bca-dcc5ce6453070e90c96c4c6308b31d11,2024-12-02,6500
bca-0a3f478f98135d07a5878efbac0cbe45,2024-12-02,-23700
bca-c3581ad00703e2fc7e95d3a01876d75a,2024-12-02,38300
bca-5b70fad233edd120cf929a1bc6b5d935,2024-12-02,44800
bca-c6957e7ad36fb0ce34ea00f7571e7fc0,2024-12-02,55800
bca-859acb472cc0e36f4690e330bb8aa7b7,2024-12-02,70200
bca-6fbb5bb650f425aabd67fd880bc65cfb,2024-12-02,80300
bca-7e51312cd38b55790c02c2b5a953e010,2024-12-02,97200
bca-984879208481d087ef89746d1cbfb5fa,2024-12-02,74000
bca-b78dc9fcdd98129152ca00f95d03ca51,2024-12-02,-3600
bca-cb4b7d70290a2441d79126ec67d44c7b,2024-12-02,-76100
bca-314167e0ef3080cee5627bf52abaf40b,2024-12-02,72700
bca-d8925b47a8457bfaa3e9cfb5e19190f1,2024-12-02,83200
bca-7c9ffb07342080abf86352b9b75bfdb3,2024-12-02,88100
bca-09303a659ce15537494657851569bc9c,2024-12-02,16000
bca-9773e629f219cd0983f13ad03d259460,2024-12-02,-8800
bca-c71c591da66e6789518266bf84d1d4c0,2024-12-02,78900
bca-4b63e8d88563602c7a08e4cb8b2f5a00,2024-12-02,60500
bca-8e8065ed0f04ee144a39ebd1a46f0e35,2024-12-02,74500
bca-30694197cdff20455c1dcb6cac36943e,2024-12-02,-45100
bca-7892cabc9d98123779b8f0810efcc7fa,2024-12-02,92200
bca-cbada696ce3b2fc8f1096f2b06806152,2024-12-02,-29600
bca-a1079cb7f45ff9baa961caafaea327a9,2024-12-02,26300
bca-8f3a25d9266badb3020aab3990891741,2024-12-02,56700
bca-e124997cd701c4a7b5be8c7a02fc6c86,2024-12-02,-77900
bca-f2eef63d1ace2232bb145596a61c6c04,2024-12-02,93600
bca-387f2c82122ae79ac2b5d5719c8850c7,2024-12-02,52700
bca-985d0625c709b731da9682357ec3f4ae,2024-12-02,19400
bca-641f1288023fff17db8dc2ebc4a37cb9,2024-12-02,2000
bca-d3e2e55120cfe8eb0992074074e595d7,2024-12-02,68100
bca-480df241ade1c466893355eb446d8ab2,2024-12-02,90400
bca-7c4c6f3487a377c25c3c92d563dbb458,2024-12-02,12000
bca-21f3629ff66f665869d6af870c09fa68,2024-12-02,5200
bca-d3506731e014ad737dbc24a6baef8752,2024-12-02,-91100
bca-60d566e6f3f27063f2254f92f5163df9,2024-12-02,-43500
bca-9b50235f495fcf2b7e903ee436ac55b2,2024-12-02,-76400
bca-4e3edd7e58581db09da59a97a50c8478,2024-12-02,-8200
bca-910fa9af7967bfe059668c1ae42e9895,2024-12-02,26000
bca-7b01e4c2f7d07e6cf26a76c07bf697b0,2024-12-02,-89800
bca-f2f55d3721c888c1047e1cb14c134a2b,2024-12-02,-40900
bca-f03b4a9ed1968d5cad82d5ea680c6a8e,2024-12-02,-22100
bca-b064e6836375d24bd48bc72b62b72a9d,2024-12-02,38900
bca-e3c2aa2b42c08d0b2540d1ccfd9d1857,2024-12-02,75200
bca-1be60816d47629a8a75341b6c1845184,2024-12-02,41700
bca-b68ed09238368ecf6da876b09b6835ce,2024-12-02,24800
bca-0746ca144a0d33800ec2cd0173c5388b,2024-12-02,24300
bca-40928a6176c1066e22b00c23b6062175,2024-12-02,20500
bca-3e3e2780c4f3a3e789416da3747cd979,2024-12-02,84900
bca-ff0b7b0869fc1264a0fb7b1931c0db6c,2024-12-02,-34500
bca-2ee3ea394280b3eb102598bc643695d3,2024-12-02,69400
bca-3e3366c4f451e64a2d58c540db4357ca,2024-12-02,87300
bca-a2b097780959376ada2cad1b0d746be3,2024-12-02,29300
bca-6f9f346bed9de1c538fe794eaf5c94d4,2024-12-02,15900
bca-799330476570b4e20b261c455ac70489,2024-12-02,21300
bca-926944bd90a1868dae4b6c3f5fc4c6a2,2024-12-02,-98200
bca-63238a3eb5257800648fb9d800d9d120,2024-12-02,-43400
bca-e758142287be07547981149b10e31ed8,2024-12-02,16000
bca-f365f78e30da5f6a0a94424746f5cba8,2024-12-02,6500
bca-e4c1575cb80e98f65bb2273117c4d8a4,2024-12-02,10700
bca-ac2c43af5f2735a71bb772ee59df6ee4,2024-12-02,82000
bca-0d2ef748c3a2f15f7812f645b3dda930,2024-12-02,-14600
bca-22daf7a21c553ce60adbb78f6edd97ce,2024-12-02,-15200
bca-333cd7514b21d9efd404fe48b461185b,2024-12-02,-51500
bca-d78d1a476015a3133c28de1d3b01b7f1,2024-12-02,-97900
bca-d0c876c8a2cd41891cbdf6b5f9f7c945,2024-12-02,28900
bca-85e053c34473fb6db58b84175156b72d,2024-12-02,3600
bca-0ea128148a9a953869b1cf0d6de2ff43,2024-12-02,9100
bca-bed131d57e79e70112c8abf632fec237,2024-12-02,1500
bca-bd3a922feae18bebe502f077d74f82f7,2024-12-02,80500
bca-d2898dfbe2ffa037d2f86786d2befad6,2024-12-02,43300
bca-91fb4741012791a8fd7845fd68612a4d,2024-12-02,87800
bca-7da6bf7aac42a9f8bdc54adace446149,2024-12-02,-23000
bca-9392e914eca91794cc1f9b0bb2c349e6,2024-12-02,26300
bca-378f1bb83cfae4d1fc51a790238e5f48,2024-12-02,1500
bca-4d384938bdfb0bc9bbe9067c50233cfa,2024-12-02,87000
bca-dcc62054ae723c44630547dc82dca610,2024-12-02,98300
bca-b12cda5c2da4f43b32170aa8921edb21,2024-12-02,78000
bca-d2dafe0815d4bce268d74f6fbaa13218,2024-12-02,-72900
bca-032bc73e0f6183ec7f1e03e6185f508e,2024-12-02,27900
bca-bc86770918f0d5f99875873c468d2010,2024-12-02,69200
bca-7b2de56024370ca18a997dbcc7311c9c,2024-12-02,82800
bca-5d7634608aae84d562d661c969fe8801,2024-12-02,-44300
bca-853f4196e57125e1fd015363a845ba3f,2024-12-02,8200
bca-b3bc747da3cd28911f530f6ac8bf185a,2024-12-02,-99100
bca-d630b9158ed532cff2f509ff761725e3,2024-12-02,70800
bca-f9f3a1773f086a732921209e23e9ca20,2024-12-02,96000
bca-f6a8b43cbd9652a084181fb1211dd8ec,2024-12-02,19000
bca-833031170a5e06e259611af413909dbe,2024-12-02,41800
bca-04777e7277ba775b25513e271b37ab7b,2024-12-02,-93200
bca-f800d7c5c5ac541cbdf2677003a304e5,2024-12-02,-37300
bca-0dfdc2e9513f78c73b220885a7c5389a,2024-12-02,-62500
bca-36dc32b4cb1ff2dd10652929a50e1fb2,2024-12-02,56200
bca-615715fd28606fed0dc69444104d688b,2024-12-02,-68000
bca-7a4717d7606425e8ffdb49b865a0e0a7,2024-12-02,75200
bca-47926afcd36872166681b37fa969a374,2024-12-02,4400
bca-85ca709112db8b4f4928115c7a1f8323,2024-12-02,42900
bca-2f96c8a390c5f54d0fef059cf7bea5a0,2024-12-02,-16400
bca-8b964f283d1bef2fd97e8e2b4232c439,2024-12-02,-33500
bca-6463ffe2fd9c4f99138d94ca2d2a0c39,2024-12-02,-73500
bca-9469ae0194968e455f8a5004009d45f4,2024-12-02,14400
bca-eaf59358d042ac9525ae136103c60377,2024-12-02,6300
bca-848c40ab2720da2b2da3e407aa8e8144,2024-12-02,-37700
bca-b98a12603a43b47351353d158131136c,2024-12-02,-5100
bca-0a5df9d020f24ddb8e5d1899e1861b3e,2024-12-02,44600
bca-dd2fecfed631bb2bedad55f09dbb6768,2024-12-02,-51000
bca-5b87bfe5fd15e221cfd4dea5393194eb,2024-12-02,72000
bca-b3263507a7b3369a63421302230677fe,2024-12-02,-52700
bca-2d1b2186c81e565e5c6347181ca20fe1,2024-12-02,-31900
bca-66e783d9bca88b0a3d519fe4ce605bbe,2024-12-02,67900
bca-f7d01b9b647d373049fd03a3a7705567,2024-12-02,-98600
bca-42564b9ced4b1f33c95e00e934994485,2024-12-02,55300
bca-a9a8b97b40fdbd19dcaa847f9bf57c05,2024-12-02,54500
bca-b9340526cd5dd93e607bdc6a91ab63ae,2024-12-02,73300
bca-57a195cc6e72b554100fbb528e059ce7,2024-12-02,23500
bca-c8c206a2a4213a0f28a07893f01fe6f1,2024-12-02,-4800
bca-c38d19f59371beb7fa153c801e962ecf,2024-12-02,-39100
bca-731c89254b50fdbc9340f86dca0cc72f,2024-12-02,91700
bca-ebd6fa97d7db43806296c6e0f396785d,2024-12-02,31000
bca-8a6581c325e3e674856115425d889fc7,2024-12-02,-45400
bca-f6c416182f9cb6f229d2791073fc67d3,2024-12-02,-25500
bca-c30ddbe5d4a648695b2c55a4c722315a,2024-12-02,-60300
bca-99f23903ff63a2cab7a41851968c0cb6,2024-12-02,11900
bca-716d545015ec565e2467e090951ec198,2024-12-02,16900
bca-051138595318888c64d4c09a2a273425,2024-12-02,-11800
bca-bfa8fab8e60c70455a50f8fb629bb2ba,2024-12-02,22300
bca-42ff193f07f3342d2617e2c0c40a2928,2024-12-02,47600
bca-011ee3eae05a2f33669f8ab0710cea08,2024-12-02,98200
bca-00bfcada43d34b30071dd5f5c64d40ab,2024-12-02,13500
bca-4062b8c80568f86316466cf0a82078f0,2024-12-02,12600
bca-ba4c85a5afd8d633b4fa42752bd2bf35,2024-12-02,-86100
bca-148020f0598097dce05bdf79f032dd95,2024-12-02,38800
bca-46d2c3bdb16648e7bf3f35af74c212fe,2024-12-02,91800
bca-2e041f2489bb6769f03d71729771aa0b,2024-12-02,-57600
bca-333daa3c3b684c8dd537046c6de6054a,2024-12-02,-44900
bca-4a98fa5bbbd4ded2374a17f2782b54f6,2024-12-02,-17800
bca-ed153fd94620396d2f8052e3ef512e10,2024-12-02,70700
bca-7fa7983649088f56bf75d3d59e2c1f4e,2024-12-02,26800
bca-b8e81f3bd03579e15b24f3c51d78caf8,2024-12-02,-91000
bca-7b4972f8fd297be282083353f1eb0722,2024-12-02,-89400
bca-6bdaca866374d4e726d7411df932bfab,2024-12-02,74700
bca-a6977f55d21b4efe6b30828a1d7848e2,2024-12-02,-37100
bca-ed0e1ae2fd40a8b826940457221cdd94,2024-12-02,-37700
bca-5f97beb003932cfbf957e0cecaa1ec85,2024-12-02,2000
bca-78e16403be8dff4bf3ab692cc4135e54,2024-12-02,10700
bca-0bf6c2844a960dae098ea154c903cdf1,2024-12-02,-64800
bca-0932a5ea7a11382acb4530da93787a42,2024-12-02,-90800
bca-4aa8530fab553a4c31ba51b785712042,2024-12-02,15500
bca-5b97d0fbcaa20771a88ace23853d5b47,2024-12-02,91400
bca-d362c129eafec696d2704fdd7776c448,2024-12-02,97300
bca-cc5c5f5d735d5cf4c1ab4b0df79b670e,2024-12-02,43900
bca-e6d17eb49152aa065408e55ae6e910fc,2024-12-02,17200
bca-7bbb51e672cae48378b58bde0d59c6a4,2024-12-02,-53400
bca-89d59654dd29406eb6ede721ac60d6ae,2024-12-02,-5800
bca-e063e7bbea76782c8487b164dc5189f9,2024-12-02,77400
bca-fd1e8c9de5aed872cdc2e1921b911487,2024-12-02,-96500
bca-f7b6395bdb5a145cdb116dd5a6ef16c1,2024-12-02,-8800
bca-a5ed2239e95e7ca75cb8bd74b6f2fc43,2024-12-02,-82500
bca-6036fed407c76d3d2acfc6e85fedd896,2024-12-02,-14500
bca-f01b2ee834be6016ebcf02cbb65518af,2024-12-02,52600
bca-1c31d24f081b714703afbcc3dbe2dcea,2024-12-02,13300
bca-77766fd87e80b40374042a649586e35e,2024-12-02,2500
bca-4e5063a3915bbdacebf09f239699c699,2024-12-02,18000
bca-bba357c1be072d85773d784d65673110,2024-12-02,17600
bca-aef3539505cab8aa5e0dbaf1b47b4aea,2024-12-02,-34200
bca-49aba9aed3301c5f99d699cd832a6761,2024-12-02,-9200
bca-1076567ccf58f8e41345da8260912105,2024-12-02,45800
bca-254bf56d33eac284f3425e18d57edb9a,2024-12-02,-73100
bca-849edfd57906f4110743d76c013b5000,2024-12-02,98000
bca-51bdb2b5d8e961ff2ad1e2ac144ff860,2024-12-02,-64700
bca-493a1d4c0259d3cfa6608091cb7beeaf,2024-12-02,49100
bca-3460f63329fa6a53a5585a977e409de8,2024-12-02,56600
bca-e103d227615d8ac82f376edacb2d4795,2024-12-02,93200
bca-58aa8b7e60ad166e3b97a21cd8fd1765,2024-12-02,-48400
bca-978bd0714f38f0063128e6f35e9da1a3,2024-12-02,94200
bca-241638b4ccab52e67ec38c855f522c5c,2024-12-02,96600
bca-5ab24e0f01687b621b25ffca4c71a45a,2024-12-02,28800
bca-292fc4b1b42089118bddbfb74ab62cd6,2024-12-02,82700
bca-74463e90e5e91463370199685bb0b9f5,2024-12-02,6100
bca-d18602dc22ec02ca064a02835b8884d3,2024-12-02,-22800
bca-0077414d0a3f5c516f00562f743520dd,2024-12-02,75200
bca-6412929f453bb4535cdd332a907bc84e,2024-12-02,57600
bca-9881bee4ecfb922470f9aec561e3f738,2024-12-02,-59400
bca-9ad2213e8535098be58328ccc03a8233,2024-12-02,-47200
bca-687bff5f34ef49fc9dff2519caa9e3ed,2024-12-02,44800
bca-efabee74435c9c062e899fae42973e94,2024-12-02,-40700
bca-3ac39d0532d22c821b6ee24aa5d1af9e,2024-12-02,77100
bca-88de4d591b79e0690bdc1cc980c66078,2024-12-02,-53400
bca-80e7be50472d6d276aee87d3b6112f98,2024-12-02,94200
bca-e0b1770c866595cf25525ca6541dd8d5,2024-12-02,-70300
bca-ce0facd7aacb9c55cef2a5a42b6cbba2,2024-12-02,-57800
bca-0b67be16d319e001414434e4d7c27679,2024-12-02,90500
bca-f562e40259252a441006a4ca315b582e,2024-12-02,30100
bca-76f3df4a31cbad51e9f9ab578b043959,2024-12-02,51400
bca-a0b7ba396190368930ec29d6c92bd1b6,2024-12-02,40300
bca-cdee3e771729d49b221f4e94798eb804,2024-12-02,91900
bca-723bdcc9092b61153f014c6e64420669,2024-12-02,39100
bca-5cc2b49b81f72b0e8c6d71bc39af2577,2024-12-02,67300
bca-8379814f65792bec447f4aee7cd897b4,2024-12-02,59300
bca-9a7cd0f232bea9430fbbab3ba7ca4246,2024-12-02,76700
bca-a95a29a0ef85fd6dfb15fe90296b5753,2024-12-02,-67900
bca-72c1ffde663e1979173956dbd9e29fbb,2024-12-02,93000
bca-fb4dcec59ed6344446204c2658a96a02,2024-12-02,-76500
bca-e0e601055aa8b9d81cb547b98bb858db,2024-12-02,71100
bca-500d284781a3f2bab9cfa4b45e24ddbd,2024-12-02,73000
bca-27ab53f05ea2fd0581f87b12d5eb4ebc,2024-12-02,50200
bca-5548c75c763850eb3c0ac48e86168603,2024-12-02,73000
bca-fff2e19fa6df8c0293291b208584b419,2024-12-02,82500
bca-2fe45c89b72e7f35272c3349c33a0eae,2024-12-02,-68300
bca-b5ff04c9aa495f0ec0c76bddc79e169c,2024-12-02,-42800
bca-091176ab81d811608de51f28d212f4ca,2024-12-02,-28200
bca-96633c2f0bc66b2e8c4c85f73492750c,2024-12-02,28000
bca-9363328b8ad39310c352b19dcfe3c83e,2024-12-02,-3600
bca-d4e7bb04b90ef891cb536830bc0af30b,2024-12-02,44000
bca-2ad9e9b9e449bf0e6171efcc92506014,2024-12-02,50900
bca-2a343c4afe0f2cf6b67cd61a195ec63f,2024-12-02,24300
bca-bbe45a1de0905a6cbf2b797be60b194e,2024-12-02,55100
bca-aff66b3cb056b9728ff472fe96054f2f,2024-12-02,-47500
bca-264cbf6340d43b9896fd5549e4031f7d,2024-12-02,99600
bca-74c55fc5a25d204d8186c61d8e9628c7,2024-12-02,62600
bca-9d08fb887973bf7f3d6944a876890ef1,2024-12-02,-25300
bca-9fe531d58d30fd18511e50fae38c78cf,2024-12-02,58200
bca-92363342f9e88bf6d5fedeab24703457,2024-12-02,42200
bca-4361413e6e88bb43b4d4cfcd5a1cc5ce,2024-12-02,-27500
bca-7d3cf36aafcf32a1ee27d5708f08074e,2024-12-02,31600
bca-911c8f179846e1c439d1a1b56691480f,2024-12-02,50700
bca-49871d7f0d9f2d15aa317ee9ab156d81,2024-12-02,17700
bca-14f1038739ed302174471ae2a289c075,2024-12-02,22600
bca-76bdc4ab162ac0b1e4280cc5aab87e8c,2024-12-02,85000
bca-b731718885b744e989060fefb338a56a,2024-12-02,12000
bca-78828733611479c5803fa817d580935b,2024-12-02,6300
bca-d4252612f0c625883472cbf3620ff73f,2024-12-02,58600
bca-1dc52de3852dd7c7f983e46925c79004,2024-12-02,-13900
bca-97283cdcf53c8197308300479dfcdd49,2024-12-02,60400
bca-d577d57e89f5dd2f907623cdf710d425,2024-12-02,3300
bca-a8fba7b58f1550d4dad46758192d814f,2024-12-02,-39700
bca-684ecadb6a6680f3cf7f7f84269d903b,2024-12-02,17900
bca-23c07c8551a8ee972185f7671473b850,2024-12-02,25600
bca-53ce7050d0effb9439ce5aaf0831cc8a,2024-12-02,-38400
bca-7c55aa2ea052f820b76ff887a4d6bf00,2024-12-02,37700
bca-784e6524a6fd161adca14b14e2da8c60,2024-12-02,19200
bca-151a6ec3809fc92815838e56eed9c956,2024-12-02,46300
bca-fa17e6e8725d21b79cbe6e8456432e4f,2024-12-02,34400
bca-ef2e2a3ad2e3d2ccf659b3b05eb2d80a,2024-12-02,-30900
bca-edbae2f7a371d2f34afbc0f5547f04be,2024-12-02,6700
bca-7c3050cc763ccd705e93d58abc626925,2024-12-02,-43500
bca-1d4128c4616763442247ca72d44c9d54,2024-12-02,73900
bca-036eed7b76985a453ed73ddb95257364,2024-12-02,71300
bca-9cfc246741f287196a1ec5ad759f706d,2024-12-02,25600
bca-36dfa3088cdd20bf91446d9c0fd66179,2024-12-02,-39200
bca-031fcbd4be80925aeb6401b1041cc2a8,2024-12-02,84200
bca-1133a7621f9f55b6636e534ec129e7e4,2024-12-02,99600
bca-af12641711d083510d0518242ce2ce3d,2024-12-02,-61500
bca-4df50d244189adb0a10e755c9e3032af,2024-12-02,17000
bca-4cdd388162520dcdd8fbf6ba8210d534,2024-12-02,79700
bca-522ec8cf29e32604c8b420a14e4bf75c,2024-12-02,81800
bca-27571e7676cc592802cb1ead1c5cc977,2024-12-02,77500
bca-a09840d6b0b47c414c60d8174e557dd1,2024-12-02,30900
bca-481cfebe0f4a34909cb16b3eca61b960,2024-12-02,-66400
bca-ba93ea970b8a38412749a7a12af0edf3,2024-12-02,67300
bca-20b4624a83b6ceafe0012cd680e90e6e,2024-12-02,-83300
bca-6f67c062cf192bc35a66df8db7dad539,2024-12-02,67400
bca-6a03cd39daa6a251170e10951ac16906,2024-12-02,99300
bca-9987025a0a5e5d2627140142d599ccd0,2024-12-02,40800
bca-5c06f049fc098a8018ce0fdbb3fee60b,2024-12-02,30700
bca-cd5e22bef5e789946c615c10ffb3192b,2024-12-02,72300
bca-f5dd95cc52a8942e8c8eac0eb4b8e9a0,2024-12-02,-29400
bca-59e1720cfb74fc378463321e5278c816,2024-12-02,-87700
bca-240fe912a6eb2d333019ddae428baa8e,2024-12-02,16000
bca-d91e7d4a6e5e88bbe8fd96e260cc70b0,2024-12-02,59900
bca-e421d82af8decb8793f56eb000797610,2024-12-02,-30100
bca-9d1d6698d99be7a2609e948dc85d1456,2024-12-02,-49900
bca-3c20d6f87c65e0150f9a6aca2f4568da,2024-12-02,80600
bca-f2e96d5303641fc818d964044b895dff,2024-12-02,-93800
bca-0c11cfae2cb3b427d93a5c75204770d8,2024-12-02,29900
bca-b8b8bd68b10fa40eea06d35c58ed5cae,2024-12-02,23000
bca-8074a7fa046cdef33b95496d108dcc41,2024-12-02,-77200
bca-3158b2f47ab83e69443af6909d01c715,2024-12-02,69200
bca-39b685545a5f88468f08a8ea953d53d2,2024-12-02,88500
bca-d30c25d6d1f995f0cff432c2a16fad9e,2024-12-02,-68700
bca-36c96cbc785787d008b69a0a61428d68,2024-12-02,50900
bca-8f8b14815f1485919d6c53a3331aba91,2024-12-02,87200
bca-fbc15451afcde67572df618ac40be37e,2024-12-02,9100
bca-8705024e0e53a1c7fe7cf4e62cfba744,2024-12-02,57400
bca-e1cb86e7714f9140fc7c9ac95ac0e887,2024-12-02,-35800
bca-3587434ac5b42b1d6d711b4160af342b,2024-12-02,44800
bca-8f4efc4147255bef39506e60be83c250,2024-12-02,-59900
bca-cb7d8944729bcace46fbdaf69af28e8f,2024-12-02,5100
bca-319605db2242985621fc20c4970711a2,2024-12-02,31800
bca-00b12dbbb90c529fc14ab9ae334be026,2024-12-02,54100
bca-41b4bbff23b7844c2d110d2b22dcf413,2024-12-02,-22000
bca-6eec6c225f071d10c5c5146ee4f35572,2024-12-02,6000
bca-54f28d1b0444ae33d5f72c6628dde383,2024-12-02,8400
bca-96a777f1b954ef67278b8c7f7258d056,2024-12-02,-39900
bca-58fe124e7754d197ef3a9b8934576eb8,2024-12-02,35800
bca-c405cad08f7507c8c9ab2f03e2e55b92,2024-12-02,8300
bca-d87fcec4d580dc59e81166a1c034317b,2024-12-02,19200
bca-ab47bc4c443a4534f73b95812534eab4,2024-12-02,14900
bca-55a6f007874ce5dd1fdfc980ccbb0272,2024-12-02,70300
bca-6488bf3f648d7c62341194a6c9fa310b,2024-12-02,94700
bca-3876762d0d2acbb9d01ce654264dce5d,2024-12-02,69600
bca-00402c5cfdea42bb99008a34f3645232,2024-12-02,-43000
bca-7f20e83ad168c675f3b2390aa4d418bd,2024-12-02,8200
bca-8cdc46ee681ee852fa4fc5b6e3e84206,2024-12-02,14100
bca-1ba24ce6b2c7a2cf76527a9ae20e3eaf,2024-12-02,94900
bca-8d341149aa1c205b2c2b669b8f250623,2024-12-02,88700
bca-335c048ff026674c4e0674248ebab606,2024-12-02,-29100
bca-17bd3172af89ab8620c05d33447d6f4a,2024-12-02,9000
bca-d7f16bb8b56104d158cbaae2da6d75d0,2024-12-02,85900
bca-a5f224ab1311d2784bf390a3998b7b9b,2024-12-02,19500
bca-de8d973af7ddf201cfcbc0ce9060efb2,2024-12-02,11500
bca-96eb5ef71a3ec92f9bed02a87f8a4c49,2024-12-02,46500
bca-83ae55ced6327be61867c1faf7987393,2024-12-02,2100
bca-c9e94031022470375845ca6f0a36a67e,2024-12-02,18400
bca-988637f3965e5face3551c79e1fd34c8,2024-12-02,53800
bca-0c3b16e552dcaa7418173285847fc59f,2024-12-02,-21700
bca-fb07dccfdf220ab5cad9a7702e96c8d3,2024-12-02,2200
bca-36df9513627ca1ffd9ff4395b4f86ee7,2024-12-02,-67900
bca-f5d510796d8776578f8a7e6663f18034,2024-12-02,57900
bca-2bc8ec6e16f6dfa6b42f2353108851a7,2024-12-02,63100
bca-ab18c5461c64988b16b4a19264cd15b9,2024-12-02,2600
bca-43aa7034a0e3efdada7f9e5a481f1dce,2024-12-02,75800
bca-34ba63634cf83b94c08081009df952e4,2024-12-02,89900
bca-8f28f8b6f78bbb07d492ab6d0166e970,2024-12-02,-70200
bca-1099d8b4c8bf542d6e7cadc85ba054a4,2024-12-02,-60300
bca-1c51c2666616575051a30828312faa49,2024-12-02,10800
bca-0df77dc99261566805b93082c8cbb772,2024-12-02,39400
bca-f38fc142c8693b8f868f4eba0026aa35,2024-12-02,-50800
bca-20ce31fb5f8b144ac05a612640e6f511,2024-12-02,85100
bca-5f5785c54adc4515e2a07428470c93dd,2024-12-02,73100
bca-41a6ab9ad020b892f25ba859f05fa978,2024-12-02,55300
bca-1adbc79f7e862b25d138b1fb2b3da08c,2024-12-02,89300
bca-52001403f0816f3550a4f8c50d89bd8d,2024-12-02,9800
bca-0a97440ad2ec74ee058112d096829474,2024-12-02,-94700
bca-e8a37efde41c0ad51de29850a0af4fdb,2024-12-02,29200
bca-72ff7e36262656b1c03faed95d54a729,2024-12-02,39800
bca-e8e446705dae3084d8405636794b3ca2,2024-12-02,89800
bca-9241329b56da3175983f55a525d5a41a,2024-12-02,15400
bca-248e08967a7c246b5571b7ee3e3568aa,2024-12-02,95200
bca-ae764cca032b3c0af65fbbe7cce270c4,2024-12-02,82700
bca-a8a651225899da575741aa9ce1115bb5,2024-12-02,17200
bca-841973f779eb469376f0b6476f3091aa,2024-12-02,33200
bca-58f91186653b0f7f3276c7c2f4ad5bfd,2024-12-02,96400
bca-cc5c764ea2cb3159ffcaf8ae21bc7e98,2024-12-02,77000
bca-5a8cfe714d24a393169c32346b0e1d79,2024-12-02,61900
bca-15d263993728bebca4ca2fd457b8ac74,2024-12-02,-2300
bca-cb8d9d7e2615406fe339a577c9b2ebf6,2024-12-02,18200
bca-fb311dc957f52d1a03f452c5f07fba4e,2024-12-02,44200
bca-a66308b2bcc8e08a45428405ead09f79,2024-12-02,74200
bca-419c3628a948c16b466d33dd98fed627,2024-12-02,-16600
bca-7a27d820ab987ec7beae51359dd28755,2024-12-02,-60400
bca-846ef812ccdd340eceeb8232564cbeee,2024-12-02,84100
bca-9342bd8897ed5c5601ecf9efbfbcf396,2024-12-02,1400
bca-47e5dd82c0dba98af16c49489030c3ae,2024-12-02,67800
bca-825b9313a256424c2b608cc9ffd3b964,2024-12-02,-19200
bca-cf6972c882a6c0eca36ff4afbae8f61c,2024-12-02,8100
bca-807bfb6cee8d84b2ef6481bc870d82df,2024-12-02,46600
bca-d34ce18ae92c595c18384f01407ae90e,2024-12-02,-27500
bca-53e774de919ea51bbae8cf5e047b72db,2024-12-02,60700
bca-e0ed24f5c15371430c0337a38e3cb655,2024-12-02,11700
bca-d6a40e9b7310a8a7576d3d9ae2229599,2024-12-02,61700
bca-7cc6afc3403982bf7d9645574c8ba59a,2024-12-02,15000
bca-e864fe76cf56a05fa9b8bc16a78c3870,2024-12-02,32600
bca-962ada92fa5123baa2d864fa9f49a333,2024-12-02,94900
bca-0a084e02d1a63fa34237cc5eed095c23,2024-12-02,-45900
bca-513ec975a0e91e88bd548cee79c5d91f,2024-12-02,42500
bca-e2c87d9baf8f257b175f28f0bf195a2a,2024-12-02,56800
bca-fd20e346e3a94025551a968161603c25,2024-12-02,-59500
bca-da7a303cf4655fc4a33de0108fde53be,2024-12-02,40200
bca-9c7292b352adbd66d96a6dac7fcac36c,2024-12-02,15600
bca-c6dab80134da148275f015171d6b10d0,2024-12-02,20900
bca-3127af2cf2e1c68d36a82bee2aba2126,2024-12-02,4100
bca-d898afad849162a7fac7cb04b5c7aced,2024-12-02,44900
bca-f2d8732475aebf201d5bd81ce635b3d1,2024-12-02,57400
bca-b2e6a447415273f29fab98b0a35030bb,2024-12-02,59600
bca-aebeb9eec69b1d6ff9d83c4536eb0edb,2024-12-02,85000
bca-8ccf631512a5b58aafb820c1e367b429,2024-12-02,-42200
bca-9c901e19d00e2d7e068a54b06e6facf2,2024-12-02,-84000
bca-43ebd9abdaa879d4d4ee46f762bc0537,2024-12-02,12000
bca-09f23eb4f8751f7c305fe0cb8017e79f,2024-12-02,-81600
bca-35c86bc441df0c83bf1473c41b7c9603,2024-12-02,5800
bca-17e3f946119da738827d231c295f8c02,2024-12-02,-91500
bca-661c2ed7492cba0c52eb8bc87c66d5b6,2024-12-02,-20300
bca-71c7b6889bfbd7887e767ed6f79b2908,2024-12-02,67900
bca-a2363df06dba0c604982f683dee3c81d,2024-12-02,41900
bca-ac29b62355e7cff9cdd6de6da7b979c2,2024-12-02,-1500
bca-68e7e71f77783380a07fc468577bcb8a,2024-12-02,5800
bca-17c3d8f648eca0ad7e19cdff04c63d98,2024-12-02,-47700
bca-1e6deed342707919c73a301ce9d85466,2024-12-02,-89100
bca-e822cda1083208d072f2befedff7a4cf,2024-12-02,-95800
bca-a29691724b75f94e39fcfed0fead6640,2024-12-02,60700
bca-36ede6afd62f5b6eaf5c6f4858530a31,2024-12-02,15600
bca-d75c65db77d584001dfbe3a4398b0f7f,2024-12-02,23000
bca-a2641cbf98242da8dc385c0083325b0d,2024-12-02,52200
bca-39be3adc7edfbbd48d80f37abaa56b37,2024-12-02,39500
bca-d381ad5bba1a9e63b2582a59a33d152b,2024-12-02,2200
bca-51d030c37cc92a40bbc72f09c6045a3e,2024-12-02,15000
bca-a34d0a9fa051b1b91553469f295fd305,2024-12-02,88800
bca-7807d7faf225ae80edeebcb758e6a78f,2024-12-02,86400
bca-5edc1c0469e671783b3a980046599fb4,2024-12-02,-84200
bca-4dcc381422f613b0f93cdbc1231da7da,2024-12-02,6400
bca-f97341cf9c1ca1dafe3db5037109a116,2024-12-02,-97600
bca-9411c7b20279522d3a55b43f13b7ac2d,2024-12-02,-15400
bca-6a2e1d793ad7282f043be285e8245de8,2024-12-02,82200
bca-e356098de8cabc133ffca94500b293dd,2024-12-02,7400
bca-c18d7a9737d08548bb3c7ec0d25b6496,2024-12-02,-83400
bca-e013c1f248d266022e006a88d7e7d666,2024-12-02,21900
bca-138056381a359d49dd07f94ef86e1959,2024-12-02,45000
bca-fad722ecbb078c527a5147ccfd86e342,2024-12-02,3500
bca-983e5812c2bd4485ea6d75f5c0ed4f89,2024-12-02,82700
bca-cdd8b2cba388a8db9dd9dcb0908336d4,2024-12-02,45700
bca-8b539b2780bba93b59b54ebe6f90f026,2024-12-02,82000
bca-23dbc3707f716c6914205fa43288007c,2024-12-02,-55200
bca-8e1c81c1fedee15a97269a0b1e1aa691,2024-12-02,69100
bca-01dcbc6cd836c9238ba054185117ada9,2024-12-02,-4100
bca-e1bad6a9b9427b2bb24cdf4ecbaef6b2,2024-12-02,40400
bca-9f0c30e61e41cbb697d89f9b4b8369cf,2024-12-02,36900
bca-d710339e63332a2375286194266f735a,2024-12-02,-55000
bca-012492461f81456e4427cfcc8bed802b,2024-12-02,91800
bca-e44161458ad0739ed116ac1e521b6ae3,2024-12-02,81000
bca-adcc485120362201be4517f803275a48,2024-12-02,-99600
bca-c65f8a46d2d8c5d05b285b0708c399d6,2024-12-02,-61400
bca-7b47b7e0aa81d16c40da39621338c1e1,2024-12-02,4000
bca-4b6e6c3bea6591d133903e352c7ba8e9,2024-12-02,-77400
bca-d728d775df4ef683f6617685df972db1,2024-12-02,70100
bca-863f90054220c8bba70498c809eb1043,2024-12-02,48700
bca-8a8037362d38eac0908fb3bdd959b493,2024-12-02,72000
bca-0b0a4af18d3034ff7abf827fe9f24baf,2024-12-02,-12800
bca-384de49bc4327a2c446d9fbcce7f2208,2024-12-02,49100
bca-b487a56d81da54955982ce2f3793c1a4,2024-12-02,-86300
bca-f49511c6be099192e561203c112fbd33,2024-12-02,98400
bca-e2d5035bf76baacbfcbbec889dcb6153,2024-12-02,17800
bca-8bc7be128e8b728be4e51eb3c2e49caf,2024-12-02,71800
bca-b3b0ad7918e315c0396266dd9c0c45c9,2024-12-02,-16500
bca-9b1017052aa6607078288f79dda39783,2024-12-02,82800
bca-8a2b9a008ae40ceb80f362b2dbd7a5f8,2024-12-02,-76600
bca-29c0bf66e5678074d9eb12dc71a3a2ad,2024-12-02,-95700
bca-895665ce457eb5615231c207e549dd47,2024-12-02,73700
bca-e70e447b0827dfb7c3fbb86fa2353106,2024-12-02,97500
bca-20e9dbe1c7559a8aff778892bd8a42c5,2024-12-02,7800
bca-5cc34ba08e26305f5ec189f4264fd0c9,2024-12-02,-32800
bca-0e977dec50b2c4f458b75a176dc8faea,2024-12-02,38100
bca-867b6919ad8e993b3ff2fa4c9f885c2d,2024-12-02,-95400
bca-1d74785055c875ed0987139e0cf12a3e,2024-12-02,49000
bca-81e458912ef7256f14471bc0b26a7398,2024-12-02,67900
bca-187eff398bfc887196d5b08dc159c78b,2024-12-02,99600
bca-1f85a61f0e4b3b9fba56bc30d1859332,2024-12-02,95600
bca-84ea0a6e3536654a040daddc453eebf0,2024-12-02,25900
bca-e78188728d73b82a560b77255a3d3235,2024-12-02,68400
bca-9516638cc52913e6926fc7bb3fe3ea89,2024-12-02,9900
bca-1fb216630bd2876e459ceaf8c1ab68f8,2024-12-02,-64800
bca-f5919bf9959916609574e7e9195da77f,2024-12-02,34600
bca-a4b4604685cce529dd9ed8699054b678,2024-12-02,72900
bca-a792cfc892ce2270577d0e5c8633d212,2024-12-02,60200
bca-0da09c34a25dd27ca67b927e703029c4,2024-12-02,41600
bca-e441379fe6868d4242ed3be0cc2968ce,2024-12-02,66800
bca-a307cc972131aeb7358bec580a67b9a9,2024-12-02,-76700
bca-2f2a2e8c1095ee490b82bddfffe5f871,2024-12-02,70700
bca-8a69a6d0e56cd3dfb9b8188ba2d7ebc1,2024-12-02,72500
bca-56a49979b5e4ea0989a6f3047c1a8bdc,2024-12-02,77100
bca-dd227b11ab488b65eff22acd401e03c2,2024-12-02,-44900
bca-86fc2db8b8a7bcf441ff3cd1220e0bf9,2024-12-02,78500
bca-00f03d1de3a713f8bdfa4c53ab47d29b,2024-12-02,21600
bca-bf04db8566d5895885a2a1f2740aa1f8,2024-12-02,-86400
bca-646cede97854552e116cd92d4e648c58,2024-12-02,15300
bca-1d9a81c57f36fba9e3eaa42c9f1bfef7,2024-12-02,75000
bca-c8a1364c1aef7d5ffb4b118df269cc93,2024-12-02,2700
bca-fc62b5f75c5b8fedfb385a5b40f32811,2024-12-02,-79500
bca-e66e4c69581d478474561c11c3cb93f9,2024-12-02,71200
bca-951d8680c9213dde6ba2bf1bfc93d876,2024-12-02,63600
bca-71973d58b7fd1c7591423fc356121bbf,2024-12-02,31900
bca-ef0bc1666a1239f52e43dd50cea70929,2024-12-02,17300
bca-5c85f6b1bd0b05b7256c6437cf73010d,2024-12-02,-42700
bca-e5e15aa6eaafeff5b4ce971095aae5ce,2024-12-02,29100
bca-07b455401ca8e0d7c12f0b3d51bfde7b,2024-12-02,98700
bca-4f48514da6d29680fefc6ee960370698,2024-12-02,41400
bca-83ff97e64f07af0a5494a7e704fb848a,2024-12-02,4300
bca-75ab9386fe4fb7ea2d167c448df8f693,2024-12-02,5900
bca-25ae0a28fabd5974975007901d15c424,2024-12-02,-56900
bca-5cc9466baa65ee50c7a33a3e88568bfb,2024-12-02,-5300
bca-5749a144c5664539fd70f1da16e3f2b3,2024-12-02,-91500
bca-312dffd5754e3a1f75731bf131f42b92,2024-12-02,-8800
bca-b1b2291aed9677b59044f4eaa56e7066,2024-12-02,86800
bca-d243f01344fadc6479553298161e6c1e,2024-12-02,87600
bca-5acac08b480e9359d1e790fb2585d8a4,2024-12-02,12500
bca-47437c7d9483659454b0ece85fe621ad,2024-12-02,-15300
bca-c42e5491d857b724bf198dbd7b6b8bfb,2024-12-02,73200
bca-0ce9a9d312206e4f3980414ebe3034bc,2024-12-02,97300
bca-697f074caf8504af393f11e02152ae8a,2024-12-02,-99300
bca-efd18f8cec630328614942ceb273ca4e,2024-12-02,22300
bca-4f1b10cb685f419df1914046c3aeb6f2,2024-12-02,82400
bca-551155a617afd13ba8bb53689a5c1677,2024-12-02,62600
bca-e86285383f71596550235d190b94957e,2024-12-02,31800
bca-e44060aa965d54586ce8ab3535cba4d4,2024-12-02,76000
bca-96c348f6ae20f78f34e054549cd28633,2024-12-02,95200
bca-ecd36ce94907a936c596bcd893eb6eaa,2024-12-02,87000
bca-2b7bcfd188cf57f219a0724d49a094e5,2024-12-02,69000
bca-84c05e68cf8e41a4f3da2663ae488bc2,2024-12-02,-8000
bca-4f3b55c6a4ea8d4c22f63fd009a80ddb,2024-12-02,20200
bca-d32c32efbcc3168af5f0b05be4dbff98,2024-12-02,-60200
bca-00c437f99172244b99efd7925bec31e7,2024-12-02,76200
bca-485017c7bdf78b0d9d0770d841056fcb,2024-12-02,25400
bca-770bfb0a4c6a9b31fcad22839c094567,2024-12-02,97300
bca-a8edc4b2cc1bd95641e367336917881f,2024-12-02,81500
bca-3291e911c01b299ad3546c9a33276ca0,2024-12-02,-17100
bca-6f797b8db39e66c3b573fa2dcea67e6a,2024-12-02,45800
bca-b105b7d3722ce77a14f982cf9e76a41e,2024-12-02,80500
bca-cf1b10154ec5704baf22b5a4ed1f8da8,2024-12-02,94300
bca-c21afa3ef7606e2296317ab8231b7a60,2024-12-02,17000
bca-c80c4f3614139fd77fccecacea862414,2024-12-02,25100
bca-b7064cbb4a340da303314e0f0405ce10,2024-12-02,39700
bca-5440bf141bb95c7b3a7be2fd5aee1966,2024-12-02,-98100
bca-658ca3ec08ea0fd6ba3510f47473e10f,2024-12-02,71100
bca-d983b8d1e1d7daa8130c0210774f1a6b,2024-12-02,95000
bca-2503dcde4ff5a7d7895b396be0de788b,2024-12-02,-40000
bca-51e7c9e2c9d1315ddf8cac74de17cd02,2024-12-02,-70700
bca-b4aebb5e0ac875223bef31ac63e88fa7,2024-12-02,7500
bca-0ccd440845920fc0c6bb3db8274a3c14,2024-12-02,-10400
bca-0a7487969acd08ee32c545880b320a16,2024-12-02,59000
bca-26fd50e26ca442dffd53267ce0d7301f,2024-12-02,-83700
bca-a2b5a2f768b12730beafc4695888c9ea,2024-12-02,50500
bca-e8b668f64a0a32fcef26a3820f1487ed,2024-12-02,40200
bca-52899c2e96a756896303d4e7a6eba622,2024-12-02,73800
bca-795b65de1d1420027e5d22bbf858dd77,2024-12-02,23100
bca-8677ca9559425d7051a91c2a671cdcf8,2024-12-02,98900
bca-49827266ae3674a8effa1178f2ee3f7a,2024-12-02,92100
bca-0d82a5a8e2df0ceefd01f8b7d17fa618,2024-12-02,80700
bca-653b00271183a3769b4146eabc6db568,2024-12-02,77200
bca-9fd71b4f246ddf6c55cc5e34906b3d92,2024-12-02,41400
bca-e799090620a12ec8662412cf1de78aa7,2024-12-02,-63100
bca-6979b53003e0146ac3f1563f4589efa1,2024-12-02,45300
bca-9743ccf4df4c92be300fca6c30b1c1ad,2024-12-02,-46000
bca-26ae69131a19bbc90c3ae8751461fa2f,2024-12-02,12900
bca-8bda5dc0e73ec639b7072dbc83961a75,2024-12-02,99200
bca-38adc8a33c6f0fe29dc6923ba4d64587,2024-12-02,-59900
bca-faa6c5dbe07395588bb24c039960d408,2024-12-02,64700
bca-60b763a17fc0ab83fa0c54543c77ec32,2024-12-02,1500
bca-8c0932b025cad8aba6efd4b6d9acf528,2024-12-02,39900
bca-e02e2c132e7c8a4d1ed80610cef5598f,2024-12-02,83900
bca-61664c67ff7b00b4eec8c565d6fd6d80,2024-12-02,32700
bca-b710aec3ad93ce2a897c265e5cc2839b,2024-12-02,-38700
bca-8c78cb144336aec0a21183dd07a8b29f,2024-12-02,-59400
bca-065af2a7140a3c6521579502426f6a8d,2024-12-02,-17000
bca-6f9333a9b7190b86078c6996e4c9e320,2024-12-02,2800
bca-de5f3545137df040330499f861a1762f,2024-12-02,-42300
bca-0d68d9c5b7139a992bf8e7b0a7ef11fa,2024-12-02,20100
bca-2abd49029eac3afe60d66066f8f676d3,2024-12-02,79600
bca-053d03f44d571ca99b1caef6baf0a45b,2024-12-02,97700
bca-6acec6d52833afa51c5d236e0c53f6da,2024-12-02,30300
bca-0c1a084d8e511e3c051268dd1632ec5e,2024-12-02,3500
bca-6882a31590e241b52e0b554c0b057dc1,2024-12-02,-3700
bca-50e08b9d53a601a48744b47271a47e40,2024-12-02,30700
bca-23e48720f9260aec65e2735a471b3bf4,2024-12-02,12800
bca-0582d15297a95bfca19de7d0f615d55f,2024-12-02,88700
bca-08ed794f1aab06cc9e0051f060a6518e,2024-12-02,87700
bca-517eabea928414680fcf680a9ff234e6,2024-12-02,-80000
bca-1ab67e995cf9489c485c97b630132720,2024-12-02,-34200
bca-171a28e97eeb576d865b6b0865c39f73,2024-12-02,21700
bca-c3d245d7a3bfb16f0da5fbe9c0932c3d,2024-12-02,53800
bca-932ab1938ddc66736e0847bea3ed7b8a,2024-12-02,88900
bca-27148943fbaf99dd9afd75584e64cddb,2024-12-02,50400
bca-d3e1637588ae7a085e3c138de35c3e10,2024-12-02,72400
bca-ba3284f169d81cd033d66eb06b23ecb7,2024-12-02,33900
bca-a4440adf5ce7af028919347377ed1a84,2024-12-02,2700
bca-baac0e0f25251bfe0ebfa020220f8450,2024-12-02,12500
bca-ed56a642f5637cd5ba9001ca58584fd2,2024-12-02,-21700
bca-1f0a7d8c687168ac10e230f4d1c7ea9d,2024-12-02,95900
bca-ff5d26809e66e113060e8984384027b6,2024-12-02,80300
bca-56b99a9d267175598975544d93d6ee89,2024-12-02,74500
bca-181ee44203a00c81a790a57d43903ef5,2024-12-02,22900
bca-be05416dc7a49ca3af238ada995ad758,2024-12-02,-47800
bca-d0776066035d941ee67069b3bb258498,2024-12-02,99400
bca-19be27fc23e998fd666200704cf8756b,2024-12-02,94300
bca-b6c4b5c1e48663877c77ade004325b38,2024-12-02,-41100
bca-2125c8fef16a88c81a43a69ed19877ff,2024-12-02,22600
bca-6155ea6ae15528ae1b5ed0dc8689ffd9,2024-12-02,76300
bca-02b3f7aa2c742ec04a23410f95508a2d,2024-12-02,2900
bca-643c366c6a88594c98601334f751494b,2024-12-02,35200
bca-4d4cfa1a840a8f479c97ac649aa68b02,2024-12-02,8600
bca-f57b3db27b3e65da2c2e2b978151592f,2024-12-02,39500
bca-770ff462a7450bc4dfdd8719ce509069,2024-12-02,85100
bca-c371c4d7b0262c9d71f2d70553edcb4e,2024-12-02,-29300
bca-1e8a81b9477f7e1251b005bd145d3f6c,2024-12-02,53900
bca-e3c4a0b0b1aa1c4f6c62dbdc00713008,2024-12-02,-28800
bca-a0fb4343d4670264e14d05578e27075b,2024-12-02,-29600
bca-da0f92669887ca02cc83111bd6d3d4a8,2024-12-02,6500
bca-43c620672f6f0732ab43dd075a5c435c,2024-12-02,88400
bca-7fb77a70817189187302b00dc83bd06c,2024-12-02,98900
bca-1dfb768ef14f27ce9cf54e61592b0d52,2024-12-02,86600
bca-6380b4fc133b1b58518dcfb13c33740b,2024-12-02,96300
bca-a9e71202c612c77d9d599938a09a46dd,2024-12-02,-76000
bca-0fffb321c2ff1f40f4140368c21cdabe,2024-12-02,50000
bca-f0eb0fd129bb244a2ccabc8d6789ce31,2024-12-02,4400
bca-89773fc8111b03cd80f2a15b5fb161f0,2024-12-02,72000
bca-56ad2130ffc1691c2ac7c36356a4b39e,2024-12-02,99900
bca-b046d53b3f05f59a5ea674d0159a130e,2024-12-02,93600
bca-49b80b91f81937fd1092ef5a55f9554c,2024-12-02,59800
bca-27cabe14443d6165a51095fae3558eee,2024-12-02,-46200
bca-4fb0552e4466eefce78a46e08e1887c7,2024-12-02,53600
bca-6e9648f89674d5d0f60d3bbdc0a5e53f,2024-12-02,7000
bca-9c8c0291ae462462f7fca5adea0013e5,2024-12-02,-24000
bca-a4b39d9b064c848778105dde48fa1556,2024-12-02,40700
bca-0626b23a7c2d992a23e4c6204350d5ef,2024-12-02,85800
bca-bac99f35bc6859695e79e2085854c304,2024-12-02,72800
bca-88749eee692eb832ef4b7b60e9021280,2024-12-02,-16600
bca-b6a3d9c096b9839db52cc78e38271839,2024-12-02,-31000
bca-c5b0d77bcc09a7e072582f9b00dedbdb,2024-12-02,-66200
bca-b14d68d4e3fd9648359d4fd97e25d6dd,2024-12-02,25100
bca-ddb3a3a3bdf5ee02f2a15a662afed354,2024-12-02,78700
bca-25e8cd765ccd61dcb9e63acecf59a1f4,2024-12-02,58400
bca-ade8aa6c576f44eafcf1dd395e71b067,2024-12-02,95300
bca-5d097120611d3edde87444fe9d039552,2024-12-02,5900
bca-43d1d27e2305ad45b496935915cf7a7b,2024-12-02,47100
bca-6bb5253d2004d2f0b6ac1b2aa5413443,2024-12-02,-6500
bca-7c7541596e1b7a122e1bd3ad19c41669,2024-12-02,65500
bca-51e5276247a7456dc38523b77bc0de98,2024-12-02,-2300
bca-102b6b0013de6afc2d11fe2b609fe622,2024-12-02,1800
bca-164ebdbaae73d80d9e1ecae613b664d2,2024-12-02,-39300
bca-aa271e2f293a91dff04164e1e27b1364,2024-12-02,64300
bca-79da961cd74f751611322cb40f4e830f,2024-12-02,11800
bca-5a807e6d44feee0492d9e1b11d6be03c,2024-12-02,-77000
bca-2542a780faaecae73d2d296839ba467a,2024-12-02,97900
bca-b6b0d90dbec3188d998902fc595f1af3,2024-12-02,53400
bca-a1cc737876811aa8042aac05db72ffdc,2024-12-02,-59500
bca-f2b81bb4e2b91a57481dcf4c4cb7ba68,2024-12-02,1100
bca-b90e4129bcbbcb87d952e2add9832135,2024-12-02,82700
bca-197a54c93527bd853b6f3fb688e4fe37,2024-12-02,28700
bca-47eae014bbc4b784f84a6f3cf5f29c23,2024-12-02,46200
bca-13e2d3ed2487d71ae92b40a6f51b5018,2024-12-02,73000
bca-1586af3a99f9c01b04271485d07b737b,2024-12-02,88600
bca-bbf2131181d49a46ececbedfcdf7b09c,2024-12-02,6300
bca-89674510527cc3f6574d1a91fe361ee3,2024-12-02,98200
bca-95b613926e026629f3396825c9960b97,2024-12-02,57000
bca-3f8deeada63771eee85148bc553942f9,2024-12-02,-24900
bca-b71f6e5e0d5bf51193cedac3aaf9bf00,2024-12-02,20500
bca-fa42dd3d122c361744dcb9e53108b4c7,2024-12-02,72900
bca-440932d57a503036149f86d2bf370bc3,2024-12-02,29600
bca-a242ea0d671e37c0d8b404c72d5c983c,2024-12-02,-1400
bca-6288cb58ea3a9bda1482298ee2dce019,2024-12-02,2600
bca-fa9eb181e8ed152387c5bc9fa09af4de,2024-12-02,42500
bca-ade0d2d68a6e227232a439e22e4882ce,2024-12-02,26300
bca-fa599a7dcdda5327cc1a346820b10fd6,2024-12-02,55400
bca-ea0d19807681562c920a096871b5a534,2024-12-02,19400
bca-49a25fb16b347576e7d82f39ae71f729,2024-12-02,88500
bca-3ea124ef70174aee2e64835ab191a054,2024-12-02,15200
bca-4d9922018a84ab1988c2ddceae37f465,2024-12-02,75700
bca-3b9bdf827154142c05bf9544e8a542f9,2024-12-02,72400
bca-42eff87508779062ea2600d1d33c1241,2024-12-02,65300
bca-c43a8cab438f0a283fb2f97639bd2236,2024-12-02,91700
bca-47610f3b8b885b1869819774ea8abf81,2024-12-02,-42400
bca-05186f1bded660e54c28a2fbcfd3c333,2024-12-02,98300
bca-2da62f181bf5f84d52ae3c3c68f2872b,2024-12-02,92600
bca-90ac577d61d27971ea05c91d3544dc5d,2024-12-02,42100
bca-7b1fa8e8af312c8649cb2e605e364ac0,2024-12-02,39200
bca-f50e637855500b2968ed33d27e284b8c,2024-12-02,-98200
bca-5554b8b3e784733f2f25b58401a10a8d,2024-12-02,82400
bca-0fb0d6d5b891408ce23c7a4bdb99357c,2024-12-02,50200
bca-960ca89d1457122f5b0552f334ebbbce,2024-12-02,82800
bca-4478ac74ebbfe9c49649b47dfad747f1,2024-12-02,17400
bca-f471e70834e748e9503f71658ce29f8d,2024-12-02,2100
bca-4d22f15802dc03c127cf50bcfc3a131a,2024-12-02,57100
bca-6b26f3d2b313669d8dcbcdcc1d5e2b64,2024-12-02,-28900
bca-0e046a241257d62e28f9244c5b18bc79,2024-12-02,25600
bca-c0d403145402e811600e750f6141a837,2024-12-02,-79900
bca-902f9482592265bba10cfb88f257ebc0,2024-12-02,8600
bca-98c1207290302ab514c92ea60fc2053c,2024-12-02,6500
bca-58d792ba309fc87f30b80d478295311d,2024-12-02,95500
bca-f29da23acebf4560df0f8fe809b02dcc,2024-12-02,65000
bca-9ed44eeb09a7b03893fd93f83e3b5d25,2024-12-02,48000
bca-a97ef647d0c7602b07cbd03741a7a622,2024-12-02,54200
bca-69da7b276cd8b7171916ce8e112c006f,2024-12-02,87100
bca-796738e21499b1244eb4606a4c72e555,2024-12-02,-45600
bca-c7bc8804ddbf2782973eefc39317c926,2024-12-02,86300
bca-0f378f4bd72d30edb16705a0bc8b52e8,2024-12-02,-24300
bca-d5c24e49808410d42e267443443b2cd4,2024-12-02,-11200
bca-1d348ddf74c28db641b696dde5d11f60,2024-12-02,36300
bca-f5a2fdb3c9b1673bb18b53846af76434,2024-12-02,-61700
bca-7aea5b4b65fc1f9ab85a47b5d3808721,2024-12-02,92500
bca-5cb8824f54f3a36ddc15072e078e1022,2024-12-02,6100
bca-1ce76268e60fbb881b0e1c75ef685379,2024-12-02,95100
bca-17b2520e618d23ed6cf0f06e0360fcf1,2024-12-02,35700
bca-05a6b17480ebf94cd7b5439fbfcd0972,2024-12-02,57900
bca-ec5880206bf828182a3601445f32f233,2024-12-02,82400
bca-4d7afbe29b05067fc7d4b258b521fe9a,2024-12-02,-8600
bca-82b6d626e61df43430a5ab28c3b7887e,2024-12-02,-6100
bca-f8b2c36a6af8395334424ab1ae957cc8,2024-12-02,72600
bca-e61501c17b23e4e7ce094608a8b8660c,2024-12-02,77100
bca-45ea26c13dd5b59d6406986c7536e20c,2024-12-02,-68000
bca-0511f21c9878221d53aebe769f7e3c24,2024-12-02,10200
bca-4a6c759ebb1b72975430293f119696a8,2024-12-02,15400
bca-ae21cb0af2794e264c0d0dfafc363621,2024-12-02,-91100
bca-66de24ff33881a4b1980fd343c7b57d1,2024-12-02,68700
bca-bf6ed6bf7aa629f728d7efc04ce6471f,2024-12-02,72200
bca-c6abc262197c03555dfb70ea7ab63797,2024-12-02,82400
bca-cefd30d451df5ba5000c9ed71f34b0d9,2024-12-02,-49300
bca-812024416cd97427c759d7f868a01aa1,2024-12-02,30300
bca-2b3ae726202758bc7c0efbe3c52961fe,2024-12-02,-76000
bca-53c49ad1d79e4ab989820f40777d8690,2024-12-02,-28600
bca-1b0c9f694eed1d79de78e03b76ececd5,2024-12-02,-92900
bca-f6f4c995e44a8b38df52553e57f4e12f,2024-12-02,49500
bca-b6f4c94a77a1441c9ac9a1c21b28f520,2024-12-02,17400
bca-0f7c870278caa674c503ee7f1a0126a7,2024-12-02,83200
bca-271c00fe2d703c272adec5768b229a17,2024-12-02,10700
bca-0a09b737674daf31754399b4ec75ec84,2024-12-02,-23900
bca-247aef45f92c43caaf6e9dca3bafa94e,2024-12-02,69200
bca-71f91e79dd0fa54bb0d2cec318e513ee,2024-12-02,81800
bca-f9c2c9762faf289d48f405889429af50,2024-12-02,61000
bca-c5224a37a5bd1586410cffdc3c551520,2024-12-02,2000
bca-15b2698588d664e2f667f6fb52149080,2024-12-02,92600
bca-a6f05773988af1958b4942632f7e5ee7,2024-12-02,38800
bca-906dd43ec78ef945f36e22d79d1aafc0,2024-12-02,-92100
bca-ea45dde6578059b18c50f31e11885e08,2024-12-02,-14500
bca-0bb5d918ef40cb4a05c04e20205024f1,2024-12-02,37800
bca-450bec4a141d768b46893c5fe9aca25c,2024-12-02,9800
bca-958fb36af82c50e68be787b83fdbfebe,2024-12-02,-28000
bca-b6537528ea7e2ee06bdc9680e3deed47,2024-12-02,-39000
bca-2be20ff58511055218c9f221f1c4159e,2024-12-02,-42200
bca-1aeb2d82bc06df97225ef6b1e68865b0,2024-12-02,15100
bca-fa85892a0da57dcfb5e9b39eab30f4bb,2024-12-02,36500
bca-e03b390ac9c6436cdb5e330dfed1d8fa,2024-12-02,28300
bca-41cf54bca9fca23dbbf203ecdec25bf0,2024-12-02,-81000
bca-a1a6959b368cf6a0d703b8cf5fa3006c,2024-12-02,71900
bca-61e2d6a653cd0d00f4c34ebdf247d3d8,2024-12-02,-11700
bca-fc3e146063b79bc9584fbd1da98a559e,2024-12-02,63400
bca-9397d1b7e4c4000d7672c23a9f7b4684,2024-12-02,38500
bca-686752f4359f25d0072f758afe212f94,2024-12-02,54200
bca-43c4d449b02734bdb2e45eab170a7739,2024-12-02,97200
bca-7971fbfdb261cb432df03010bd96de1c,2024-12-02,45100
bca-4ad6f9c7dcf245a82383fbd9000b1f44,2024-12-02,78400
bca-77c2c26d349da45f82f849c02b88a25f,2024-12-02,45700
bca-6acc325f864b614ebf7f89afbe6bfeec,2024-12-02,87200
bca-9515f3e3d473aafcd1dcd88600739e3d,2024-12-02,87900
bca-a0f0b8cf8aac7efc83f29054dca6e0b2,2024-12-02,25700
bca-f668ca2ee228aca0406dc676f851d84d,2024-12-02,41400
bca-9232a1692be3db7d330ab2e4aec7b12b,2024-12-02,-5000
bca-5fd083bc505df235885457ec933dea21,2024-12-02,1200
bca-1f97a0e531d2dd4bade08b6e6e9432c9,2024-12-02,22900
bca-cd2781715dc5177f9b8fc14e90fbd39c,2024-12-02,-57800
bca-9f8dd372c8d1077d353fc9447a6c7522,2024-12-02,55200
bca-b377d48ef9ef114b20cc9d293dfab142,2024-12-02,43800
bca-ff3fda150f6d46df3c02adb77106cdaa,2024-12-02,24100
bca-54889b16449ae95988b69677402706e6,2024-12-02,-89400
bca-546d4a67ecacc8ae9d4e02fe7905021a,2024-12-02,-23500
bca-5e8619ae5ec091b38b26af8ad81d9090,2024-12-02,-7200
bca-72ccfd4e2e09aef9067b20990f805d41,2024-12-02,50100
bca-8e53a5ccc18ff22a1da4c2dea8517749,2024-12-02,3300
bca-7ee1c3ff1214d0174f84327ae48f208c,2024-12-02,34200
bca-f8f53e3409d18d6c4941a607e53775af,2024-12-02,-88200
bca-958e83ec45a457324c777e111048f481,2024-12-02,85500
bca-1fb486eeb7ae80bcee2d8975e60e42a1,2024-12-02,44800
bca-2e3c2260f316f8d5336755d977ada737,2024-12-02,9400
bca-8472e1a14bbea9c6845376a94d041519,2024-12-02,9900
bca-438d5aa58a136b9b56bf3cb5afbad82f,2024-12-02,94100
bca-8c503b4194a5528a380fb5ed80ea7abb,2024-12-02,19700
bca-ba12530f8df04386f54d8233592e49ee,2024-12-02,67700
bca-01e2714fff87b7650ff6155184221fea,2024-12-02,49000
bca-bec12a9b3ef68d97f4c3404cfaee9359,2024-12-02,-97100
bca-324ae4209f1bbee52639fa0db4709d9d,2024-12-02,87800
bca-85ca78790b7554730c6c2129e52e138d,2024-12-02,77600
bca-b466ca523009beb782c87372839de28b,2024-12-02,-83100
bca-6b857cb3de93a8d2950e4b85793a2d96,2024-12-02,30800
bca-de737c0dadb0e9e07883e347f6d499aa,2024-12-02,-8000
bca-f7437c6310fa196b3fefa06f5ba8c95b,2024-12-02,35800
bca-1f108fdf205fe28406df82d324d68938,2024-12-02,71300
bca-02d15a7fe510d029f51a31cd5c0e1994,2024-12-02,55300
bca-6057873f483732f6412dda5f159d75ee,2024-12-02,88100
bca-1c50f7597b0fd1293d17fdcc8ed0ef25,2024-12-02,42700
bca-2a49a9df978f4c4d029ba3f9a1a5ae0d,2024-12-02,17500
bca-13916bbbfb49bd57d3f018d02084e7e3,2024-12-02,85600
bca-5df31b14daf47580da3dcda8355a1e0d,2024-12-02,2500
bca-924188ec8d42f4a62e59d1a3fbf25789,2024-12-02,54900
bca-0a3a54f91a77c4f63e9e0149cec34638,2024-12-02,48800
bca-7f6f57c455cb6b7e2ae440b2650c5928,2024-12-02,38200
bca-55d9647d18d365886f471d5320ce961c,2024-12-02,99800
bca-f88b4a14f94a5e5f1f3e772788da4167,2024-12-02,29700
bca-55da4542c7418330825e0bddb2c15ec1,2024-12-02,-6400
bca-c1031d38874d90043914ebd19d130def,2024-12-02,35800
bca-4996c67276c156713d54459ddb58de0f,2024-12-02,-87400
bca-32b33bc3d4263e570cf866f3a7c09b25,2024-12-02,90800
bca-53819091e39816b25d46129f3c332700,2024-12-02,-82100
bca-a585ef22feed8e5b164fa3fd0d532cf3,2024-12-02,16500
bca-0931c82ae9657197cecb21aee37ae3dc,2024-12-02,42600
bca-cd62812aba91b723df82940db8abac0e,2024-12-02,-66900
bca-881d2b840630d1baa283846520091758,2024-12-02,-69000
bca-7e4c0118d7c0bd999ea99fdee642bdad,2024-12-02,82800
bca-8ccd4f8ef3956d21c1193023e8144498,2024-12-02,47500
bca-365a56e7d7c415599418044be3775944,2024-12-02,81100
bca-f46947eb9f84b54a484d8bada34e4c18,2024-12-02,92400
bca-40a7bfd92f850f68adadef18652c1ef7,2024-12-02,3000
bca-b6b07b164d0c7b7c1dd200b793841523,2024-12-02,75800
bca-46a1fbff58226e42391aba2ea41cc681,2024-12-02,10000
bca-a47efe90560282af909b00684be7bc6c,2024-12-02,59300
bca-3f6a42bde106710c397da11d9393e1f3,2024-12-02,-26600
bca-345892b54bd17a09d1da1488d1317ca0,2024-12-02,96800
bca-d046c008ba2e8ebb32684838a222723c,2024-12-02,-47100
bca-6e2feb85160a43d2a484a9902c83b4ae,2024-12-02,15600
bca-23d6f87fc91de7de76435c45f94d4b6b,2024-12-02,-72800
bca-53076ca1797760c5b40d8dc644910ad4,2024-12-02,67400
bca-b8deec7eb52bbf41bbe114600161da75,2024-12-02,41900
bca-49e511451e4d51ca36e3aa06cea1ba2f,2024-12-02,-89300
bca-a8c8b3cff81dd02d8b735203abf39303,2024-12-02,23200
bca-57a4961aed501f2220efece8978c969f,2024-12-02,-32300
bca-c09e77e1f4d46c3721e7b8b83983fd78,2024-12-02,-92100
bca-b28d10cc0a6c453f2696c03ea9b0a3d4,2024-12-02,43400
bca-d963cd9b8d4c3c4a11f7b386d2db87f4,2024-12-02,-59600
bca-5ac38c983e216ff4a23b893f50397c78,2024-12-02,-60400
bca-06c1e12d9cc1d7a201c9efd3c43245dc,2024-12-02,-33700
bca-6ad7ac708baf257af70eae81cf808b9d,2024-12-02,33400
bca-c4c725b22ee6b7875fb3c6e4c87a217b,2024-12-02,-7500
bca-0a60d424bc7333d3c0c669071a7cb60e,2024-12-02,-74900
bca-a59d1731b0f3935fa303989edb7750d0,2024-12-02,13500
bca-8d0d3b9ed5c19c89089432128fef512c,2024-12-02,82200
bca-75c38289e226985106ab7b6a97e18b3d,2024-12-02,13800
bca-6a2e4b45c9d4a4407c5a64132da74ef7,2024-12-02,60100
bca-f85a60969d052806e5300d8643388864,2024-12-02,60900
bca-afa969c31237e4c8050aeaebbf0c7da4,2024-12-02,68300
bca-eb023a242ab2fcb917db5d3ad55a1b19,2024-12-02,35600
bca-bcefb57519b7571b022ffee65b994d4a,2024-12-02,19700
bca-68d06794c4bc14315ae203c867b10a7a,2024-12-02,61300
bca-f125e7591a037d25a6258b78fbb6684e,2024-12-02,34900
bca-f6e163ca0686b00cd0e78cdbf12c4a7e,2024-12-02,-50900
bca-34bb73052f6d485f9bddb2d9d2012666,2024-12-02,10700
bca-024d3fb1f115e251cd84677f83d0a7f7,2024-12-02,4800
bca-2ff1a6a20116c7729a37c01d0937070f,2024-12-02,38700
bca-6d3395558ac00afdea3edab2985a865b,2024-12-02,40200
bca-0a1dbc1c9b9e0b3df624b61607794f2f,2024-12-02,23300
bca-fd43127a55037f1865a6ecc726be3f5d,2024-12-02,48400
bca-dbddb54ddb5db73339bef0c41053231b,2024-12-02,-24400
bca-ea3837e9434ff10c2891fb7e2436be54,2024-12-02,26000
bca-90fda73fd717fe06bf92d33d8edb416c,2024-12-02,-38600
bca-8d218cddfa8099453317da4b7bb29329,2024-12-02,71500
bca-7c1fb8945cc0eb91bede8189fe7bd0b4,2024-12-02,4900
bca-663840ec9014ecaa744ce349b06f148d,2024-12-02,90100
bca-60fb445576760b052118d739bbfba7fe,2024-12-02,27100
bca-16d24325a60406600ac7e1367bd2ecc9,2024-12-02,-85800
bca-2aacde1ef3b96c7e66551c8ffa84fbf6,2024-12-02,90200
bca-2a8cf52f07277a726d97eda8566cc065,2024-12-02,-57700
bca-343d0cb1c1232144f20bfebf8e8056f9,2024-12-02,-70400
bca-a5c815471eacb0180f961bedab459d63,2024-12-02,62900
bca-a3fae69508e82e0c089036594339ca54,2024-12-02,93700
bca-7c883abc9426c191663d0f530b932e4c,2024-12-02,-61900
bca-b153db8f8f6c0118bfed4c146a592eed,2024-12-02,19800
bca-4f2aa51c47797b98c1fd1e8d77e9eecd,2024-12-02,24800
bca-9e6276cf1a2b7a562fea71539c7f3db1,2024-12-02,90600
bca-baa263e9de356f586e7c4fc87d041951,2024-12-02,78700
bca-15fe72c1ad5cf8f7c7eae89a67677b29,2024-12-02,48800
bca-da2a3c1bcdcac19ecf1cc3615b5b2b63,2024-12-02,77700
bca-c17ffbf63e4223647a4850afb18ac83c,2024-12-02,1200
bca-db1ca16426ff1f5b35241faf5afe111b,2024-12-02,-38600
bca-1d2c627032353b4fe104c376c82b2ac6,2024-12-02,74400
bca-80408d4875f8848c3b061dff04f541a8,2024-12-02,23400
bca-373d4d523330fa9243325cacd363c612,2024-12-02,13600
bca-b1e2e85a86c95478b6096fea5e4c105b,2024-12-02,74000
bca-08ec7187573c7353d0fe38887c0eac10,2024-12-02,25800
bca-89ccac8bd3b67d646135299786306036,2024-12-02,35600
bca-33f970b9e3f1a77fe3316c6b4f38ce7d,2024-12-02,6000
bca-582a513ea297b87d3e9ef1d094587e4f,2024-12-02,16700
bca-5778c13052b3b7bf16e1a24720792960,2024-12-02,71200
bca-2f2633c2797d0470911102203e630bb0,2024-12-02,7100
bca-a1de22756e88b478ccdfa117166bc41c,2024-12-02,37000
bca-6ff5e9fbfafbb935db84597350d29646,2024-12-02,21300
bca-dd56dada96e2f670f9706410436b0e0f,2024-12-02,-38300
bca-05ac02b4bd4feecbc800a6a105acafdc,2024-12-02,85800
bca-c99c1fa9809b606d4c02c405bda2a7fc,2024-12-02,83700
bca-b50ff82fd3b36da56ce4057d84cb8f77,2024-12-02,22300
bca-e1955ede22de6db111e53a7f24d4bfb2,2024-12-02,11300
bca-3300b7578ae753c330ebf24b4fa139e8,2024-12-02,78000
bca-fb0c31d48383f9d521e6b8445bf4ac52,2024-12-02,6200
bca-669ab527e338f1fc6e3a268e8e80d2e1,2024-12-02,56200
bca-e8731086eb468dfbbc57965f6f6e733b,2024-12-02,-89800
bca-ea6f7ca27ea81c8cf6030b9a1636e03d,2024-12-02,73100
bca-9c47e96c82aea63233d7a7e49f832891,2024-12-02,-97300
bca-ccc534534f47d8f9fc02eb6db1a6f6c9,2024-12-02,38600
bca-4609fd8cc6acdcafa238ea484e4b8597,2024-12-02,13400
bca-000412bd06ed88c511c7b771f38b223b,2024-12-02,50500
bca-15b470b60174892068cf6ef7c58cc891,2024-12-02,61500
bca-60eadcc257a4ef1a2ff1c0962a413c78,2024-12-02,-1100
bca-947d69bf960fb2ec9183190bb8d15788,2024-12-02,47200
bca-7aefef0e326ed7d8b897faf0b63b30dd,2024-12-02,28600
bca-cfb53e9838496d23f51dba3380041b0e,2024-12-02,75300
bca-a40de5e05fffc6242e367bb7ca805f38,2024-12-02,-61100
bca-306d3c42994b6bb7beb4c3b42efac04f,2024-12-02,33200
bca-fa0dfb89a50b6cf13e576277c3d79e66,2024-12-02,-13500
bca-d4851a4785f6c4363eaa0c6caeaf37ea,2024-12-02,16900
bca-d4ff13bb4c5d1122193330653e7dcc83,2024-12-02,24600
bca-0f1fb3a590c7376b638bbff52a3c36e6,2024-12-02,48100
bca-046f1289a591c22de870e69f4dae2d21,2024-12-02,-80000
bca-47eebcf2d8b1088bec7993883a4c01fd,2024-12-02,76400
bca-1e9bf8e64eea337007a9a44a9c525b15,2024-12-02,99200
bca-9ac8654fb5ad1c677fcbcf456f4806e1,2024-12-02,-62800
bca-2c298536f16a309724a0b0d4e7e675bb,2024-12-02,56600
bca-d1ce9400813d243809231ae15be45836,2024-12-02,19100
bca-785eb576ededcd8fad358ab168adc4d8,2024-12-02,5700
bca-e2e05b9e5ff9f8b51dcb2ca1ec8e8973,2024-12-02,-68200
bca-43718a34d8f817e714844253ab685eb3,2024-12-02,-46500
bca-a736085b5a1910e62f8bbd923905aa59,2024-12-02,39300
bca-af7c1ed3f868fb7ee02d1407bf812e09,2024-12-02,-58500
bca-0c772825756508c6faeddd3ff77c5eac,2024-12-02,10900
bca-59a4314dfce42b54ab31b5b9110f5034,2024-12-02,7200
bca-72ef0a080f1e97b66c10a340d1e10ffe,2024-12-02,77900
bca-2088330e3dd4dff51d50948364643d14,2024-12-02,94800
bca-920522011edbaf3efc7f1fec88599225,2024-12-02,24500
bca-d9c359e2376d5b3bd2f17932cd1a2786,2024-12-02,95000
bca-b0c033c8c234fe7263d9fb378065cc25,2024-12-02,-91700
bca-02ac181c11b158b61bf622a99fa0a82d,2024-12-02,-91600
bca-e7fd2b0fa505b0ae4ffbb2056df377bb,2024-12-02,-17100
bca-2a772d83b321bf45c72aa9404874fb02,2024-12-02,47200
bca-a8c10835bf22c2812b7dbf59c2108602,2024-12-02,-45400
bca-318adee580412b80cbf4cfc9d45b2340,2024-12-02,88900
bca-2e7638118e819b9518da395040892b8b,2024-12-02,2800
bca-476b87105673077a87766120124fc95d,2024-12-02,39400
bca-0de9540677d3d25947efb7ffc04d5519,2024-12-02,-49400
bca-96189a2b16480e0cd64be8827969b0fd,2024-12-02,41400
bca-6c448b8e872c7fb9eb06248f45f198f5,2024-12-02,59600
bca-291b07459fd3aae2823081aad19f69e2,2024-12-02,87300
bca-6b768bdb0bccf36a2e5c0742baefa817,2024-12-02,39600
bca-9837d54e6916922d46f6fc7a1f2df879,2024-12-02,36700
bca-c7db121df608de5d9f43196690fe8163,2024-12-02,-70500
bca-66a802b060d8b408c53814bd77d7b272,2024-12-02,-88200
bca-aa3d24595b2063124ee9a05be646b6f4,2024-12-02,31600
bca-4f8382dcf780330288f2f7dc5499558f,2024-12-02,7500
bca-906e83c2bdd1298b0b71db870c37f9e6,2024-12-02,-26600
bca-29dc62970ecf2121a5eb4710a48e64db,2024-12-02,-53200
bca-72be1dd23e0ff2e420e2414cb0ee02f1,2024-12-02,94500
bca-a1cb20fb75556352a4710f8aff407ecf,2024-12-02,-66900
bca-010058c70a699e8c18e17646e591ba44,2024-12-02,93000
bca-8a742627ef59f32029ac006536a4a140,2024-12-02,23900
bca-5030f78e273cc04767f4007500c4a80e,2024-12-02,-36600
bca-69c52f6aad954ca1df8d57fe30dfde89,2024-12-02,1200
bca-f893dc6552922bf3812825cceee2de2e,2024-12-02,34000
bca-d7e7f5178dae29aa782004a719169f5f,2024-12-02,77700
bca-351a01cdd1df726f12e227a5a98685cf,2024-12-02,27300
bca-90d2a867278de21362fb71616e3a7972,2024-12-02,19800
bca-8f2d9ae442aebebd943f1f25f3eee92f,2024-12-02,-41900
bca-bac428c4a7c20f08e91e7bb612e6d9fe,2024-12-02,-35600
bca-501ca4a1648fbda9303f2767994be429,2024-12-02,8600
bca-12f5df31a5aa3292a23d2e99f9a546ec,2024-12-02,8700
bca-86f0b87e02eb0a2e4c1a8be8b331f01e,2024-12-02,53700
bca-7834b414a7e0e804833401b08d188171,2024-12-02,90700
bca-1f0cd8bb43a1aa89e92e783767d37b84,2024-12-02,-5800
bca-8e0fff86891f61ddbb3ebb8f5bc0740a,2024-12-02,20700
bca-38ef729906e448a83a187206a4d22310,2024-12-02,26500
bca-c6489561ea48d1fc34e8a520c6126a23,2024-12-02,2000
bca-4493042c6ebe10f0cb53099714f1bfd3,2024-12-02,-38600
bca-5a6c556a6d21ca17f56245a61e9b9f4d,2024-12-02,60900
bca-f21a14e2a08752567f2a64bcd68bb78b,2024-12-02,67600
bca-d86eaccfdb9fc61dfafddb2ab6a43ae4,2024-12-02,-67700
bca-c29dc2f72399abcf720a6abe843bd4bf,2024-12-02,6800
bca-6ed7df0fd7810e90953fb08b0a2545c3,2024-12-02,51300
bca-2df66e7254bf8d4798a07fb6506a2b8f,2024-12-02,89900
bca-bb29f02a7b5768e85ff07768882a5216,2024-12-02,85600
bca-31cf6f122db42163e0d3f35d240e73b9,2024-12-02,-83600
bca-4e176164918bae453d64ef3fff6ed031,2024-12-02,-24600
bca-42cc55ff36799d1c7e39c12caf79d040,2024-12-02,97800
bca-8e24d2dcd0d6a236fb2a159dbe84ce4b,2024-12-02,77800
bca-e440e2361455aacadb0a06bc1e14e6e3,2024-12-02,26100
bca-f98200cea6945036a8cee43442e4b0c7,2024-12-02,-86300
bca-3293edbb056f388e405a1c08fbe91873,2024-12-02,59600
bca-4b973669bd47e65175909875c8c06e8c,2024-12-02,57000
bca-a25447ab001a8115c8e12f25e70169e4,2024-12-02,93700
bca-c2c2ca09fa523a3d37d6ce3ff88bd982,2024-12-02,-62400
bca-94a8bdb0c3a21067b7628a88d8b6220b,2024-12-02,-29600
bca-6c76e31ab5e753f0e5cc4ea1039bf018,2024-12-02,11900
bca-8dd69b632ce85ed6f04e1cca8edb0167,2024-12-02,28300
bca-225e9ea6c30b977f9156e9f052ad5d2a,2024-12-02,63500
bca-c6fe6a1ffdd8872c71bbde7ef396d767,2024-12-02,72300
bca-3028f9c303de1920d05caa50c7e71f28,2024-12-02,-80800
bca-df2ab8d02c178ecff2b489c4456ac32f,2024-12-02,-12300
bca-d396b4175df08131a2895ddb8b83fa20,2024-12-02,78100
bca-32f3d58b1823579aaf21c48c2a83f141,2024-12-02,12300
bca-71c1d9049ee5627234b171e59c37aca4,2024-12-02,30200
bca-2c183c7b9f10c9e4ec14551221030ffe,2024-12-02,84000
bca-3bdbf37424d04d68e8be940561cdd691,2024-12-02,10500
bca-35969b5a99f25bcac7d3f1cd7076262c,2024-12-02,4200
bca-c565d772012f1c111e03730ff1ff40ab,2024-12-02,90300
bca-c5f716b6210aa6a5bc1828acd2c60221,2024-12-02,30900
bca-91db2624e5627535005be2434964885d,2024-12-02,9600
bca-b864ab464728dc768e9b59b9afa0e2e3,2024-12-02,-36900
bca-229f1689310ed1f1dda505c04c0be3b7,2024-12-02,97800
bca-9f0e6dfd3714bdfdf04e77970af4d0fa,2024-12-02,21800
bca-11085e75e7b4d1cd5805514e56d25f3a,2024-12-02,-52100
bca-a0658cdc298b4370f9e8c031bf4989da,2024-12-02,-56700
bca-7d53e8ab45a7e8068dc23db83948f3a1,2024-12-02,39100
bca-28accb7b4eb6527135fc40abd5f62145,2024-12-02,16200
bca-2399589bc6a03b692a46b5c0cb0c89e5,2024-12-02,53400
bca-0267a443d76275a666b7889b0f66b253,2024-12-02,81200
bca-cf21b9eff8bd7b84eb5e8a0d149c0479,2024-12-02,63400
bca-41083c7eccaf54e572c09393d5d2d7f5,2024-12-02,-41400
bca-e942a4bcf07d0dba7db263807f9a7ca0,2024-12-02,10800
bca-b5a8f9409ef8f9767dd935a8140e3618,2024-12-02,9500
bca-10bcb1cee634fa10ea26f9432ff059c3,2024-12-02,78100
bca-a3d4ddf8f4998a0cd7fff7742bc7e06d,2024-12-02,-27800
bca-61c80afa9ec0731a53503152c93e59d6,2024-12-02,21300
bca-62fccebcc60d528b93b2566a76d353fa,2024-12-02,-58400
bca-4f0bacc914925dd56dd0d27b0c8a6557,2024-12-02,92600
bca-34fa63d43138bc23a72c8166aeabb188,2024-12-02,6600
bca-ebf098535125b7d84152aeff7d56e921,2024-12-02,85000
bca-57e73f541dcd4ce96638f02014c79e02,2024-12-02,38800
bca-8379a2f9bfe3d0a7080cf4449e34c1b4,2024-12-02,16400
bca-b7d2c7597f695d7ca3cd2d7053633ca5,2024-12-02,74700
bca-3d10473759ccdbbe18b9467d151f653d,2024-12-02,5200
bca-81a6cd5647663f178e84920e7d1aa63a,2024-12-02,35000
bca-59f7c42b9890c9f18743f4abf70131da,2024-12-02,80800
bca-d7acbae2453ca991cd055fcb0e7b3adb,2024-12-02,76400
bca-a5a2a2aeac361ec23b0ddbed131869b8,2024-12-02,91000
bca-67253a4cf99627cddbc93bef39cf5e3a,2024-12-02,47300
bca-7ec5fce6cafe34dc1f45dd0c68d027ea,2024-12-02,59800
bca-93fa4a06189a4bd136a5bf370abef23a,2024-12-02,7900
bca-60689c9b832e8c4cca1ab0bb1d7d93a4,2024-12-02,32400
bca-91fea523032ded8ba526ec929fb9fd67,2024-12-02,17100
bca-30997020bba1eb2b437f66193dcbcd24,2024-12-02,83100
bca-cc21bdcf6e9207ffc0660b6bbff10372,2024-12-02,26200
bca-72ba14894dd298a0980be0ba44d2fc87,2024-12-02,63100
bca-96ae5ee8206ba5d850d565b203bf466c,2024-12-02,27000
bca-1708e4f0006bf39c9037e1b7294ea833,2024-12-02,-41400
bca-21c2ba8823e570c84fa74444aaf345c8,2024-12-02,-24600
bca-6b88446d75cda27aa13b6e474d44654a,2024-12-02,22800
bca-5468caecc026e1e658793af8fdf2aae3,2024-12-02,25600
bca-429c14bc8b9b3ce26be7ba1e56c3cece,2024-12-02,25700
bca-8cda1b27ecdcabf983a78506d66f791c,2024-12-02,-99500
bca-0a49058ec462cbdd204178729e10aa48,2024-12-02,56600
bca-148caf9acdb6b80240276a3170592238,2024-12-02,90100
bca-263329356f6a0510645679c90f3e3bfd,2024-12-02,13700
bca-38d19cbedc5cd5784f31b31d0083a671,2024-12-02,74600
bca-0eea9875319bef5a28a521a1cf2aa26f,2024-12-02,12400
bca-ea6ce03b47ad6931037a646c57f85076,2024-12-02,-40700
bca-4e274a98397a1b3e49b1c4a345fa8beb,2024-12-02,86300
bca-be3e7b1ab62096de475a78587b3e9357,2024-12-02,16500
bca-16115b90ae3200481d4e6f28c616d589,2024-12-02,-22800
bca-a324115022dc1c406e2d36b562b9e365,2024-12-02,-11500
bca-c7a3396e4fd8a7a7a2c3cbbe6ffccea7,2024-12-02,97200
bca-c9914f8df74cc9ac9fa9e487fa6bfc71,2024-12-02,42800
bca-46b2f8158a22f3940eebe6602eef1234,2024-12-02,66500
bca-0f95403353ac4946e5881f0c9e763aa5,2024-12-02,96600
bca-830034aa8eba202622ea1ea9cabfe405,2024-12-02,-11200
bca-dd5c15150a2172c93badaf4ccd84e92d,2024-12-02,69400
bca-05d05be81b569a03fbc8a35f362acf1a,2024-12-02,41300
bca-99d71858e3f19294f440a39dad40eb26,2024-12-02,65100
bca-a0e6ce64f73475ce661c8938e3e14d4e,2024-12-02,25900
bca-def91878774c5a7863080f4a3bd5e1c8,2024-12-02,75100
bca-573e4f979b7a598f2b0a298f3186de4b,2024-12-02,4400
bca-678f910c23e6e20df440a51ee6fe01ba,2024-12-02,-95800
bca-68459ad2e851836cedb4911b70493c69,2024-12-02,30400
bca-0773793b23d1ecbd3fb43884b6ac6d38,2024-12-02,-91300
bca-3d6fb3cd0ab1ef171b7a0167715b7e7f,2024-12-02,-93000
bca-71477e41bb7dd13dc8a69b6816763fb4,2024-12-02,43000
bca-821795d100a5729e44ecbba251098ccb,2024-12-02,43600
bca-a61cbcfafbac9748443da5edcfb633a4,2024-12-02,61000
bca-3934ef76a48003d3f647e42290856b80,2024-12-02,59400
bca-de7992990e43c6da3edc5aa1988d728f,2024-12-02,89800
bca-4e8091a15303664ca51c0e7320c30ee3,2024-12-02,3500
bca-e519b46091e714018f535086ee291892,2024-12-02,99300
bca-905760c8851780b9adf80c9cc7337955,2024-12-02,8700
bca-7e75d700be92708a23723ceb860da976,2024-12-02,63600
bca-f7617180dc180a773060f7be938426af,2024-12-02,70900
bca-13ff19091582bfc30683a46fe1b7c799,2024-12-02,29600
bca-e32a47cf35538c5b05a43de95ec21452,2024-12-02,-58000
bca-e818740ab2ac2c1a4c0e94b0159f1bb7,2024-12-02,61200
bca-8960a48aa8faf85bd6886e70e4b76532,2024-12-02,19900
bca-aeac66e5be76a0afce9808a0c4a940fc,2024-12-02,77100
bca-4b221f82de02788b2079e5248689a5c6,2024-12-02,22200
bca-91daccdd76d4b209857851d7d633cf5c,2024-12-02,-20400
bca-91f9a2419420ddfea787c264e60b1bfa,2024-12-02,50800
bca-65b772323441b97347334b2d8aaf9518,2024-12-02,40800
bca-0fd581f994ff06c0cc989a3372d5c24e,2024-12-02,77900
bca-cd2aafe99fc0421cb5edf84c0233d322,2024-12-02,51800
bca-992bb762af116ffe027cac17a9caec58,2024-12-02,35100
bca-1f37f86d41814eb6b7cea27488effbf1,2024-12-02,79800
bca-1f5648d8ce5f24dbfb6f1e39f3bf9ac0,2024-12-02,51000
bca-c412fd2bdeb7c705dbffa436a5338109,2024-12-02,-24800
bca-02e92d3fb7f29aca4a3ecafd67ca055d,2024-12-02,65900
bca-d19156386b028f754e7364cb8ac9cc49,2024-12-02,92000
bca-3f17a23a804f6f5de41efebfd69cc616,2024-12-02,14500
bca-bdd9832d0e7ec872dddbf3c10fe2fbc6,2024-12-02,90900
bca-72f768bd8417eb74a9d89437a9eae688,2024-12-02,-50900
bca-f5b32f2473eeff9e41697568cee0ccf4,2024-12-02,81700
bca-bb7ac657879e04dd5e189fab6b20fccd,2024-12-02,61000
bca-9229b1467ef9d09417b24492c69f78e6,2024-12-02,21100
bca-6163677f53d399bf3436ea3c6fc77c89,2024-12-02,90200
bca-e344307db34bbda0485c0d44f1d9b673,2024-12-02,-20000
bca-56c0b7e72688e21ada5eb518c4692502,2024-12-02,64400
bca-e607596ee7044140357c6daddb2e7eb7,2024-12-02,74900
bca-09c20970b186b190375fce72b360c2f8,2024-12-02,-51600
bca-4cdbe068bf3ae286851e61b0bfcb5414,2024-12-02,97900
bca-9d63b8e449fb2f753af193010bbd6530,2024-12-02,-56500
bca-ecedbefb6a1d51b5f4139dd9d0bb4059,2024-12-02,-29600
bca-8f77d64b5d61551173bc368d5ba88032,2024-12-02,68700
bca-0d9e5f06aa984fab12c1ed24358af8f0,2024-12-02,-23400
bca-590972339425c67be695175ed4f61634,2024-12-02,17300
bca-06e26ff3509d257dcb83725e3ef55f07,2024-12-02,37000
bca-4fffbe294d0d809021a73eb1baf1b89f,2024-12-02,26900
bca-871bf5884395bd4989b7622974e8f000,2024-12-02,-49100
bca-9dd9d2d1b56d4c8759cc0984759733ac,2024-12-02,42900
bca-4dda01480cdd3b90d461e23a889855e9,2024-12-02,10000
bca-2a15d621e31caf81d1c1970a31a19554,2024-12-02,-73300
bca-fbe5c028336f19e892c3193595bceec0,2024-12-02,57200
bca-1c449075430397e866530094c5202618,2024-12-02,56000
bca-8ba69d16f78a963347545ebabfd0f157,2024-12-02,44900
bca-5ec8e93c0451530757b2e0bf78d686c9,2024-12-02,-86400
bca-231b8d8a3f92b732ad9b6d2bfddddd2c,2024-12-02,36300
bca-5e13688517c52358d4548a6eb57e6312,2024-12-02,52800
bca-b10ddda18c6662a44f7be3482463b78b,2024-12-02,53300
bca-c2a121547a9458fb59032ffce0bb55d6,2024-12-02,40400
bca-dae32b4f3c79ce934a8dca843414b2a5,2024-12-02,-56100
bca-f550a0d2fadfca4a3e9d4e1b0ff5d3f7,2024-12-02,-72700
bca-5aa366785aac9cb4750c43493705e1e5,2024-12-02,2600
bca-1e4bee3919acd4dd4ab3163ae8080146,2024-12-02,9500
bca-c229086d6e4712285c216dbe494a54b6,2024-12-02,90800
bca-cfa45b7b053e13716a42ca0011985de9,2024-12-02,-33100
bca-a1859ae9381df1381bdc358b5b6791fd,2024-12-02,-7900
bca-bfb7505e929442aad6c01f838789e746,2024-12-02,57900
bca-e6d4a41042f871be04bbdb3e83ab0262,2024-12-02,-42700
bca-3e8005dc3f832fc662770e3ba40f9721,2024-12-02,-34000
bca-a0c7a6e5f8342d5f05faaa497726cb4a,2024-12-02,-35600
bca-3f3175929ba818ddb4399f047163960b,2024-12-02,40300
bca-e4c1045b8d80c74b3328b5578a28d72b,2024-12-02,18400
bca-1d7229a47930ade6ae91dd33d5f77141,2024-12-02,42500
bca-4997ae0bde1cd11378ab5baa72892773,2024-12-02,67900
bca-a547f3a4a0ecb096da787f794fa14371,2024-12-02,84600
bca-c80a717ac3b49c3fac53ac40cd7939a8,2024-12-02,89300
bca-fbee366de13053848fde3caefe2ab632,2024-12-02,-99600
bca-98bae9cbb0f6b5c4b4c4db95db613c7b,2024-12-02,52600
bca-27d482aa060bdee43696b5aa38d6de96,2024-12-02,-68400
bca-2a696927521b20277d3be6d600f858ab,2024-12-02,-52400
bca-45010be5f237e386bf778665fefabfd8,2024-12-02,-24300
bca-b9665ad207a44b61874a36f2d3511779,2024-12-02,-57800
bca-0a623bb26578df7ffbf17fb8b177a0a9,2024-12-02,34900
bca-fb2bf60dd4b44e54e6442259c2050290,2024-12-02,37800
bca-bc7551c931a6687c029256fb40b94629,2024-12-02,7700
bca-0de57742bcf662280a39ed6a7f249c25,2024-12-02,90400
bca-2426eace183c59d3ad7d385c9afdbec8,2024-12-02,76700
bca-45da5f68522c6fc622b952dae4dd7fe2,2024-12-02,64900
bca-fc4744dacee3ffb58f7d192d90c03934,2024-12-02,70400
bca-187a31af873fef3143e4809689045197,2024-12-02,-17300
bca-56ae8a78ace42b539a90e6c173a4d43a,2024-12-02,18400
bca-5c838bce56c583b94fd507c066887bb4,2024-12-02,96200
bca-67f720b3a26f4e3ddf51f40344c71c6b,2024-12-02,47000
bca-06c4983901fde6b2aa420400ade3cb5e,2024-12-02,-85700
bca-ccbc091f1099f253df8d9a8f5405e901,2024-12-02,86800
bca-4e51092f13e071d62b176fe68a515dbb,2024-12-02,81800
bca-35ca6232bede394d587c8de1f9638a43,2024-12-02,31500
bca-a0bb80f7b7fc11d969be254adadf7214,2024-12-02,-45100
bca-e358e707b87998b664ba1e17ba0b4419,2024-12-02,73800
bca-601621b37ce56bc3afd5732ce81ee154,2024-12-02,2300
bca-e70b48685dc71aef6e75a1ff5c8ea7f3,2024-12-02,-87100
bca-4cd9ff7711f43072bc059ba9e58f8a02,2024-12-02,81300
bca-7c5281c79e4abed91f4742502d9ead4f,2024-12-02,48400
bca-c897b065adb11a4bdd45c208552209c1,2024-12-02,39500
bca-530057b1a3efa0bd986ac31afee0a972,2024-12-02,97500
bca-833ebf0b499785a04af4ed916a909dee,2024-12-02,18400
bca-35686dd6966c20c826bc0b288a547858,2024-12-02,24400
bca-354cd67adada40dc2012a7377dc72b6a,2024-12-02,11400
bca-c28099bad53b309ec7598e725824f568,2024-12-02,85100
bca-087241545180b61e65c3d5d00efa8fe8,2024-12-02,-71900
bca-f983e3e9fa3b805333899fc279c4c731,2024-12-02,63800
bca-c9b62adac128c6222aec2f3b3b100214,2024-12-02,75400
bca-8131c5b82832afacd27856b6c44823cf,2024-12-02,19000
bca-f0ab9bdc362f54e806f294e8db5d3bee,2024-12-02,-30400
bca-8c1162b5f0c979e71f02c80347dd412a,2024-12-02,68400
bca-24efdeba8f32116d52bbf5bae0e1eb12,2024-12-02,77200
bca-0d90d8e1f99578a2c0dd633287f3e63d,2024-12-02,98000
bca-e3f30979e59914e1c9144135eef2ebfb,2024-12-02,26600
bca-c6962027a6b6e07a3e519b77e37816c8,2024-12-02,96800
bca-89bad60e3527f9bd38e9834a5d23272b,2024-12-02,88500
bca-3814e168ee09fc4c088a1e8283402e91,2024-12-02,16600
bca-0601ebc2ec96507addcf8f182881b7a6,2024-12-02,7700
bca-ecb46b65f41330e9d301c45b6523492a,2024-12-02,64300
bca-43dc1914994ab58be8cf13c659a13e71,2024-12-02,38000
bca-c929aceef5649b75c76a354735223d6c,2024-12-02,25700
bca-5c484b009eaabf41d22e861f2e56631b,2024-12-02,90400
bca-2ba02637ef5e54a82fbe51782156d167,2024-12-02,23300
bca-884ac0f2fecaac81ad0f3b01aacc7d06,2024-12-02,81100
bca-6abdf3a574fb20d7117a32149e2c4e5b,2024-12-02,98900
bca-66b435daba3bdd606a3aa4b551e4c01e,2024-12-02,-99700
bca-46dc8071ef698728f8fd5d7f31c7c9dd,2024-12-02,-12100
bca-60f47e01d784b1d61aacbb7827a04e22,2024-12-02,36900
bca-47e6291a9bae2a958c0318c8063ca3dc,2024-12-02,-28200
bca-b0714dadb450468fda25f9614eee8f06,2024-12-02,20500
bca-191a0ee50f69db08bad69b5ee1902769,2024-12-02,88200
bca-638b322a335629b6fdcfe0db0b438f11,2024-12-02,48600
bca-334e1c5b2b357c7d556d7c87e38657eb,2024-12-02,80600
bca-da102527328f40689cd24ec10cc6e988,2024-12-02,78300
bca-976f52b7fabc89bfa393a898d4185afa,2024-12-02,78700
bca-db539f0c5abf3ecf873a89d76cd7cc27,2024-12-02,-49000
bca-8689b8c369631cd1a0f796b7921a621b,2024-12-02,57100
bca-a286b39ae877cb3fd4c50536dc5c5a49,2024-12-02,-46100
bca-e5c2d0a533d40999697dc6b3955d9257,2024-12-02,6000
bca-2285bb6130f0b7b0019533728c067487,2024-12-02,5900
bca-d44c7b98b491cf293bb3f425432065ef,2024-12-02,77000
bca-66bef907020fb1d9d02081b0a7f98d83,2024-12-02,29200
bca-41bdf4b0d5640a676dbba96a3b17f3ac,2024-12-02,73900
bca-9c44c5e93c9a982dbfa4495f5bc48e53,2024-12-02,37500
bca-6d1fdbbaa1bb58248680a2063211a07a,2024-12-02,-46600
bca-591cb5141ea4f33f54b436478734b181,2024-12-02,-15200
bca-8233479421af82d3dd405d1aa62e36c4,2024-12-02,77200
bca-4203c223dac3add05f2eedb19e53b290,2024-12-02,74600
bca-7794d37ebc48a664f1b0e2f00d01d417,2024-12-02,-80700
bca-29014d318130993b66dbefe2d72d7487,2024-12-02,-1200
bca-fc34f09607abebdde85856fd7012569f,2024-12-02,84600
bca-f92743c884f2af542f4780ae9e41d6ce,2024-12-02,-89100
bca-dd680f266a1008a3ea77e820f6a70a8c,2024-12-02,-65600
bca-d7740206b0887f35ba90e243c9ac0bf5,2024-12-02,-9500
bca-119d43310f56c6e61bdd1d750c7cb4f2,2024-12-02,76800
bca-72acb20e35ff3652929691fa1edb13c3,2024-12-02,73500
bca-3f917d7208a6e15d2c6dea6758a3cdd9,2024-12-02,-55700
bca-a9aca39b6e8139c4ee309fb17e023a88,2024-12-02,58900
bca-09b65ce3b19ba28ec45cfb304f94a52b,2024-12-02,-99400
bca-629bd110b099dd8a214cd8c970e4331f,2024-12-02,57800
bca-20d27c0f3cdf04f915b0512beeec9d29,2024-12-02,-85000
bca-8ce4141f4704b16e5f84c006054dd1fb,2024-12-02,15600
bca-db9afb78cead923964931a7245adf982,2024-12-02,43900
bca-02001b731445b270be9610441c772f4f,2024-12-02,62500
bca-088cb56f2f00d8659d8b2ab8105ad917,2024-12-02,80300
bca-15eaa6b453eee183bcc2936c183037d3,2024-12-02,53500
bca-eff3b60dc279fc4f0dc95e3738af09a6,2024-12-02,15800
bca-a58a8d760683b6b5b9d4d94086376c9c,2024-12-02,66500
bca-dfb8283a61408f45a3815698a4320c97,2024-12-02,15000
bca-f4e5a8c8f4d7a06c7aec37565ab0ffb9,2024-12-02,80500
bca-d1d896200906b39723d645081129d65d,2024-12-02,85200
bca-c2bc193a3315e7d54c638f3a2ac517af,2024-12-02,96100
bca-d32be6b11108afd43574a34e56cfe174,2024-12-02,45800
bca-0e73e3d66bb3f7ca8cf9a55cea067702,2024-12-02,-43100
bca-2a5d61decac999391a55b89ec31bc540,2024-12-02,30500
bca-7426076b3fa85d991c14dacc6cabce38,2024-12-02,35400
bca-533e28bf210341b0bd4c7c03a60c51c7,2024-12-02,84800
bca-a07faafe8a41d80fa9df97ca871ac954,2024-12-02,-73600
bca-df52799132135e39842263b8a649f25a,2024-12-02,83400
bca-56bc2f57078e3462d6b8f5ad98093170,2024-12-02,64300
bca-7926f34cab13ff7b4ba56d4ad090df60,2024-12-02,8700
bca-8fa308e805e6801a22b2566130034f73,2024-12-02,98000
bca-7eb0a4f83d1bd42920bd5a1f50618582,2024-12-02,-77900
bca-01b34fa94390a7050d69245c35f7708d,2024-12-02,-82400
bca-d4bb986be0fd49e7a4e369078b5e0dc1,2024-12-02,70600
bca-8aaa7733118f078378c1c175d32fddf9,2024-12-02,19300
bca-f03d3d411eaa28fb7ea76451e24d1404,2024-12-02,23100
bca-010269ad5b7f0d67576801672f993b4c,2024-12-02,-74000
bca-1c7909c78358445feac1f2313fbd2244,2024-12-02,-58200
bca-9d46d15b172170c5383905c0bab2734f,2024-12-02,14700
bca-29e9ab15b4574757b6c3b40f3604a296,2024-12-02,80400
bca-0c92ead356c3aa7466e7981111f724bb,2024-12-02,63300
bca-a4a51581c57f22cb097cbaa4057b6253,2024-12-02,-3500
bca-5e688b8fc219ee1d4e7a643287defdaa,2024-12-02,58900
bca-769b326d14823dacc3938896b81161dc,2024-12-02,-84200
bca-59ac05e7ed4f73b52f7e1d50a233094f,2024-12-02,-4500
bca-3414fec6a66d668671a4942636b00aa1,2024-12-02,54900
bca-89c6a00a8844818f48ed4c36f9ac8fd2,2024-12-02,88800
bca-d35ea1d70934dd5f679763048c1240f8,2024-12-02,53600
bca-c9a089bbfafad54e21c8bbfa05625338,2024-12-02,-21100
bca-877801d37754f76464c1050a97336b56,2024-12-02,29100
bca-e8884d5a832fcff38c9edcdd3e972b6e,2024-12-02,-73400
bca-7d040f4fae8c804b3025e6c74fab90c2,2024-12-02,-56800
bca-95967158d026adecb170345577383636,2024-12-02,67800
bca-366133ace7dc687a9ccf12e4f10c811f,2024-12-02,4100
bca-662677c3dbe20d877a92145ef207cf14,2024-12-02,-51900
bca-4c3485fb17beec9bc801095cfbb53a3e,2024-12-02,35100
bca-69d338d027a4813c3e53405bd811bcce,2024-12-02,81900
bca-76efe113a093e9917ebe05730ceaeacd,2024-12-02,89700
bca-3db03eb943080a8dda84d3fd53b9cc92,2024-12-02,11400
bca-dca23b4412e7d9a8ca21c36657346872,2024-12-02,-61300
bca-eb1037d3fe70d8eeb906e573592e3391,2024-12-02,78000
bca-f0b0f1c8ff6cb7ad22f9024abb076e85,2024-12-02,38000
bca-372f974d74c4037f680196b636fbfccc,2024-12-02,-1600
bca-87b3d6e3df8d6d8890f6edd6e8e91e76,2024-12-02,70100
bca-a8ae2d9574733a0dc97946490f31dc58,2024-12-02,72400
bca-1973950fe5fb9883be4610be93d3905e,2024-12-02,7900
bca-6974b49bc137deb3c490a3be0f08539f,2024-12-02,60700
bca-ac0e09a402f34e3633f02921da066ba5,2024-12-02,17000
bca-e2c7b20e7a1a2dd46320d58b8d88def2,2024-12-02,42000
bca-83fd574bd6d9032195e52f553627b450,2024-12-02,74100
bca-573517cd14be21c98c0b2eaee241fb5a,2024-12-02,23700
bca-8ea2c0173b66cba731ab9a41ba679c0b,2024-12-02,47000
bca-98c810951fe7c7ede8557e7a1218e028,2024-12-02,-19800
bca-4676c710ce8ef5f87ad44b64a2c99c73,2024-12-02,85600
bca-a517f37d0388c595588e8752221e506a,2024-12-02,-97400
bca-1f7e878ec53922825eac3fb18d900ac4,2024-12-02,27400
bca-8b536c5b261c7ad93554d1bbd6f2ce69,2024-12-02,62200
bca-2c3e264c98b2ebdc64ef5b7ae5b6cb26,2024-12-02,88100
bca-318419b82ecc990b8626ddbd8b598cba,2024-12-02,-63800
bca-498be787b429f8e6ae496a416a365c87,2024-12-02,50800
bca-4edff681086103d40edf3a06bbf56d2c,2024-12-02,89800
bca-3e8199d63b71ebe07c5abc363fcbdd8f,2024-12-02,-4300
bca-7e03e0bcc12bd456b40992f135c5926a,2024-12-02,52100
bca-212d634abffe83e6f4c913a26399a2d1,2024-12-02,70900
bca-9241f51d336d10899e48b9cb94e64465,2024-12-02,85900
bca-92f47bcfb32b8398e167071a8485c2b0,2024-12-02,-83000
bca-a97fbd474d0ef998542da44c0f870be1,2024-12-02,91300
bca-86266d209b1bff233a6ce37150bce781,2024-12-02,-31100
bca-8ea4aa12e5c7fe61a0314a84379bf9b5,2024-12-02,-58800
bca-5b7abb16968815f240fc22c1a32f233d,2024-12-02,-79700
bca-803ea3f4df960d738d54d540693b9952,2024-12-02,61000
bca-e6281c444d4b94d39ef9f6c0e29249c7,2024-12-02,-51600
bca-93808c341862d6bd7ef8e954bdd91be6,2024-12-02,86300
bca-8d657d5af82bf5680e34fadcba84822f,2024-12-02,43100
bca-237b436240820b7083882f4986a9221f,2024-12-02,90100
bca-583d497dbc83d246b14ccbf26b204219,2024-12-02,80700
bca-ad8f38d37172332abcba6731e0196505,2024-12-02,29200
bca-0b0ed8933429901473ab13796ede05d7,2024-12-02,-49800
bca-f9853ddfdf1a8cfbb3aeea8214c2db3d,2024-12-02,-34000
bca-cc80bfa3d3276f3e20caf7a8869a57e5,2024-12-02,-31000
bca-f5197b7f85bdabcbd685ac86f8490948,2024-12-02,88900
bca-5cc6e2f965a2435dc8f1d252637724c7,2024-12-02,86900
bca-84aefd4f2139dfabbe6c5b9353d413b9,2024-12-02,37300
bca-8103d872cc85b827fb179fa90b74e034,2024-12-02,2000
bca-2bb9497c0e517c6a85bdfd170159cc4b,2024-12-02,3900
bca-f9918e8d2697f5fc47722b47cca4060e,2024-12-02,58400
bca-8392ab5776240eb58c13486eacb041f9,2024-12-02,6700
bca-9504ccfd44001aa1efff77f7213955d1,2024-12-02,8300
bca-fecc7ced8f4a2c91392b6348981cedec,2024-12-02,-92400
bca-6940127ea7134bb5565b6e9b24803c44,2024-12-02,-66200
bca-5a7cae6fb37c6dcfade5c0ef1d86ea03,2024-12-02,44200
bca-5f1807da883bbbf2404b5be2b6651802,2024-12-02,47200
bca-50e92bdd65235a40818c93d5d0330728,2024-12-02,23600
bca-bc2756e308bbb58ce3312c9f6184aac0,2024-12-02,44600
bca-e9484113ffda9c2ec8320e234c3dbbf4,2024-12-02,96900
bca-92544a2d3f20e82b1fa544abb314ff54,2024-12-02,17000
bca-54ff714475b640cb8e0b593fca594521,2024-12-02,52100
bca-556d11efdc02131a680462dfe18278ff,2024-12-02,93400
bca-0e2c84ec52a8fb725e9660f0a8d3f7d5,2024-12-02,75800
bca-07cc8fba4cb28685b03faad02782aa7a,2024-12-02,51300
bca-d646a157639376ca9c93fdfdf82207b6,2024-12-02,-86400
bca-eae9d656ea1bb03dc7eeac9e235e6d2d,2024-12-02,83300
bca-c884b60a75a81f966ce3784d4f0c1204,2024-12-02,1500
bca-f6ae156053999c16a13f6a3f6f1f5393,2024-12-02,-57500
bca-a80db22b03782323ab9f35a3348f072e,2024-12-02,76400
bca-59c0c24bb60cd63b5cfec255eea97729,2024-12-02,15700
bca-5fc61dd115f7da6df2ae1a4e23a130f3,2024-12-02,-24700
bca-a4d106c8bf287afb52b4ed245c458b44,2024-12-02,46700
bca-4323091ac8ae2307a6f44e7ed855308a,2024-12-02,66700
bca-5add0f71b626c6bc1748c5ea29ee64bf,2024-12-02,75000
bca-cc0c4186aa93c895f6cfd68139ccd070,2024-12-02,-9500
bca-536b9efcff0622b079fa6b7e5250c731,2024-12-02,89200
bca-5171dc21d4d58655deb37b69381e49fe,2024-12-02,66400
bca-70acd8b3a75611ce44aed1435980a4a7,2024-12-02,59100
bca-41260eb37c683b85f76e167a6203b5bb,2024-12-02,45900
bca-2d30a503e9de5c45625d4426d606ab05,2024-12-02,-68200
bca-e754f55561bd380060733a8f65a5768f,2024-12-02,-21300
bca-5290d4993198e65604077bd14b089832,2024-12-02,66500
bca-9aa6512313849fa24ff76b5c4cd7c4e4,2024-12-02,27600
bca-35b1d2361d59595b31dc18765a132b6a,2024-12-02,33200
bca-d37535c07d9566d5d176f2692460f6a5,2024-12-02,-34900
bca-4f1ec260a1063c0d1d426050c4b5cd0d,2024-12-02,61300
bca-f24d1926bcbde7a59cb273342c8bdf5b,2024-12-02,57200
bca-ebd3a68aab8de40ce1b4450c28737d8d,2024-12-02,80000
bca-0e510cbaeda3d17c48c4d2acbe8ca59b,2024-12-02,88600
bca-040724e584c66151fb23c109a7b54a19,2024-12-02,21600
bca-3cef7f9b7eae960485e18ee6ab55bbef,2024-12-02,76300
bca-308d35d0451c747f213901db7efb5c73,2024-12-02,43400
bca-ef19bb598ec57132dcd493a4ff6da710,2024-12-02,56100
bca-6cc2bc929eb72a78919d5d263d02642e,2024-12-02,-28900
bca-a37cd629d1f81aaf1100ccd1c5f79647,2024-12-02,94300
bca-4d8b141c15da2ce841cf89cbf2ba1506,2024-12-02,80100
bca-e764419bdb92e6e4adc600c9674d5746,2024-12-02,11100
bca-203d199899307deef988c188e36c09ab,2024-12-02,69100
bca-6529fcda6af27a9872c1d5df625fe3cb,2024-12-02,47600
bca-c3b283f3cb9d99c18137b8f6855aebd4,2024-12-02,8500
bca-2c96d7c5dd39a0d19668a72de83cd6c7,2024-12-02,30300
bca-fc3b7c367e4699e918a96b11550ca7bb,2024-12-02,73300
bca-1825b0eed552264999dc5cb2c068bf8d,2024-12-02,-51400
bca-291d4bbfefae95ef7f21d0b0f85d782a,2024-12-02,99300
bca-01459920467286e06a47bcc19100a14c,2024-12-02,28800
bca-d2b484d23829020f029b393f44ceabd1,2024-12-02,-94900
bca-083383d00a114fe15a1c146d3ff7f16c,2024-12-02,-11100
bca-b6356bdf8c7cbf25d58cd6ac03c0cfe2,2024-12-02,17900
bca-f82a4c765c2354e24ac9bb9660cfff5e,2024-12-02,-41600
bca-bfb1a60a513f4959492e30ac0ca1423e,2024-12-02,95700
bca-58ad35838c723e40be7b7966855a2f5e,2024-12-02,28400
bca-d6d23304bee67c9960de0b03a6f6675a,2024-12-02,35900
bca-102251f47867dbeb8601c08e1da2046b,2024-12-02,12600
bca-26a7ceccee4190514eb91b37d19e563d,2024-12-02,4800
bca-e943842669d75e72dd2fc45e17c24613,2024-12-02,35100
bca-5e2a986cc5a4b759bffdca13b894008e,2024-12-02,36400
bca-ad30271d4803022fbd3c711e2db4a9e0,2024-12-02,35900
bca-784c53fc8083a0ceaadcb32e4f37b9de,2024-12-02,29400
bca-be6999cd78093d35721ca7f0f318cd3f,2024-12-02,14200
bca-a34fd830aff2fbbda21dc1e0f80652bd,2024-12-02,-96800
bca-8e57e2ac0834537a425ced469539d97f,2024-12-02,45800
bca-c99ae47dac4e874c660a86d887f5f9c0,2024-12-02,64800
bca-632603c15405df6cc08edc0b36af3f9f,2024-12-02,25800
bca-428e5f13016ea6c48e5ca5beda1c711d,2024-12-02,-55100
bca-21c6b58ad70360f1d8686712a6f5ad69,2024-12-02,50900
bca-8a139c829d9945c5800205537e518c72,2024-12-02,41400
bca-ea9aa6a7d1868ce75ad3010bf089bb5b,2024-12-02,39800
bca-503d1ec39a3c48e821da46f85fa608fa,2024-12-02,73300
bca-f66a94ba3e01841ef25a307845de6877,2024-12-02,-42600
bca-0a1799e54dc332ee6dc1588456730208,2024-12-02,98500
bca-f8bae8da3432c1f100e1cbda8057d9bb,2024-12-02,-77400
bca-29afdf18c123c85b21de0517039d3847,2024-12-02,12200
bca-e65a9d7f61e4b606b199573fd41e1ab9,2024-12-02,-17100
bca-7c4cfd502a1dc4ea1868194bda902792,2024-12-02,39100
bca-03e98dd0498c6a7919cfedcd1c95f685,2024-12-02,47000
bca-ba4064dc0552f9e6269c69b435cba347,2024-12-02,76300
bca-131ec0e1d02ed3aa001556554c2b952d,2024-12-02,4300
bca-6f4d3aacaa1c968739ab011d92cf3f31,2024-12-02,57900
bca-6dbe5226c8b147694deee030023f36ba,2024-12-02,84800
bca-319b99c8133d47ca3c0e2e0e95baab8c,2024-12-02,-27800
bca-8b6369b0b6dc505cf93f3c226ca7f8c5,2024-12-02,50900
bca-1b75ab18987160c10ef8a6e46de457e8,2024-12-02,43200
bca-3de5872534ccf766439664a48d027c6b,2024-12-02,24500
bca-8adfade40eb98877da2fba5b5f063ac9,2024-12-02,89500
bca-34aa65f50bf533fdcefd64293a779ef5,2024-12-02,-3400
bca-8ec0f81566cdc0440e4094e6f1ce213f,2024-12-02,39500
bca-89bf9cba730bde4671bbc9ef50e3e51a,2024-12-02,2400
bca-14f56198772e9d4cba7413442a4966b7,2024-12-02,-27400
bca-4434b686e78eb2da14c7c21e70f5e260,2024-12-02,73300
bca-646404932fc7d3b1be0f0d20166d3baf,2024-12-02,49100
bca-5ede4fe283c3646788659f018675f289,2024-12-02,20300
bca-6fa21350f9feab25503d709f689fa9c4,2024-12-02,38000
bca-a8b2acaa9b6fb18a2435d5cd976bf36b,2024-12-02,-90000
bca-12e55cbb8aa5150555fa5969e35e2c99,2024-12-02,54900
bca-a54b8e627de76881d6db6b4b896a0327,2024-12-02,83500
bca-cc9060f15e7025e2aa66ef8894bc68f8,2024-12-02,-16700
bca-073b465a547a3b9c249806b4636418b0,2024-12-02,53100
bca-c25b1a9cdfc592e4289915167e1d31ac,2024-12-02,-9200
bca-79b9223015f9c9f1e3fbb81011c76614,2024-12-02,-8100
bca-a2566e3954b08f4285a885b646e4aeb2,2024-12-02,33000
bca-a5a04214b42a1f5a20a50ee3fa177acc,2024-12-02,25900
bca-a5c56e15d091f16fded6eb9721494563,2024-12-02,-63200
bca-5a141c4026345e7f3c2040fd956b4238,2024-12-02,29500
bca-baf33c462cbe557c648422f7a48f98a1,2024-12-02,21700
bca-fb8fb1d342fd848d4da663d490267e24,2024-12-02,-44500
bca-b683e1c87949f92afc77f451ce2fc8f0,2024-12-02,-24000
bca-ec1547b28392b3a8bee89c5908eaaf81,2024-12-02,34700
bca-b7fb19df39be05cf265589c20e6f7c60,2024-12-02,40000
bca-ae671b53b05e612a131032e0184e4858,2024-12-02,1000
bca-763495422c2134f9a4d4cf75377d7937,2024-12-02,21100
bca-da3f18e2f855d79b7ed944c39733ec90,2024-12-02,-76700
bca-589a98cb833b856858cff3660accbea3,2024-12-02,49400
bca-dbc3685c5c6610d61f6df58925a89f5c,2024-12-02,92300
bca-8beb7dd8f1b8a5598cc6eda1684bb3e5,2024-12-02,52300
bca-5d7abb4c6f66a181d4c2e04560ca175b,2024-12-02,70200
bca-85344e6e6973897ac3c1de04701e9880,2024-12-02,28200
bca-1ae6ae381f641d053cf43daa4bda054a,2024-12-02,74200
bca-930effc4630d78c74d0c22658371d5e2,2024-12-02,51800
bca-f026e266e8aa0b4c8620d4fa569cbe48,2024-12-02,83500
bca-19083dfe9d1b3b21d8c62edc59e1b67a,2024-12-02,39700
bca-ba7a811a1786ac0a6a65b6d551c4ebc0,2024-12-02,40900
bca-9e1939c42a0dd631a46afd700984f322,2024-12-02,58700
bca-dc6ae84f78f51126bfbbc86c6b545523,2024-12-02,87600
bca-5f554fc9f811aa7c13fa71921ceff856,2024-12-02,13300
bca-329a32e4193f1d823f642f8ef121805b,2024-12-02,14800
bca-f14e12b234eca406ad25f654fe78333f,2024-12-02,51400
bca-42eae38a5e8b31b1e38dd088d4692064,2024-12-02,99500
bca-6e60157ec61a132b2b9038df78247773,2024-12-02,46100
bca-736b07aca4001d849ca7923e2e3cef09,2024-12-02,74400
bca-fd40b7f98a2c80ed2d761c63cdef451b,2024-12-02,64700
bca-32c0273e797be1d094d31b4060a8920a,2024-12-02,13600
bca-6da7fd76592d39a1d74516b187e7bf6a,2024-12-02,34100
bca-dadeddae8b2d94feb118c4662134cdb0,2024-12-02,65300
bca-8fceb0676522dd33fecb7c86a4199139,2024-12-02,8300
bca-8719f5d3f962c472901c4576642a188f,2024-12-02,2200
bca-7b3ad25c6b5fa5ddb7de62f856eb83ae,2024-12-02,52700
bca-6b362ec504a7de73abadcafe8f786a1c,2024-12-02,66300
bca-0b345980df025c4090b77fd6039e1f91,2024-12-02,-71400
bca-6de820857a605887a4e8779b1565d3da,2024-12-02,77900
bca-e2638e756a99f4526a67e489368b3b9b,2024-12-02,65300
bca-5efaf66619eaaae0d269b7974b58b369,2024-12-02,33800
bca-37702458490928b9c8f56da20ca48a55,2024-12-02,-53000
bca-8963ea895f929fac9723c6e259a96215,2024-12-02,68400
bca-545d31ffd13bb0993e3e1ac9bb9aa66e,2024-12-02,65100
bca-b6e141ee6d02704e48ae2ae9b4767773,2024-12-02,-74200
bca-3db8f0c6b004afc779bb619536a13485,2024-12-02,-56100
bca-c1097bda3b15f404208700b1714b369b,2024-12-02,3900
bca-dde3b2491cf5c85e026ac8a58fc37b16,2024-12-02,28000
bca-4cea2954d099d91436bac7d921845fed,2024-12-02,73500
bca-3d8b86589ec858d721f0e9e796bf6d0e,2024-12-02,78600
bca-2f4ba6c87d32dd89e4bb0a4b8d043131,2024-12-02,-95600
bca-4557c4b72b5c68e246caf1d994134188,2024-12-02,72900
bca-3a609369fe44a4fa21a1f694d76878cb,2024-12-02,73800
bca-12090fd0a3683df78819ae3a29447cff,2024-12-02,3800
bca-2d74a6d6898deebe4d702a2f464e5658,2024-12-02,87100
bca-b520598485e9ad5a9b0a33169fce1b6f,2024-12-02,-65600
bca-cfa8263c1b5fd3d868217cd27f124fd8,2024-12-02,76400
bca-428869e1effe19c6b98ef3da855e93d3,2024-12-02,40700
bca-9858da9a03feb7370d69ac3b4a8067ea,2024-12-02,89400
bca-af3a795024a06d00c864d64eddf31138,2024-12-02,19900
bca-df48354ee47fd3d7725b0a0dc51a841b,2024-12-02,77000
bca-dfe832b2961a50597c27a82d17c207fa,2024-12-02,23700
bca-f946dc2386d2ccb1bdb93819e81b5528,2024-12-02,71800
bca-c7237cf298698edf1652228ad21ad32a,2024-12-02,86600
bca-36bfa05c0142dac82b9c268ddcaeab9a,2024-12-02,48300
bca-bff1a6cb353a30daa80e25aaf39de71d,2024-12-02,11700
bca-4569758ee701aa1c5085e04bd3efe858,2024-12-02,33800
bca-9b8f3d3560173cf815125758251daddf,2024-12-02,12100
bca-82c10f2217e6b1afdbb1600f4ee6fb98,2024-12-02,-92200
bca-528a2a6c2e2d93c5a3e9821f30f06f43,2024-12-02,-28600
bca-41661da6f2e79cb411db681cf740dccc,2024-12-02,84400
bca-141ddcc5db2336fd672627ac0198dd82,2024-12-02,37900
bca-d8770154339767eec0a68d6befb9f7e3,2024-12-02,83600
bca-0cb171b745006989818f624f2a640df0,2024-12-02,37500
bca-cc633a5d0e2552352ab2c20869000651,2024-12-02,29100
bca-d09a95ba74bd021daf36658868791bea,2024-12-02,33900
bca-674444f776724ecd1c14d93c8981ed97,2024-12-02,23000
bca-4a6a26312df0eb2910ebb0ade68efb16,2024-12-02,93200
bca-66d4692abb960e2036e5f040c1ccc11a,2024-12-02,77400
bca-749dc999e77b1028ae096b4bb99e4948,2024-12-02,60800
bca-7b2101f8fc9a45e31dc1a08b120c84ad,2024-12-02,-84400
bca-7e9b8404e45aed875c94fb7b02c86eb8,2024-12-02,-65800
bca-dbd3a4f1e93b09676d6b159c250f63d9,2024-12-02,-51300
bca-7543e03868a5fb4b46e31171be3b0993,2024-12-02,34000
bca-fc48646c59ba87840ab38396766d9bdc,2024-12-02,25800
bca-121fb554d61accdb6f338103dbbb9435,2024-12-02,18100
bca-b0f4b5a25e09bdbb4a8c106f1cecac91,2024-12-02,-37200
bca-4c337b770ad4d522773c956fdded1e14,2024-12-02,76100
bca-82337bb0c2844fa9693fac25688d1819,2024-12-02,48000
bca-e6beba53842e823876c4ad0273ab2160,2024-12-02,20800
bca-f37ff5c5f8baa92eb956b13dd1b7c129,2024-12-02,24100
bca-07a16988bbba68887bd07eda450a1bf4,2024-12-02,-85100
bca-be0ad723980d0b5ea1426c467d13c523,2024-12-02,82200
bca-872894949a4d1c734e12bb9429cb8332,2024-12-02,-53500
bca-90d1d4bed073db2c2d330372715d3bc4,2024-12-02,87500
bca-67f611f9555344be16a56ace99879847,2024-12-02,92600
bca-fc75b4e07fb46ec1f60dc4b186984f6b,2024-12-02,86400
bca-b78f7b38e5294e15232d15efcb3d119d,2024-12-02,29500
bca-d047b9dc81ca1903f06f795c3b3bdd66,2024-12-02,-25000
bca-61e4d5ce61b90a6a9fb9b2fc04507694,2024-12-02,59400
bca-144837def43b9e2798d173941565a46c,2024-12-02,15600
bca-1003f1680304b864709ce3bacec639af,2024-12-02,73400
bca-2ff10f8b0a2ee149d30eefd55938b102,2024-12-02,32700
bca-dc172b90fb8d3130736bf5f77a4e32d6,2024-12-02,13500
bca-0078cf568995585ac7ae82773aaa0587,2024-12-02,-86900
bca-762bc32f054c2e2f75a876bdc3259ad1,2024-12-02,95900
bca-beced5d7bef81a4a2e1f3590c30c5181,2024-12-02,49000
bca-03e72951c07de6c185e466f0d4804b02,2024-12-02,-16200
bca-9af8acd9c263df61989b868e36b8a5ac,2024-12-02,60600
bca-dabc06bf1e19d9c4145d0d3a53d24c9b,2024-12-02,58300
bca-383a72f052bc09baffeabe917588061f,2024-12-02,20600
bca-f83d1e16a4487ab8a4e8cda635fc2678,2024-12-02,81200
bca-664ff5afa02b8074571012331208dbd3,2024-12-02,10800
bca-9528d6df84af3765c522735614ea9856,2024-12-02,76000
bca-014b437ffd57765377c75e1cf16f0ae5,2024-12-02,-17500
bca-42586db36d7947b0da976adcf92351d1,2024-12-02,69500
bca-e35b17b4db982c5fd468b0c0bd3208c4,2024-12-02,38100
bca-b9a4230d099cb5f766278a0ab83c8cbd,2024-12-02,47500
bca-e44b0ec802f70e9cbdc3782ae1c99e07,2024-12-02,36400
bca-f57480361b2771663e1023eaf85ecbca,2024-12-02,-72000
bca-3c9bd714ec23d4bebe31deee2b8a2dd1,2024-12-02,93100
bca-f18e66641e10bf9b22e7ca24c124ecf8,2024-12-02,-36700
bca-d34e4910ee70769d57f1bb34f9173259,2024-12-02,49400
bca-18a0367665d59d7ed2b3c11b84c5cbb2,2024-12-02,53900
bca-e36ba56d05345c33d51300baae66c792,2024-12-02,13800
bca-aa0caf9b74f809733c2866e785e2cadc,2024-12-02,36000
bca-4f3686a85414b24bf97c133d4a2ca10b,2024-12-02,13400
bca-ae68ff93da70a04a82e71bb154d29e71,2024-12-02,-34100
bca-d196e2c3a0551370f6329729a313cd6d,2024-12-02,47400
bca-173c3e4d3aaeb6416f6e773b97e95aa0,2024-12-02,12300
bca-c73867dcfbd739a3938d9d7118eab1e6,2024-12-02,-46500
bca-8da0f06fc2f6117e3605a7094373c97a,2024-12-02,33600
bca-82f166562fcca934deea1d3a7f736a89,2024-12-02,16400
bca-60451ac4acdc9db9b55939f548c41b70,2024-12-02,-57800
bca-542bd0172eec4668d5fe396fa92d608d,2024-12-02,44800
bca-0b73f4b1559fe52b2af70ce8d0601149,2024-12-02,5100
bca-9192dbd016a821c345288fed96222106,2024-12-02,29000
bca-e4e05a1bc60fd095551026b3590283f2,2024-12-02,6400
bca-d6db9ee3a8a29fc75ed6819ee8779e37,2024-12-02,61300
bca-4ccff9a184c4bbac997d62037e7da373,2024-12-02,52200
bca-e0e83948977e0d9d30e19a36fc564ebf,2024-12-02,8000
bca-6f31c4248e09eb0461d00bfb5f9094dc,2024-12-02,15400
bca-b6cfb4e96748024a2b0a094391010945,2024-12-02,17400
bca-e298b432dbab85930a928d9fe4f9bf13,2024-12-02,3600
bca-57e4f62caecd92c299e14bea764b4867,2024-12-02,74200
bca-5bb9284ae8a80d4ef7665cfc9d64077d,2024-12-02,56800
bca-84d45ab2fd2f4629cee64c78d828805f,2024-12-02,-8900
bca-c9a9320457bbae6e2a3773017a590450,2024-12-02,51400
bca-a2f21b79c67eacf2acec5e02529db98c,2024-12-02,51200
bca-7c591796eec5ed830667cb1005fe332a,2024-12-02,10200
bca-e142290130044b1570e6a95602c9b811,2024-12-02,91000
bca-7bf6c4fd95eca43c89d7b1b9478ca697,2024-12-02,-58600
bca-77c41562676a364cf0c2d35e3c5f0eff,2024-12-02,-54800
bca-315a8e9e5fcfd736d237fb8c482fefc1,2024-12-02,56100
bca-fd194db67548f615b4c34a8da055df7d,2024-12-02,17400
bca-7476372c6ce8c6eef22ef14ecca1beba,2024-12-02,33000
bca-aed25ef2affc4e53c3748507b6603798,2024-12-02,70900
bca-2e35d61b114c4635c7c79329f185ff68,2024-12-02,73800
bca-be7041a1b1ef0820ec9ea676a197651c,2024-12-02,-45200
bca-1782a49315483ca77373c386ca9a1dad,2024-12-02,96400
bca-56bb00bd19f451709f561c7aec1083b5,2024-12-02,70400
bca-0e5773c9f7f9bf4d23b9517806dda0c8,2024-12-02,89600
bca-251b6baec1a1b5c501183df92d8ed675,2024-12-02,-7600
bca-72d1877a623d408a3d69cca40ec8be1a,2024-12-02,-81500
bca-2e34b8b34228883c136f36fe3c367df6,2024-12-02,-29800
bca-1c287d74bc5b30e3e08d26879c6ae261,2024-12-02,52000
bca-247a7bce97c9aec48f95b018049ad716,2024-12-02,60500
bca-4e8e41144ab1b2f8a67e063c56c0e578,2024-12-02,-16600
bca-502af80cbd4808e0d79db83da1756eaa,2024-12-02,-73500
bca-a8ccaa98f8b45c3cc2bb85f9664ac3d5,2024-12-02,73100
bca-d011ffa32d36041e2b61de2877b18f27,2024-12-02,43400
bca-715ec32d29538993f8e514e070cafa18,2024-12-02,23400
bca-f7c873bc34a1f891919894de2c7b6faa,2024-12-02,81400
bca-47d4088b87b5e38e0a40871d64b12a08,2024-12-02,33300
bca-fa148c488b580e534e843af2409dc584,2024-12-02,44300
bca-398a12675d84597aaf0e54cf999ea4c7,2024-12-02,38100
bca-10213db4a0ac43259e710bf9b34c5c4e,2024-12-02,1700
bca-4e667c2cbeda5c0933bb0f50d2005de3,2024-12-02,-11700
bca-8099e4b1d5b8f9daa1cbc55747e5d4e8,2024-12-02,37500
bca-657a07a70c973613020827213e71ec63,2024-12-02,54600
bca-c285f2b44018f21deef1f4f3d7859778,2024-12-02,12300
bca-b09bd6b2070f27f401197e8e92cd29f2,2024-12-02,6400
bca-8c410765c9394c40ca7194f584c9cb82,2024-12-02,30600
bca-c4a4b73b26b255c9f6970fb3ec2365a4,2024-12-02,77300
bca-bcbb1e61a780a3ab818965cdeb0dc4ef,2024-12-02,-66500
bca-797e5aa9ec62131561eced8d43589922,2024-12-02,45900
bca-af4b7b22e1c139083ce1e0a8ebef8a2e,2024-12-02,47000
bca-c8bcda9e2b7a3984d4b659588c7943b8,2024-12-02,64000
bca-a2d00beeee37e77da949aef7087019c3,2024-12-02,68000
bca-b446876ee1055297cee41915f4e40a08,2024-12-02,11700
bca-3c867ed10870639335012a50b5804ea2,2024-12-02,-7400
bca-27f82a937a5738575638817a726b361c,2024-12-02,11300
bca-a8488e16039306bf8ad75851e7ba8b39,2024-12-02,31600
bca-9b91b6aefcb810982791b9665b4813e3,2024-12-02,-53800
bca-883748a647baaebaf72a1143591b2136,2024-12-02,87800
bca-58caa3f5824186ed61585273bdff79c7,2024-12-02,16200
bca-58e9d009e9e257e7cebdddf13b9274f5,2024-12-02,4900
bca-993d2542cdfd7594b9820023cb64c32d,2024-12-02,53500
bca-7645390b84d05cea842f0f5e33924f21,2024-12-02,32900
bca-602fe836cf7467ed2d2b0d40ed306c3b,2024-12-02,8800
bca-3fadb46904700bccb7ae86d42924261b,2024-12-02,-46300
bca-0f57621ff365d6287d949cde4307950d,2024-12-02,27400
bca-d36e20f1c633be166df5e9ffb5f15581,2024-12-02,24500
bca-579b527e9a0ab45e67221dddf2ce30ec,2024-12-02,84500
bca-751b7069005124ad7efc7acb7677afcf,2024-12-02,75000
bca-554aa16f107feb38316a2c642062aea3,2024-12-02,92800
bca-589a43bb3d9c72cba5027a44165d0524,2024-12-02,4400
bca-f311f9a147fae3077dd0d62fd84c86d5,2024-12-02,52200
bca-9e93ce45b345c965958bbef2f3406ecb,2024-12-02,-27300
bca-53eb7a71f8afb566c5d2e2a1b2b15452,2024-12-02,-97300
bca-e8fd162b1abda0535209518034368dfc,2024-12-02,36700
bca-52f9bbc5577dc768eed722091609cd92,2024-12-02,27800
bca-c50e37997a0f7e153884777dae05dba9,2024-12-02,22700
bca-359a0eb64ff5e70b2589e149a4f4c054,2024-12-02,86400
bca-a6ea7d1a924ac696bcc87c1002502a72,2024-12-02,-98200
bca-eabaa285cf738cf4f2d6ac1cf2dd8a2e,2024-12-02,36400
bca-af9fcf2f38a6b077c8327a863bd0bd11,2024-12-02,-3800
bca-2d040fa34776c90b61c3adac26399e64,2024-12-02,-22500
bca-54141df9f2e0a280dcc28a9c067e5933,2024-12-02,17600
bca-b18c80ce7b8f58457e1e525c854e27b7,2024-12-02,85400
bca-b1c9534b1feab90ca5f33d1a3b5fc5b9,2024-12-02,14100
bca-ced79eb5ab5db3389c64b75c05d04370,2024-12-02,75200
bca-f1f143e22d3aefff586f2fd343c174f2,2024-12-02,55600
bca-9def1ef18e59b86c26a62107f53ac02f,2024-12-02,63100
bca-ea434f28a7d2bd86b1ac04adda278079,2024-12-02,30300
bca-695a0a20e40febdff25fb9930e532730,2024-12-02,78900
bca-b5bbafbe791e65f70d2fe6399ed82765,2024-12-02,-86600
bca-37f60f22b90f227cdefd40ecbc517883,2024-12-02,-75700
bca-65a07e767fc888bc6e06d50fd7069a3b,2024-12-02,91700
bca-01ce8070bc8d27e11c24a400e6106228,2024-12-02,2000
bca-fb1c3c20a7ca7f14682fd8db96a66531,2024-12-02,10500
bca-409fb1e0b68e52adfb71161ab67e2eb9,2024-12-02,49500
bca-a7cb72c446070c93ef150fa28f2f0a46,2024-12-02,25800
bca-e7445c1d2a983da69b9f61abdf8a42ff,2024-12-02,-27500
bca-302029939613fbbc7a57605818e5ca4b,2024-12-02,19900
bca-b1eb31eb20c209e57d9e5ac1756cadd1,2024-12-02,60300
bca-1473e30302ccf6a7a9ba37a2d14979c3,2024-12-02,72700
bca-6c1a6963693aeb2ff383d1ef4b54d095,2024-12-02,86000
bca-944dc882fcf8f0fa571653bb72cbd48c,2024-12-02,48300
bca-3f42f8c7b45adc68a15209dac51b41bf,2024-12-02,71800
bca-205a519b89a073b2369490db6651eb07,2024-12-02,59800
bca-a5eb748031dccc4b828505d70278393a,2024-12-02,16800
bca-1e4d8b8b266e79489e19b0b5658aab12,2024-12-02,49700
bca-9846a96b28da2006a6ef7b776c9ea0ed,2024-12-02,66900
bca-a04a279fe680787369c1a2fb9c31a856,2024-12-02,67200
bca-effc3bf8ee3147b3b6d58aee6b027a52,2024-12-02,45800
bca-6f132eaee68e4d1a547b3e2213e6d718,2024-12-02,-32900
bca-adcc01a91c1a33ee484e778360e34447,2024-12-02,81800
bca-db7a0f6075c6f567e6da014f88196570,2024-12-02,9200
bca-447adbec6b84c2b672253efaeb361bb0,2024-12-02,95300
bca-ff5c31c70c18106eb50e2342aec2df1f,2024-12-02,32900
bca-379f9cefa8f489206d3b44bc54dc51a8,2024-12-02,35800
bca-0f07a980a2d9eddeed83e280273d79a0,2024-12-02,31500
bca-dcf1677521a822e754af8a98c9485838,2024-12-02,7800
bca-53da619c21a30eec14443ce950baec0d,2024-12-02,18500
bca-795a4b96e6bfd51174ea4cbf31212870,2024-12-02,48900
bca-fb64625abba9c71785631f7b1554dfc3,2024-12-02,45100
bca-847649c435c56349903fe949a237ece5,2024-12-02,61900
bca-674a804d3286b08815115eace628db1d,2024-12-02,45800
bca-eb413cf69009d52f4e69c365cd0474b6,2024-12-02,99400
bca-8dc8f24fc7be3f855ac5603673af2768,2024-12-02,34000
bca-0348fe41d790bacfc1067b71d6971445,2024-12-02,-81300
bca-1170ead38251fd1aca9ceac3ac8671f0,2024-12-02,7200
bca-42381e1fde118d01745fd531cff8d513,2024-12-02,8300
bca-8b765dddcb95c97fff3a7aaf0d7365b5,2024-12-02,-37300
bca-5526e88fd4362a0c92fc36588abeb108,2024-12-02,-86100
bca-62845ab558470154e0b06cf515e2ba92,2024-12-02,-53400
bca-8831bfb225095ef37ac10cbbac80cda8,2024-12-02,-89400
bca-13452a25cf12b700f073b65840be0a60,2024-12-02,-44600
bca-24a97cf9d729dde5868ad7cbf5ca6ce6,2024-12-02,4400
bca-ead9c22b62903f071f547797599da15c,2024-12-02,91100
bca-9bdbcd518d42f529a99226948b46eb11,2024-12-02,-72900
bca-507b049ea4b58e788365aa078c1dff55,2024-12-02,30700
bca-5814e6f3892e90cb525e306e2d82b70d,2024-12-02,85500
bca-4b10d734f665611288590a598e1c2370,2024-12-02,87600
bca-0d9d82b500768d5af2ecc71eae83c21d,2024-12-02,-12100
bca-ea873ca1822804fe21270ad2b0116ee9,2024-12-02,24400
bca-0235ef316326a4b4a97bbd72cabf85ab,2024-12-02,89500
bca-dabdf75df182d0b469a083c0599c60e8,2024-12-02,65900
bca-7404fe0ebcacda9ac1edc8fb37dc8a19,2024-12-02,21200
bca-dd5ea697eeb14aa8397ffa20a958fa3c,2024-12-02,20300
bca-a6158fa9e08a3d51df1598aa4830cebc,2024-12-02,-85900
bca-86a01b812fe7be83386c8c052f09f209,2024-12-02,-28000
bca-86c30cbfe59358e653b998f4fafb31d5,2024-12-02,1700
bca-b339b80a3d9fe02491e40a3257bb4057,2024-12-02,46800
bca-6ce615c599b74999cb283d8e0425e2b9,2024-12-02,79800
bca-e64328a387fcdf10aeb5c7c2a5460f9b,2024-12-02,6100
bca-d53704d066767b5668ee5568de7a5723,2024-12-02,41300
bca-fe9152bc987eb5aba69f0483416419df,2024-12-02,16200
bca-3b5630dd26491bab822b67a0c4f59cf2,2024-12-02,4500
bca-cc17c73063adb02346ce1babf50a0062,2024-12-02,67600
bca-ef5182b57814bf26b1fe45b592e4f259,2024-12-02,-56800
bca-08d1272345b2ed1572663ed87c9c533b,2024-12-02,28900
bca-8a6aa9ef2b5dacb6ae6c8630e627e9f9,2024-12-02,43000
bca-c77d2012bf20f82937b41ed459c1229e,2024-12-02,22600
bca-c6b86bff4792c369f7f2e35b5e07c400,2024-12-02,-17800
bca-c9adf434b1fa00ea3d98dc064ff5372a,2024-12-02,75400
bca-55feb16f0434384f16923cbc0c612506,2024-12-02,60700
bca-de5e4b1ca61081f845410246d3533d2f,2024-12-02,34900
bca-ebf5b8726a5e5dfeb6f42d8e8c33c56a,2024-12-02,96800
bca-de3f9c9765d397a4a668b03efdc24484,2024-12-02,21900
bca-d528bf833c77261d389707d4b990ef08,2024-12-02,98400
bca-09e41412d28d6fab1480df401aa0804a,2024-12-02,88100
bca-87f15165a81160307bd8e54cc8e6071c,2024-12-02,-27500
bca-b25115a5fc3cdc6bea5b815a2d19a86e,2024-12-02,82900
bca-8b6b2e167368f477c4b834473971513d,2024-12-02,55700
bca-b589114c20f90a3e1b24a6eff0875d10,2024-12-02,-19200
bca-e333783273744ea5e093f0116d45d76d,2024-12-02,-12500
bca-6ad87fb4b08cb998816c0b22c536219e,2024-12-02,79400
bca-3ab954f1899559265faef0c24e974831,2024-12-02,-76900
bca-69e490aec676cafa5d65d1a346fa6480,2024-12-02,8800
bca-1a8ed2361dcbc169f8c65c5e12e535a1,2024-12-02,81700
bca-b29bd3b3ad0c7d0a24440499b1126655,2024-12-02,37900
bca-202934c871e61b44c68066e1d775c257,2024-12-02,2300
bca-4bc1898d2511566420c67ec32c0231f1,2024-12-02,15500
bca-4630de8bed4f5166dd263d732eedb6f1,2024-12-02,10100
bca-1e007867c4fd0e85d7d1d5f5278c576c,2024-12-02,97400
bca-f428644914612d6e73d5d53d6ce20d6e,2024-12-02,8400
bca-ae7bcc973f7b515d9236f71db19eb057,2024-12-02,41000
bca-9ff1870be47efb22e5509acd8ca9007f,2024-12-02,97000
bca-447f4b26eceddfafc5957e7e84356b2e,2024-12-02,-36700
bca-79d35ab0dbfae00e67b465ffc7dddbdf,2024-12-02,45800
bca-fcb10fc0a244a799cc4fe3a8c690853e,2024-12-02,16100
bca-89b8dfe76ff72cf5b3a375d0a4c5ef58,2024-12-02,34300
bca-99a886d9cea15200e0bc9bbbaba72f8d,2024-12-02,75800
bca-26de4b43a6eec87bfbea1d253acf59ae,2024-12-02,94600
bca-e73278de64eb475e0b35c27d7b2348d7,2024-12-02,84400
bca-776a7a38754ed38e4a118bd7c282db88,2024-12-02,-9700
bca-de3bb98e4effdbfebc5b57f79e7aa6ce,2024-12-02,-36600
bca-853d4f95c2a50aeef6d9b58bd1e1f129,2024-12-02,-44000
bca-e1d20bceb7479bab84cf33d1f96643f6,2024-12-02,97100
bca-8a659359aac98e7a04c40a2869da00e0,2024-12-02,31800
bca-80a95332cc8beefffb2da4531bcf1cd8,2024-12-02,16600
bca-b3aa4cb3338418427ed27bfadd516f18,2024-12-02,53100
bca-5ce49df4ca89cb16668b9f74b734d86e,2024-12-02,17600
bca-83c99b135c89633c14b212092c301f88,2024-12-02,53600
bca-93fe17a67ed5b6bb0166b0ddd7bd930d,2024-12-02,91900
bca-3a5524a5f8226b1456284d0bbcc98faa,2024-12-02,52600
bca-fd84315af2c1fbf649311e0a43e13318,2024-12-02,35100
bca-13ed5f834fb98dbba7d1fe8478a5e74a,2024-12-02,-29600
bca-372032a1b1ba50b66493e70f3be2ce8c,2024-12-02,3400
bca-49107a216fea6bec1fe95616d60e0ff0,2024-12-02,55000
bca-4a1e4c68efb607a6e7425857cf2e6914,2024-12-02,20000
bca-b4f98bc4f5bef649db940e667c9886c7,2024-12-02,65700
bca-12318888ceccdddbb8328d851adecc8b,2024-12-02,4600
bca-76624f0013b16c40619a3c8fc1f809b6,2024-12-02,-12400
bca-e860846dcb49ce45e35c5bc329beb296,2024-12-02,-56300
bca-383f8be78ffb059502621a3b21060ece,2024-12-02,-63500
bca-fd090e48573556a97b6641aa8226db49,2024-12-02,-91600
bca-b6aebb4f2fc631ab07211079d8b3b8ae,2024-12-02,88600
bca-59a6f270355eec770ac613e2f9c66c29,2024-12-02,-61100
bca-5358a0ac2466b94f6623014fcbdcc3fe,2024-12-02,42500
bca-29938e1f7c0c6df4ecc0a27f5dd9c6dc,2024-12-02,29700
bca-e8b995c21336d4960ecaec4e3786b0df,2024-12-02,29000
bca-7ad93dd5fdb064e6706b0ae61a40d859,2024-12-02,35600
bca-df7e0bac7646471855d225530c23ecae,2024-12-02,-35900
bca-8ab36e129f03ef2bf4cbd69aeeac9cf0,2024-12-02,83300
bca-8a8b56cb0361e223efdfacbaad0b5a5d,2024-12-02,73000
bca-24479cb9218f99f6d7f46441569a3c56,2024-12-02,90900
bca-09290c849512b0596539b6a5064fb5bd,2024-12-02,81900
bca-da6527991192b2ea6ca28b07edd8f67e,2024-12-02,10900
bca-811cba67e915ffa733586f0ed5a4491e,2024-12-02,97000
bca-58fa42be779c8ee46b421808267c8e54,2024-12-02,80700
bca-e18e5235241e4cf1d3f16d56725f08e7,2024-12-02,11800
bca-7f7ca2c85a8132dfb0c2fc6fc5d85087,2024-12-02,12500
bca-349d90c4d4c4d3395eb2f5401621df21,2024-12-02,86400
bca-07f15c3e935a2984dec686eb31b8953a,2024-12-02,-69000
bca-3793a9811b2f8e15e391bd04bf3f9818,2024-12-02,36500
bca-9ff64d1f32b8718a588ab28778be8eab,2024-12-02,-79400
bca-514d916274797203fe6366343bb79379,2024-12-02,-12800
bca-125e6c2af8c06f9b9269c5a9a5982122,2024-12-02,13300
bca-304b0245d798b00ec3d7efc26cf4d031,2024-12-02,91000
bca-2b31ffc4712834f58befde8b06360e50,2024-12-02,74500
bca-7da5207282d9ef9fd779f5d2fcdbe1c9,2024-12-02,48300
bca-251e25f940097e764978dc1d4b2bc7c4,2024-12-02,56100
bca-141aba783f5b3bc97af518b54db8c8e0,2024-12-02,15300
bca-357acf91168a44a49ad46efd3c7b6eb7,2024-12-02,17800
bca-ac47c18372610ba4ca77a70fe7298d35,2024-12-02,-81800
bca-6f1f2affc6d0ced043b29a21506fd88c,2024-12-02,49200
bca-b02f8e6425d7da1a23ced89f28f6e11f,2024-12-02,-79900
bca-a3a7ceb5e03436bd2034adb72da1c623,2024-12-02,97000
bca-d0fd2ac8fb12c67474cbb7a645b543b2,2024-12-02,-88700
bca-e0c68b9bb7e7f719f262cc0956416ff2,2024-12-02,38700
bca-aba76c5abe4a848b07bdb7184d8c5d7c,2024-12-02,67400
bca-d3d0833e72a30b4ddda743bb3aa018a1,2024-12-02,25200
bca-5b2a7bd041cabfc800cb80767e4e687d,2024-12-02,50200
bca-9d58603e7edc874aaed45b5751a85db6,2024-12-02,85300
bca-3d0491f601404e0dc126ec2d108b9fc5,2024-12-02,40800
bca-32b4c7aa6ab163861196365af9fa1e82,2024-12-02,11100
bca-99f53598484ec1c4378940569eec277a,2024-12-02,4900
bca-cd8573737aa39a6f1a624a937ff69804,2024-12-02,81400
bca-b6cfefaa74aaa891aa1bfe38d4bf0d5a,2024-12-02,50100
bca-649538f23fc29b5524f8bd88a610a400,2024-12-02,60000
bca-4849f0a0b1f51959f36118374b196379,2024-12-02,29200
bca-5f4de941b329c70c130dc0de6223b482,2024-12-02,40800
bca-aba0836da0d96be890eb2e42699bea42,2024-12-02,-61400
bca-b9bc3541441f2f1d7bc7c8b1c622357b,2024-12-02,68100
bca-74c3c11b878b159aac6634302d4c549d,2024-12-02,82800
bca-4e6aae5f34a0b142c6769084718247d1,2024-12-02,71900
bca-cc976315d9570bd56fb7e741badd0fb6,2024-12-02,78100
bca-bb32f8b29f01ee2658c44ab80d8835dc,2024-12-02,67800
bca-d9c119f93c8d5e2625c7d235668a7f43,2024-12-02,-15600
bca-8313e457bfb9a330b1a4ddc54f74cafa,2024-12-02,59200
bca-e788e1a3a3276157785fa186ae867d3e,2024-12-02,32500
bca-0b2b2ef3ba44cbfd48a16fa94efbbf49,2024-12-02,23000
bca-1da57a6a92bc25469e609fcd3f84e869,2024-12-02,-10100
bca-e98dfb7b5e81b16b2773160f0e9ccbe2,2024-12-02,46200
bca-c3655831ac2e7e7bbb5555b93140fb2d,2024-12-02,37000
bca-749b6fa172dfb27fa563d3d5f489c427,2024-12-02,95000
bca-aec0b5e7334481a22a7ea4b97f7696c1,2024-12-02,78900
bca-890b90b60bf09bda96969f473d10441b,2024-12-02,-59000
bca-c32f7f85ce516a58bd8bb3401685060f,2024-12-02,76700
bca-3357edec17ee7fb85eef596dde702706,2024-12-02,61200
bca-e4399fe7af2c4de559d71ff1bffb2845,2024-12-02,15000
bca-91cdf39aa1e8306ca834e01fafe26521,2024-12-02,17600
bca-477014bce7e49a44735a5927d5f0e66d,2024-12-02,49000
bca-aedaa7f7056a2dd53fddb9586ca9729b,2024-12-02,-88800
bca-2b953eae767e92e63086c8de43e649aa,2024-12-02,39600
bca-89cf5b2d2ad65ad8c0f51d0f34dae443,2024-12-02,74400
bca-14f21206c42b57d2420c7c8d8e938df0,2024-12-02,-22800
bca-405d8ccfce1aa611bc1c038754f998bf,2024-12-02,4700
bca-248cd2f4c52c1f250471e9e846cdee24,2024-12-02,75500
bca-1127a489d48a19cab8139f4768507908,2024-12-02,-71200
bca-27d1649d30d2dd7724f03b316850e87e,2024-12-02,79300
bca-46fac9265b09e2b582ef6557a8b1622c,2024-12-02,60900
bca-1644655226d6cb83e72f31a342ebc174,2024-12-02,45600
bca-149a989741fe5331ce09b64f4511293b,2024-12-02,-95800
bca-2c1e94669af56b881c6c17e37cfc9ef4,2024-12-02,4700
bca-268153580a7f79467b0794cf5c7d8efc,2024-12-02,45900
bca-f2843c9087b20e5df0b31fe337629039,2024-12-02,26900
bca-9487a872696233b01166cb334e9c85e2,2024-12-02,-85900
bca-7e219b6f0acb4bfc29752506487740de,2024-12-02,24500
bca-a62bf8f4d53da906b421a22b79a5b88a,2024-12-02,45400
bca-69d475751cd2268b6392e6351db2e559,2024-12-02,-66900
bca-e775edebd4c93ffd75cf2ad1db6a1b9c,2024-12-02,-85800
bca-de9fcd204dc1aaa5ece971c1b6b90c0a,2024-12-02,-31600
bca-d602df0c0af974fbef4942a495267fef,2024-12-02,66600
bca-5bc18cb9ff2392693318d4d82275e3c0,2024-12-02,10900
bca-49af07d114cdfd8e03e0cae1cf1c24f5,2024-12-02,99000
bca-061469f77010cb8e198ff141b9a3d855,2024-12-02,33000
bca-0c48fee68411a7091eec7dd1ac05ef80,2024-12-02,35500
bca-2f9805159bff43c788446bd7f665c6b8,2024-12-02,38300
bca-06ad22c2821f538fe75fdda589200d90,2024-12-02,79800
bca-657382e6e647193b0f56dec68dc5c9e2,2024-12-02,13200
bca-4bd3142486db476b08fb2973839ef1b7,2024-12-02,13700
bca-ca2b36aa296313def47a35a982874907,2024-12-02,26400
bca-7ac4b9c375ae5a37b56a564722f1df6d,2024-12-02,96700
bca-606a066b1cdffc2802a3801d8cb2fd4b,2024-12-02,97200
bca-8c77e5b81a77d2d14c1f9bfc1bfaa41a,2024-12-02,86800
bca-e57f01143ee970853549244c5df0924c,2024-12-02,71500
bca-eb27e95d55c47ad796d5d05f26c8bc29,2024-12-02,35800
bca-394805ec8294c5a76c1fa27af19bdf84,2024-12-02,-33500
bca-27641d8f400ca936c8a7c93887744dab,2024-12-02,38100
bca-4a659d0e44bcf996b1c86c15461df1e6,2024-12-02,-97700
bca-a69d0b9941fd31a1d15b061fb9a11fcc,2024-12-02,23500
bca-762e6c643f6a1e09009210a00953b5ab,2024-12-02,-68900
bca-b9760baf52cc9e8c45edec5a3dc61bfa,2024-12-02,32500
bca-01ec692978552412808f49060132dd16,2024-12-02,-30200
bca-820a25aed280c292994360a0c3caf31d,2024-12-02,-98500
bca-e3ece85c519b19c2d0ad514809f2f72b,2024-12-02,74300
bca-bee2416289d7159fd5a4a00c6b6047c8,2024-12-02,35400
bca-b5dc3bd2979a8f1d394c2a2896917e4f,2024-12-02,80700
bca-10fb91e82dfa4988d858d2b40e4425e2,2024-12-02,-5800
bca-6cbdca92b7e07b8018da43318f6248b5,2024-12-02,12000
bca-3d4e5c1030f0392fc4c00635c9e3eabb,2024-12-02,30800
bca-6dbd5b861ade58673fb767ee42511ffb,2024-12-02,-88700
bca-845308b1e504073741af4aa2350fd1a5,2024-12-02,32600
bca-9a03a572546a4dac6204942dedc1e994,2024-12-02,82300
bca-4ae11754c2c51594cd0313c632e47cc9,2024-12-02,38700
bca-603a876992286a6e9e5a5c0508f190e5,2024-12-02,-99500
bca-58944c58c056a85c2a4fcfd631de6dff,2024-12-02,28400
bca-fee2453a9eaaa4ad741077504321ff72,2024-12-02,90800
bca-d414291aa675a13879e6243a94efdbfd,2024-12-02,85900
bca-33a7f9097551c0873553d6b1a9bb88b8,2024-12-02,60300
bca-5d706f2faf733fc3c1c666f9fec47bcf,2024-12-02,74400
bca-6da1cc25445ab49441df1e8bf65f30e0,2024-12-02,-63900
bca-3a212a61a357fc1593c6286830fa6ad9,2024-12-02,70600
bca-c191ea2cd44ac9f0c3b9217ccbc92f2c,2024-12-02,58100
bca-44aeb5f86a87687f5628d598d2adb3a2,2024-12-02,13900
bca-023d7a7bf1746bc8cfb8329bf0114061,2024-12-02,-15300
bca-d37b17413ff1d4014377714fd6daf1f0,2024-12-02,64600
bca-4776b9fadca9d691d87b24fbb55ab178,2024-12-02,52300
bca-46ee615f549417fe1408abf9bf868b64,2024-12-02,-71900
bca-9f2d20cee813dc9fe2812a67852fc735,2024-12-02,38200
bca-b3301a8b07144eb96794ea35a2923e9a,2024-12-02,9900
bca-95b52e746821c1c00b7a8a04bfa91ee2,2024-12-02,92900
bca-2d2bc5294f7fbf6f4e3ee48bd1f7e7aa,2024-12-02,41400
bca-6ff9ccbfda3799118aa1495edb01d704,2024-12-02,55100
bca-024be8f63af62cc97913fb9c606468aa,2024-12-02,32500
bca-08a46f7a651c2f62c93cb949f9619c2f,2024-12-02,2400
bca-7cd06b8ebd1e4a28758b599b6a80cb2f,2024-12-02,79000
bca-716e7b0ffb86d5dc769a3597ee52a4ab,2024-12-02,10300
bca-8032d6735fb9179ecaf5a50e8f21d984,2024-12-02,55200
bca-5f099e45cbdec11377394caa4068411b,2024-12-02,15900
bca-306c478e078f5d4587ff3f999f3dc3bb,2024-12-02,66700
bca-f10d548ce243e6ea6a88d53b9e40453f,2024-12-02,75600
bca-f9d2372fe7152ade4fc380f9d0635991,2024-12-02,85000
bca-281e69a6e7464a11d3e22a04729ff35a,2024-12-02,36500
bca-1fc2e21052933951e852df2727ae2380,2024-12-02,22900
bca-443cdeb8d12ca4b5007f2d5bed5bf29f,2024-12-02,57200
bca-6a2d24e608baec1b46f4857774ab85e5,2024-12-02,13000
bca-41b873dd251368dba7f95571a31f1dea,2024-12-02,69100
bca-330d4bf0224e0610e44268b5217b2996,2024-12-02,97800
bca-780dace450ece563b4b1a0768f551a2c,2024-12-02,34000
bca-3e0533f2ad2665ed30eae8a388302f4f,2024-12-02,42200
bca-ffddb70a9db7df8169e0350831c4f52b,2024-12-02,71500
bca-fcde262cb47715d4525e752d6da31ae1,2024-12-02,24200
bca-434f4389e200f0c77daad2380efcc9e1,2024-12-02,82600
bca-c8fb65ba915e4efb850bfc9c9794d027,2024-12-02,72800
bca-7a3a406701b90e45b335f7a362b256ee,2024-12-02,94400
bca-8f7d6036fe241d8ec05057d36d6dd4b6,2024-12-02,-17900
bca-cc7b7387214d1fa48c3b7854c4a379f8,2024-12-02,92300
bca-fc4d5b14db89eae4d30ad191abaa23b1,2024-12-02,83900
bca-ecc358b12a4b59f2e1681409e708ba1c,2024-12-02,38500
bca-de8e972299529860851acab1aaf0a0d5,2024-12-02,-34700
bca-3e85c8dffee9a344d0afa39932b012ca,2024-12-02,69800
bca-38f4080a3f8218b71a769a6ecac33f51,2024-12-02,22200
bca-ef850c493e294dcef452a83ce5ba083f,2024-12-02,98500
bca-1b9db4b7da8f7cde806d4f64154fe5bf,2024-12-02,98100
bca-a40fc7e91b1ce4102729a9bc72293efa,2024-12-02,-92600
bca-ad2935981f1bbb7982a89d4021f9c05c,2024-12-02,29400
bca-9e94e2a99c256eab88821cbc265e034d,2024-12-02,-2400
bca-cb7768fefc767803df9731ec11ce9091,2024-12-02,-42700
bca-2ceae906717ef2fc6c1eb871a7ee5166,2024-12-02,22600
bca-abe80e458b0eed42b9ed3a7bd2337127,2024-12-02,-66500
bca-fc36069cd4ceb0dfafb140397206d8eb,2024-12-02,-89500
bca-a24ddf6adbd72ad6249178a05931aedb,2024-12-02,79100
bca-0e8084cae0702c746e32ca479200be0f,2024-12-02,-57100
bca-2bfc9bd203f2b12a4351314163c13273,2024-12-02,36500
bca-20c54e6db268dd5469b79916567139ec,2024-12-02,85000
bca-d016173216d587737d06bab90ed1741b,2024-12-02,97000
bca-bf9539e16d739dff32f43d038415e345,2024-12-02,92200
bca-b0b0d0d8a9774e3c35cdb08fa336e2cd,2024-12-02,53100
bca-da4eeb367d1c485f1251d0d2e6f19a39,2024-12-02,7600
bca-a1674602754a503b3cf4c8073d77fbcb,2024-12-02,58000
bca-740bc68708c728a6cd524f1971fecbdf,2024-12-02,46600
bca-187959d8eadf249fe0995b2554e0b6b0,2024-12-02,11000
bca-14e937545130bf972a6dfae9d409ae4d,2024-12-02,60600
bca-4f12590fe880a47b676815aa9dc3b059,2024-12-02,80000
bca-4f227aefc45fb894caeb213c2b603173,2024-12-02,-68500
bca-57f2237f52b5e5ec8aaba48251c3e56d,2024-12-02,-99900
bca-7910174acb6e2a1ba94dab80ddf194a2,2024-12-02,53700
bca-0c9d5219b9a699f3fd166e25b6b32d3b,2024-12-02,-63600
bca-8ea9b4ea96decab6d5d00d485228f52c,2024-12-02,3700
bca-c1eed3a49fcbb316c65b349ee3c6a98f,2024-12-02,21600
bca-be2f3bcb811e9499e8bc2d9d99ae74ff,2024-12-02,74800
bca-1f14cb0b308d8b0455fb0db28ec71e39,2024-12-02,92100
bca-e39bf4813edaad8251db591491852be6,2024-12-02,24000
bca-fa49bc672a00f4727bef36be74fc0746,2024-12-02,-56900
bca-4a25a5d388fd6a13d620786e999b6ea9,2024-12-02,-60300
bca-3e2dddac02eddddb1cd8589750f2f723,2024-12-02,4800
bca-c870d65b5e248349a6a62bfb938b729a,2024-12-02,-67200
bca-7ff4e6d096aa00950d2fbf7d90757515,2024-12-02,73900
bca-527bdfeaa4dcfcde4dfa6bf52ae7c845,2024-12-02,6200
bca-f35964abd32944738586af942a529ddf,2024-12-02,-69400
bca-edddee569661e0c5211a44ea2fbb74d3,2024-12-02,31600
bca-593d665aec8b2c48bb7d844ac4837a1a,2024-12-02,56900
bca-aa75224a8db4f39a1b757a5b5523859b,2024-12-02,36900
bca-7d26034de611d2e0629c9e81671d6e32,2024-12-02,-96100
bca-171a1718e95e374367009f22010e149c,2024-12-02,7000
bca-a8ecc1e91abb0abcced20924013e0530,2024-12-02,85100
bca-b09333706e65e357783a8ffea992c08f,2024-12-02,-88900
bca-84b9f77ba1a4129b75a34e6ebeaf8c9c,2024-12-02,14600
bca-4a9497ab99b99c86cf806dcae7a246cb,2024-12-02,25800
bca-39f5cf0d14fa6bf4b6ac2b141e4b6f04,2024-12-02,38700
bca-5b8f69b79a9dce7fd65eea15f5bb0a88,2024-12-02,-85600
bca-9b525d4706f96ea0e1c156dd65bd9839,2024-12-02,42500
bca-821569a6fe65452dff3e1d028b4c97a3,2024-12-02,47100
bca-74878b39c7d5728c5ed901b3c41d8053,2024-12-02,44200
bca-38ee9fa65fd1cd59ee1b3472da4b1854,2024-12-02,-44400
bca-e152c3936b29825141ba915a5f6099f2,2024-12-02,41200
bca-f3e03bcf89a43022c5f4975942a16c97,2024-12-02,-43400
bca-af0f54e409114c91079760e6d04c4133,2024-12-02,7600
bca-fb643ebfb9079fa88b62eaba7e53ef45,2024-12-02,87200
bca-82e0457a48b451bae2d7895275c83143,2024-12-02,74100
bca-972b8510a9749d63a89dac13a1a5e1aa,2024-12-02,41300
bca-b80ad4930087e21a427db4c7fcfb9ac3,2024-12-02,42800
bca-e9687136efd2d0b3ece5a9be86ea9844,2024-12-02,98900
bca-80753df85b106bea25227108b7c7a856,2024-12-02,15700
bca-77516c9e87d27fbb2bec92319d281daf,2024-12-02,-48000
bca-4371d41ab02a98438265ba7beeeaaa41,2024-12-02,25700
bca-385cd26e767a8eae7d3e207ec98e306e,2024-12-02,85700
bca-c50a1f4408b3caea4ac3a96376ad94fc,2024-12-02,82300
bca-075f7ecdbf026f4ff4ca33df9ebd702f,2024-12-02,-89000
bca-3a7366ce340d9f4af8351e22e98e7130,2024-12-02,92200
bca-64070017525fb3dba3ed6c101e423571,2024-12-02,89900
bca-4ae782b36a8628395589076e74660f15,2024-12-02,14500
bca-13de13b1440b55e3355ba90c82492c20,2024-12-02,59700
bca-f57e878e11bb2b364b35b5dfca36168b,2024-12-02,93100
bca-d6176a4ad96eaac1114a091ce154039f,2024-12-02,-51900
bca-3cefbc34618d9c7db0b4982e14aa6561,2024-12-02,78700
bca-f42c683548f84a3c09022916dd863f58,2024-12-02,49300
bca-d1a8b6761c6e502d0e471e6be3007f7b,2024-12-02,58400
bca-fe1892738c08f50255d1251158db30a2,2024-12-02,77500
bca-26b632a8bd70be9ee79d1763194d3816,2024-12-02,-67200
bca-a7ce454222c25d95c322cac742d43b0f,2024-12-02,39500
bca-73f41b95a01dd036e928c16216550d3f,2024-12-02,68200
bca-09b83bd2f5db5b48167aa04ca8f2e5a1,2024-12-02,13100
bca-966202d09b4f9c4eab27d713021356db,2024-12-02,-13100
bca-f68c9de0100083aca5cd3dae04f48ccb,2024-12-02,-18300
bca-abd01030d3b66724440ce6266a5dc707,2024-12-02,70500
bca-a44ac2294e979bfb182f1161ae99aaba,2024-12-02,78900
bca-12d38d911bdfa4f0553f37c415131f38,2024-12-02,62100
bca-c78422b6ba0ccac415ce3b705998db42,2024-12-02,-15900
bca-21aa14f8e8246052497fc37a166fd4ad,2024-12-02,-88600
bca-73acfa1de767b52a3f384070d4ff3d87,2024-12-02,96100
bca-813a1ac72e8feb89a6163186ee4e45b8,2024-12-02,-59000
bca-7321f228cd04677683e6dc64829dc86d,2024-12-02,10800
bca-98da37a15de092264ae3247928bd077b,2024-12-02,97400
bca-5f661bb84f1b3669b4e943178cbaf23a,2024-12-02,69600
bca-1146fe05fdce76ca051e1876b59e6e47,2024-12-02,42200
bca-dd235ad3c989711942a70df359c547ea,2024-12-02,83600
bca-ac0d72351e06e4232175433e14428771,2024-12-02,28900
bca-f43cac86623b2a0f4d992c833eb367af,2024-12-02,-37200
bca-b472d53405afdf7a837ddd4a247364d9,2024-12-02,27600
bca-54bda351870163db5631105e892a8d26,2024-12-02,23700
bca-886e5b6e2c18e869aebdf304bd4d4984,2024-12-02,73000
bca-18b073a637375739f97baf6c156457e3,2024-12-02,32700
bca-fef8a2075f0effd4b80478812c29e776,2024-12-02,39100
bca-a046788def1c60dd39a0a5090875050f,2024-12-02,66200
bca-6a5d876fe7153535184b29b938e387f2,2024-12-02,-32100
bca-3494605a47642a6ca393c74f3b9d2bf9,2024-12-02,5200
bca-dd51b75c1765ea18483fa2850cdfc2cf,2024-12-02,95300
bca-5efc0390c5f90ac8b242e87ea84ceb2e,2024-12-02,22300
bca-75107facc2d141a74ba261d5db6b711e,2024-12-02,-64600
bca-98d397cce540798cc10c84caa3d78284,2024-12-02,91000
bca-0ea617ccbc3b8c24b7d8ec1ebfe42bc1,2024-12-02,83100
bca-1e61e3fa90954c7765fd8563bf17ded9,2024-12-02,-92700
bca-7dd6a5ee4a6a2568339ea5208c7a0003,2024-12-02,-89300
bca-aef5fe6020977d36474a382687a51e28,2024-12-02,44300
bca-bbefffb8690ca3ebf1f7fc477257a440,2024-12-02,7600
bca-cdb2694838a2808acf3715fba441db6c,2024-12-02,17900
bca-b30ad22cc94453af61612a06ed08336b,2024-12-02,-20800
bca-1eaf092915909806cb6e59b16e293cad,2024-12-02,7400
bca-c16ec0ae714b35ae53eccefa0797be49,2024-12-02,39200
bca-7603132da08bd58f297de3f4fa9f2460,2024-12-02,12900
bca-fdaae438649ad8b84104e69d34e18aa8,2024-12-02,22500
bca-4530db33f71171b465b458ce22f65d77,2024-12-02,-92800
bca-1f9cebc3b310073cb13bb2c53530cc51,2024-12-02,35200
bca-fdfee516ac590a28530c5438dc041e76,2024-12-02,-72800
bca-65926ab2e6cc5e009dd6c89c1a145c29,2024-12-02,43000
bca-7f3bf3a27edc35f6c115dccb74a5990c,2024-12-02,26400
bca-335420f40a8b836956f6559d62745697,2024-12-02,-98400
bca-010a5f412bb85270fb1710eeceea2373,2024-12-02,-73500
bca-ee7d4fae13a5f8813399c5e384fe7db6,2024-12-02,-59000
bca-38749c6d6f540de0af2ba291cc99a8b3,2024-12-02,43100
bca-620855a8f80f1a0d507af76a0e837b82,2024-12-02,64400
bca-f6bc3434f9c624e9aab0666bc94a6d09,2024-12-02,-52600
bca-08e79c0d1e832490a8ca453e96396dc7,2024-12-02,-36400
bca-ddac1e47aec5b6d481f947b018968626,2024-12-02,-92000
bca-3a99c1216fa46c6bada652ec2572ad52,2024-12-02,66800
bca-b8bc5298eec4bd5aada803216507040e,2024-12-02,39500
bca-6d8fd124655959e6dbbae1dd6f6ae8e8,2024-12-02,19900
bca-bf53d9d53cdd787e5ccf27dc2070fb4d,2024-12-02,-1900
bca-1d641c84b22465d12b00f37c00ba1790,2024-12-02,-10700
bca-2ea31a9275c13f5224fa664e8989ee20,2024-12-02,-93200
bca-db1ac1a3691454e2e80ddceab6bb9d3d,2024-12-02,39300
bca-843cac5f488ed757af31523357aee8f7,2024-12-02,73900
bca-fe2ecc1d2451bcf91118d1cd84b1e94c,2024-12-02,31400
bca-7018491a3c71cb287d92e6820fc22d0d,2024-12-02,65200
bca-ac4f9139fd1bdd7901037fbc37a90703,2024-12-02,29400
bca-114e9359219d4a7a02963c9b85b0d897,2024-12-02,46500
bca-9f92062495d94a4f1b00f4a270cf803f,2024-12-02,36100
bca-ee201540922d80e7b16f0b821682bc5c,2024-12-02,-9000
bca-53dd3fdc01e70772f4ee9893e500ba15,2024-12-02,68500
bca-b5ee14546ea3f7e6a93842cd242de6eb,2024-12-02,-57700
bca-5a24acb51d086bcaf44f4849e6af55ef,2024-12-02,35500
bca-63381dfb80eaba4901462cb580fe46c9,2024-12-02,-70100
bca-63f19c066aa36020b2e69dadf53e35ef,2024-12-02,29800
bca-26e64eeed245a813d57a07a79353181a,2024-12-02,37100
bca-113b8b257745bd193cbced5bc2bae665,2024-12-02,86900
bca-02cdfd3d993157f6cb30f29cefc5998f,2024-12-02,80200
bca-23da1a8be764d39c0a62c2b163bb7e5d,2024-12-02,-82800
bca-b21a07c9a9f655a6ff8b5149d0a0eed6,2024-12-02,72900
bca-d7a6b190051331283217d38539881a36,2024-12-02,-47600
bca-4207855e724a678cb67c786be4870b26,2024-12-02,-69000
bca-53257675a8d35a40e0f91f45ff19cafa,2024-12-02,30400
bca-9bbd436f404c93e3bfb0642ede6903b1,2024-12-02,-51400
bca-ce31ce388b125cbc7888f53e68aecd1f,2024-12-02,23800
bca-39c9f0012e9cea9378cd73ef79c8f179,2024-12-02,45000
bca-3d41bd69d40b0b05cf037f96b4533cec,2024-12-02,-23300
bca-7c6beec6e423472c2d71bbe5329f3e40,2024-12-02,92800
bca-2d9d45a4cb5bd22977376b3a7745b28c,2024-12-02,-87100
bca-ea10a5c0b08d72dd4d932db6b17c31ec,2024-12-02,29500
bca-62789f866d4e1580cb5e307dd34a6636,2024-12-02,4800
bca-63ff12172921040c0bff5eeaa02bc05b,2024-12-02,89000
bca-b146488741a46742628f6a836e8a4a34,2024-12-02,96200
bca-a3d2ab519433a9c9089010ba0374ddba,2024-12-02,2500
bca-b22e3ba4e7f610bc8c48fd33df2e2305,2024-12-02,79400
bca-aa24c5600eab818cbf2ad40c31171d49,2024-12-02,25200
bca-07fc2c6f71d529d297d5bc3f4c01f8c8,2024-12-02,82500
bca-beb95ea9dd7c19d320a52b0671d6de1e,2024-12-02,-99500
bca-e33cbd958b58946e59e63d9e4aa7f0e3,2024-12-02,72700
bca-a4ac66d59bf209cb3e8a7619989b3cc0,2024-12-02,44600
bca-f64e38eed70267dfdd498dbbbf6a02bc,2024-12-02,-52900
bca-3d72c3cada1eb18a82a0bf7686d20e3b,2024-12-02,-86900
bca-f69dd0582af29c8f872b9853d5e004f6,2024-12-02,42300
bca-44905a68d68b74b0c8d01cf96341a013,2024-12-02,39100
bca-851335238f6f127ef4261ae05a13cde4,2024-12-02,21000
bca-f369ee45ccecd654332d51018ddf746a,2024-12-02,92600
bca-bc9746a46ab44ff0e5f3a359eac73bfc,2024-12-02,13400
bca-32b1edfefd3bd2858ada35ca30c8612a,2024-12-02,8700
bca-dba115e4b7aa9e395a76a1851ccd09ed,2024-12-02,5300
bca-bf5572edb6481067a75624aa70b7788d,2024-12-02,74300
bca-39de01aa5669faae560b1bfaee5510d1,2024-12-02,29200
bca-79642ec6a068bc6920c90c20224522d1,2024-12-02,3500
bca-431c335247ed31aeda3ca61a1b22fced,2024-12-02,32400
bca-b3ea38180b8f758221331693da0965c7,2024-12-02,4000
bca-1dcc6570fb3a61b7428b4834925d5731,2024-12-02,19500
bca-d4b8beb1d6f38ec2ba996bfdbd8e841c,2024-12-02,72800
bca-5ca2429a3447321495afda3d398fcbbc,2024-12-02,99300
bca-acf958c4772095b6fa6ad63ae8b59d8d,2024-12-02,51100
bca-6f3357d6e6609b0bc592fd2022d2262b,2024-12-02,-76900
bca-9baa8f68a143783b29fbd5d07fa793bf,2024-12-02,-92000
bca-df4c03215d8a518fb7479df7b3192d26,2024-12-02,7000
bca-21f8fe64dd04c91544250946206d25b0,2024-12-02,24100
bca-4923c30afacdf2226cf3a1f1ae9e5387,2024-12-02,23000
bca-6f7757ea8bd0ebfee4b902a15ed77a32,2024-12-02,-9400
bca-282e45336806a9b1a0ddfb85b4d38c86,2024-12-02,88100
bca-19b4492d2a9f1cb5237d9dc454ebe7c8,2024-12-02,14400
bca-5471f434f7f5a5f6cb510c334ecc72c4,2024-12-02,96300
bca-b862039bc44cdde1beed1b9a27cdc995,2024-12-02,99000
bca-1538a147744fa067f12e6748047d9971,2024-12-02,23500
bca-91f25fe7ade97def4a7eb14aee0522f0,2024-12-02,74700
bca-e48aacd1471c319cea5fe61a72e0b7a3,2024-12-02,28200
bca-b0920d776e61290e72bddf963403bcf3,2024-12-02,19900
bca-7f7f51fb9410c6ff5f9fac7f4390df14,2024-12-02,89700
bca-9fb640f9c4bd56c64e379cdf68794e3e,2024-12-02,43400
bca-03aa24bba824b2f704725a4b190c250c,2024-12-02,76500
bca-d3381e702caba35c35d500db088371f3,2024-12-02,99500
bca-febd513597e99d4454a21d8e45130ea5,2024-12-02,10300
bca-a5e4c6188f9f2b9af727f9254f2bdefb,2024-12-02,66800
bca-b43fe01feea6d993520544b2f402b97b,2024-12-02,-8700
bca-095b0b4bf5f527a7df0c7c02d759234c,2024-12-02,-15600
bca-aee10d5e50f101d2e3aea151d6af40ce,2024-12-02,92700
bca-6919ff32bb3e504321eb4aae15dadc5b,2024-12-02,-84900
bca-093af651bc38674a5266aba860edd023,2024-12-02,95300
bca-59ff5e65cae5ede71035fbb669a7c6d1,2024-12-02,70800
bca-1f5c4be41d354bc401867413d28d147c,2024-12-02,3500
bca-f09dca07c530c934244e6f10a3ed0a31,2024-12-02,-97800
bca-c0a96c981715033df1b37ed89c11c310,2024-12-02,-17800
bca-438f23919270acdf09751387c3aec6d5,2024-12-02,22700
bca-0fe08cac3c0dbd9f0b025e0579cfac50,2024-12-02,36500
bca-4ebffea99690b43170a03a210b5a76d5,2024-12-02,11100
bca-d484523782d7be4d2a63a941969f19f7,2024-12-02,-12000
bca-344b3f63cb96fcb6f36f2a098a4fd64a,2024-12-02,50700
bca-2d42adca7362d33f3bb952d2842ed29a,2024-12-02,-67300
bca-5158330b7e0f0ca6fabb77d7c032dc04,2024-12-02,16400
bca-208f47fe2ed85c5f2608d0d9219c43b1,2024-12-02,1900
bca-5b2fef4e1b9118bfd1c6973072d37ac6,2024-12-02,20700
bca-9ca8162955376785ebbaf2ea30adbe8e,2024-12-02,-71700
bca-4d0858873fc6b6d2f4dca7451b67e1ac,2024-12-02,-99000
bca-06f3ccf264cb1d3a304f70ef80640df8,2024-12-02,67700
bca-3bdb47a1bf6112ab5fc9c8e7a46fa59a,2024-12-02,-4300
bca-735887a22a50945ffad1877d88d187ff,2024-12-02,95600
bca-1c8aa7ba9d5d2ba00cac77cb361682c6,2024-12-02,24400
bca-0ee93eadd6009d027248a12406ddcdcd,2024-12-02,72900
bca-003d1eb9dd47e3f07ab248606c0b86bc,2024-12-02,12300
bca-0fa231395711066bbaaca2bb1127e05f,2024-12-02,16300
bca-9ab3d7572aaa6eb3e30e7915a6fb8115,2024-12-02,50700
bca-3ead1a4c369a2014cb93a2ceff79bf5e,2024-12-02,87600
bca-72ab3809289cfbdf6e43978ba706dc0e,2024-12-02,83800
bca-30a45bf16555016e85e5402d63cd192d,2024-12-02,55800
bca-20367421444a58f8393f2978e7e96288,2024-12-02,71900
bca-9dc929fa0dacdb1e1a794e46e56d736d,2024-12-02,7500
bca-d8b2cc84fb60bfc6ba21f9cdc2ed2332,2024-12-02,-78500
bca-2b49b636297699664c63f929b719883f,2024-12-02,57500
bca-18dedfa83bd5d5c66c97f555202a9077,2024-12-02,11600
bca-9e79ddedf09d2b84b92caf145fc88260,2024-12-02,54200
bca-ab7b84a8dcab2944b18a66f109880b10,2024-12-02,60500
bca-d5c1fba946389d4a0aab79e80aee16b5,2024-12-02,89900
bca-572f53e0f03f22d466b6f845fe498083,2024-12-02,-58600
bca-cf36f83140aac7b6323cc1a04da9012d,2024-12-02,53400
bca-9dd5cb127079aaa8fa54194759ebed8b,2024-12-02,40300
bca-a18cc79e292b44bd16834368d31d3f5a,2024-12-02,95100
bca-36eb9d1955b6f36bf0c1cdd0fca9b0d5,2024-12-02,60700
bca-f0e64ded7b12c374ba2c48415d9e7710,2024-12-02,13500
bca-85f42bf9db148e73e89bb859aa0e5f2b,2024-12-02,89800
bca-81930c24d44ba2e6b75de2e1b7aac859,2024-12-02,39400
bca-e1a951da301f4fea8f76678e7976b32b,2024-12-02,65000
bca-7114da08589ade4e1b96d1955adfc43a,2024-12-02,96700
bca-6cc6e215434ecde4e1941b71bf3e1527,2024-12-02,-52500
bca-709c81b5d2cc40cb1412b86b566e1eb6,2024-12-02,65500
bca-d15efd5c0f2a7bfee3d21d0a9f8368fe,2024-12-02,72500
bca-2d069319a2eb2dabc498c7b89c7fd270,2024-12-02,34900
bca-59d2966ef93d5141a85d229f9bf9903c,2024-12-02,7700
bca-21561209bae3af414f802b2fd1539dcc,2024-12-02,41000
bca-ccc1586d2ab62451075fe5e595a765f8,2024-12-02,-24500
bca-06f2ffde773213caa15fcabbaffbb611,2024-12-02,77100
bca-c59cf32473b97346f24c195deb601cc9,2024-12-02,-73100
bca-e22f3abc3d31faf5cba9346456013df9,2024-12-02,58000
bca-4e0de93623f8040dae402d80f80aab08,2024-12-02,90700
bca-71bb95d14c0d1025f66ef53ed0958833,2024-12-02,13200
bca-08ec2cda98f1dec4044e605c0e9901d6,2024-12-02,-24600
bca-166593694e5fcb59107dcc29f0bc2fe1,2024-12-02,19600
bca-d3c727c60c5d396d4dd4ff8ec90cdc18,2024-12-02,84900
bca-1b050b3c9a4edcaee8fc188c6e9c0d38,2024-12-02,-31500
bca-af5b2722aba9a28dd80a24f1122a0c1b,2024-12-02,92300
bca-edba0179b57e66af9f1353446ee21552,2024-12-02,76600
bca-9e6c32fe14f548757c0758b085290ca9,2024-12-02,-57400
bca-e7af88e843c4741b916f3072c48135c9,2024-12-02,95300
bca-4adad95e57a39534f7b1e4c4ae6d65b2,2024-12-02,31600
bca-eaea188871f977e2419ee017e333ad6c,2024-12-02,4300
bca-5c174cc9c583ed80129721b889167a54,2024-12-02,18100
bca-834cf86c41087b348d49c973b07bdbb6,2024-12-02,48500
bca-1c92ad8fc88f8745f380ea145d8df4a5,2024-12-02,-68900
bca-ba51df0f068d643cb1d951bc3925a04b,2024-12-02,19100
bca-82728feea3e8d76e0098d90c33f3c9e6,2024-12-02,-50700
bca-8e90f16bfd9a6762bf6d6f0d75ccc14f,2024-12-02,78100
bca-c4cf7740027cd761247b24033a74482c,2024-12-02,54900
bca-d080154548ffda2dc87c5b56afe9a73f,2024-12-02,-60600
bca-fdacc27c43bf701c9cd7f3089212b5cf,2024-12-02,78400
bca-8896baf1ad329d1cff5d2bf542b44471,2024-12-02,12200
bca-38a9936b0f6a1a919f0cdd73873df695,2024-12-02,4900
bca-47f60cfab2d2c9e489228e5a20619816,2024-12-02,13100
bca-fbe1f4dab9b196dd87f91748abedd216,2024-12-02,34700
bca-979c53a3b41feddc3bc52c391299c8cd,2024-12-02,55100
bca-60174492c090c93d32da11c7e4168cba,2024-12-02,10700
bca-81b530b61307da4f69d161a8cf91d389,2024-12-02,-45900
bca-dfff2506dbf9857eebef3373d2bf5d20,2024-12-02,50800
bca-7be43bc6c11e471a9246292027ab6336,2024-12-02,-32500
bca-47beb757425ad13b8eef5477f479c826,2024-12-02,20100
bca-b0374760570f1d251aae757625405725,2024-12-02,19400
bca-7db3552601f2f38de7fc83dba379bc4c,2024-12-02,-95400
bca-d4d7e19d9a1500afb199cd977bba91c3,2024-12-02,63000
bca-d9e39b9d73d875cb3f85341b609d5aaa,2024-12-02,22300
bca-a221d576289db3d395beb802fc8c9311,2024-12-02,5000
bca-0650c953484bfc7b019f878d78953ee8,2024-12-02,72400
bca-5acce4f71d4138d7526e39141e9d5fa4,2024-12-02,-44900
bca-d00818118d2ae75c9060bd4ddce456c3,2024-12-02,-56000
bca-49267d890bdd171a8a78eea9cb4ef6dc,2024-12-02,82100
bca-42b2c2271ce84aa7c46bdd217e8c4bae,2024-12-02,68500
bca-1418fc2001a028bbfd0bea2c9a92ac2d,2024-12-02,82500
bca-ad628af2d42b77885d286a7faf99822a,2024-12-02,-1400
bca-5d8344770e817477a7a1623175541d51,2024-12-02,-45800
bca-dbec4a54bc2f046fee9abbfb82810acb,2024-12-02,34000
bca-22c9427447be2f56085aff681152d388,2024-12-02,-77300
bca-cc6d902f391f1a2ec2dab0469c8c866d,2024-12-02,-55300
bca-9ac7eb777cfae2718e6671d748e2eba8,2024-12-02,10400
bca-7e8d1c7a845246d63ff36c9fd0f2121f,2024-12-02,65400
bca-94f96cd8cc3bdc1f07e6cdbd867c8704,2024-12-02,56800
bca-b06693b862177adea616dcda40111197,2024-12-02,90600
bca-43d3dda362295249bcfc8ae4df5ce78c,2024-12-02,74500
bca-5d532450483c7f73b6f0341e8103909c,2024-12-02,-6200
bca-ef5aea4d49a0c977804c10ec0981c6c2,2024-12-02,67800
bca-3124a778e6fd7798ec41de0c935a35ad,2024-12-02,53200
bca-ee780c94e36749fc1e3d084cd24bde7c,2024-12-02,-37100
bca-37fe2f38ec175e60ad3fc36b58bea5d0,2024-12-02,-42200
bca-adf7bb4865a59941866bfa650a775988,2024-12-02,-26000
bca-a7f3a982b12ce9fcd25cb08b421a1640,2024-12-02,37900
bca-7d8af3b9b3d51dbbf0a334fb480e61f7,2024-12-02,57800
bca-77c6dee589e619baa960044da296a524,2024-12-02,84000
bca-0ff77afa39cc54da456217fe3fc048e7,2024-12-02,79800
bca-2fd2d2d6ee48622cd3205ef622b11438,2024-12-02,10600
bca-0151b39724e7c619c5d33afc55883ff2,2024-12-02,8100
bca-90ec509a4a70b14284fe0e9d34f4b7e8,2024-12-02,58400
bca-214572b8a0fb92615bf51f918de6a5f7,2024-12-02,39800
bca-77123777cf9b34c95564ed906e392797,2024-12-02,-7000
bca-922f7feaa320cb10b007261c98bce780,2024-12-02,87400
bca-a6efffc724f233765546d3f1ceead380,2024-12-02,77300
bca-0a90ed5c5f549238543d46c9cea4b2b6,2024-12-02,64900
bca-ba966a0d07b4b807b9e57381ef480f19,2024-12-02,-5900
bca-ec2bdb8ea50986994774f2ee10b0123a,2024-12-02,96700
bca-3fdd7dcbdc948556aef622abfaff107e,2024-12-02,95700
bca-9b788a168d8b1a0d6c107a1fcc7d8d04,2024-12-02,90100
bca-54c05a4910fd931bc1583ed3fd1042ca,2024-12-02,71400
bca-70c566c33af5d528c38ca4b651e45911,2024-12-02,14000
bca-af00b7cc3c9d2fab97d9305d698c3bbd,2024-12-02,70300
bca-55fcfeed671f775b1806d5260b3477f9,2024-12-02,69300
bca-da12da799b879cc7b9f8d9e1d1e696c3,2024-12-02,98800
bca-93503569d6be037dc3f558e89e474310,2024-12-02,86800
bca-4bf4cbeb8cb1c49652baec032f05ba12,2024-12-02,-54000
bca-b83012c082a8a1aefeb0bcf42cef561e,2024-12-02,11200
bca-91e4db4df835b1cdb83e5c925e5b919a,2024-12-02,70400
bca-698e662c01baac2887ca924071fcc4f0,2024-12-02,-90600
bca-76008277c8c8b15faefa77d2b0c3837b,2024-12-02,32900
bca-7a54d3ad26e830d86152cba5fb3110d5,2024-12-02,88800
bca-0b8cbf6a8415eb2daa50e4e75c43d10e,2024-12-02,-54800
bca-4ddb2c417444e2db0406c1f69ad3d28c,2024-12-02,99700
bca-3d0c46afe8734c38ffa25b3995524955,2024-12-02,82300
bca-90d2314038183c3a988439e6943cb3ce,2024-12-02,26800
bca-3b1aa70cece0cd09b45fa0a88ab5e1f0,2024-12-02,87400
bca-ef69a82691f0d9ec453038c8b6407f18,2024-12-02,36100
bca-2850dee1d3e6f1e1955d5f85396e20f7,2024-12-02,15900
bca-25c5bd2472503fcfa399f983362ea4f8,2024-12-02,40100
bca-1d7d498167fc704dab3e39d445b23ca6,2024-12-02,55900
bca-32649f6f4425728936eab55aceeb817b,2024-12-02,71500
bca-3152f33339df4b868c1e250b04fe14c3,2024-12-02,10000
bca-88ebf07b54bcc9ed9b316c69ca14be34,2024-12-02,45400
bca-4557072ccf8f4d6d99424ba009dd7b86,2024-12-02,48800
bca-eff5f136e709a1b636d2129d55af439c,2024-12-02,85300
bca-acae2b3bde5effc5b7c57babc9241f36,2024-12-02,98300
bca-1a7760ed4fb3cd860b69fccd009bb778,2024-12-02,68900
bca-2688c348cd321148e87b6aa2ef31ccd3,2024-12-02,-43500
bca-716d0f26a6401d4dcd3ac61ed33e643a,2024-12-02,33700
bca-3d74e8b859bcbc111d54f7e1892dc562,2024-12-02,-60700
bca-a552f5e5c7190ea77cdbf628ec628c52,2024-12-02,49400
bca-bcbc476f16a6d93ef772988ff96e300c,2024-12-02,21500
bca-0d192967e3b0395bfc5e22f33503cee5,2024-12-02,43000
bca-a4c4b2bc9a0eca347650f56bcb34a869,2024-12-02,69100
bca-4790f36d27779334e6ced726a89adc18,2024-12-02,-24800
bca-b383144f6211eba943e49dcd9af120c7,2024-12-02,1100
bca-53fb7152a87c2042b046e5c27f109e0a,2024-12-02,47800
bca-9f3e38d42eb008c1e6c74faef846b07b,2024-12-02,37900
bca-8ce6c0f7aeb87c25f390262477b1beae,2024-12-02,1200
bca-a6309558c4c9a5b73a2966771e530641,2024-12-02,44500
bca-be8fe47cf5a0708bf9e4dd4f8e94dd76,2024-12-02,14400
bca-1cc6c3e2f29c1e953f48f7369f7215ac,2024-12-02,95000
bca-3317c40ef5c8d037bf86f8e281f8d720,2024-12-02,68800
bca-19550d448d9916bb6ea66803a9d6bc83,2024-12-02,-73400
bca-ef847f8bf3c7aa5acdb1950e0d91cac9,2024-12-02,98000
bca-55ab70c8e87840526eaf6ac53c03e3de,2024-12-02,94000
bca-11dfa0972a937e3a379b8423c440dbf2,2024-12-02,57600
bca-b79353725b99245f2f8dd4ddc9148f6e,2024-12-02,61000
bca-6282c4c41180c83c22a680efe248f698,2024-12-02,88400
bca-d072096e6a4029ced6765bd33d0dfc8d,2024-12-02,86800
bca-4fb4d81e17fa4b1a6209ea1148fcb474,2024-12-02,63700
bca-3e9a1e8bfd1622682e5ddd1689936a13,2024-12-02,-19200
bca-c9e58536032754c1952386a775afdadc,2024-12-02,-58000
bca-5af0c5294628020e553cc784049efa89,2024-12-02,23400
bca-fb82b309d15ebb4de2484333e197b3ea,2024-12-02,38600
bca-d1457d24f7ccb1793a82a503829cef34,2024-12-02,38300
bca-0f9f313a25399f13b23a0f723761e357,2024-12-02,92400
bca-9613df0eb8f3d1c4f9fca2ad81ef3b08,2024-12-02,11600
bca-46e5b9bfcd1878075e3df481df3aac13,2024-12-02,91500
bca-f5693bc79c4fb7c2d8d173c7e427e9a8,2024-12-02,18900
bca-393c3f18685a3b88359682542c58409c,2024-12-02,9900
bca-1992e5c46bd6addb96ff6da00eb718cc,2024-12-02,-22200
bca-952d279943db08c7c5e6cd70a29ba4a8,2024-12-02,-37700
bca-cafa15bf13215d724823cf39e39648b9,2024-12-02,-62400
bca-636a11365417b34bfddf59402a74d333,2024-12-02,39100
bca-ccebc906db260ab3a85444b5f14b8935,2024-12-02,51900
bca-0668ef1edaaa259f17067937f815be78,2024-12-02,62300
bca-3ebd61f4d1698fe0cc4f8ba199fbe3a5,2024-12-02,20200
bca-b02d60b21b7efd1c9c28f8fe0368003a,2024-12-02,-1400
bca-7872a4b10b553faae38f05d52a837902,2024-12-02,93400
bca-a2bd229dbdb5eb347f000496c593f95d,2024-12-02,43600
bca-58e8454cc93f1485c93223058eb3fd6c,2024-12-02,88600
bca-e2bd7b343175c3887b94d80fc79e9b61,2024-12-02,73000
bca-4f83a7255533a911fdea6c15a3597edd,2024-12-02,30300
bca-b5969f6851080e98278348009ed9b1fd,2024-12-02,33400
bca-e77dd885cd02d83aeb8229622679fa46,2024-12-02,40400
bca-ef48cb3a795365376e3339750466d7c5,2024-12-02,73200
bca-b596aceca6a74c572456835f5fcfd741,2024-12-02,-85000
bca-afe27b286e611d2d8d2753a1e07151fa,2024-12-02,72300
bca-68b66297352f353cc498974a28fbc895,2024-12-02,68900
bca-4329a9f3f20ca1781b0745711d5e5f55,2024-12-02,30200
bca-9e5c1279bbf2086e7b1ad9bcb222303c,2024-12-02,99100
bca-de807e2647d78e9d576a6e208b8f3726,2024-12-02,44700
bca-9a91b2eaa8a0225ad84cfd1f73bc5b9a,2024-12-02,-66600
bca-40086ffcd3fe1d6603bffc5be9ad0949,2024-12-02,43100
bca-40c14d517fceb834c80949ed264d10c3,2024-12-02,51800
bca-bf1e4c74156ba4c92967c4ecee913ba4,2024-12-02,59000
bca-cdf0ebd2ae4e590115d11841607e5a28,2024-12-02,-80800
bca-42f72b964ec81688216f27bfbeb6225f,2024-12-02,33300
bca-46a1db188dc755d3b4c60d36800e243a,2024-12-02,10600
bca-bda129f06768a5eba24adf650d143330,2024-12-02,90500
bca-7fe04026a23f3262fde0e80622171313,2024-12-02,80900
bca-3f69d7969243662473eec6e4421d7b69,2024-12-02,73500
bca-0b500f5c7530aaafbe43802c21e5404f,2024-12-02,83300
bca-2cf80ef148f74ae1deead2772122edba,2024-12-02,75300
bca-a3a6ff16361f09d330c83c712f736977,2024-12-02,7300
bca-f7c668a126a63a49aebdff72b942beb6,2024-12-02,58700
bca-c1f7215bb1de6fc5a5835a904713292b,2024-12-02,-75400
bca-cf1b827bbf073bf68d588dc7eff27252,2024-12-02,39700
bca-325d0a75266b8814a4b0890e0bbb43be,2024-12-02,-28400
bca-805d4d11e2aed28f4843c398ed8abdf4,2024-12-02,-56400
bca-bdf4c7bb26a9fc98dcb81d2aa5656df4,2024-12-02,18100
bca-1a3333fe86c9b586454c52edaf6317c4,2024-12-02,72500
bca-6739aa19150d39566835744518465d18,2024-12-02,-43500
bca-a585b3c6af606d0ee4d0a360a548ea52,2024-12-02,27300
bca-971f496406bd505d3952e95c582c89bb,2024-12-02,-29700
bca-0c4b9543754ed876e0f68dabb7e1632f,2024-12-02,4900
bca-1184c3afc7cd2c83ddfd4c858646a9c0,2024-12-02,67500
bca-2d493f665e566da86d176d6d787bff7a,2024-12-02,54700
bca-8d5c02573b16b0e169c16fa680295c08,2024-12-02,69300
bca-f7bab86ba887e7b2a53a558357557061,2024-12-02,43800
bca-300d62ff213c0d954137d6209413be36,2024-12-02,74200
bca-43f920c82d431699f020da55c46918ad,2024-12-02,10700
bca-ca92f160d963b4d40c0507b23f73bf26,2024-12-02,38200
bca-36fa55f5f62eb9bb3cea184f64827dba,2024-12-02,90900
bca-b49aff8b8f376021ede8f8a82adf2414,2024-12-02,54600
bca-e12cd6d7bcfa589005e7ae6c1d39526e,2024-12-02,16600
bca-ebf7e25c94ed6c15109d00e49df11052,2024-12-02,90600
bca-6e6e15d0805d9880c240e0b9178c9677,2024-12-02,9600
bca-f56485d1a8d4052146ead50905d70708,2024-12-02,-31300
bca-face9ac501f44bc652ca28027e0ddeab,2024-12-02,87900
bca-c40b5408aa84925252eb95a72be9bd39,2024-12-02,79000
bca-125d8defe35027c31348020a57b55baa,2024-12-02,62700
bca-8ab2e02697eddbf81d0cb23839834aaf,2024-12-02,-77100
bca-11730fe6f00b23a0ae0986b99fd7d7d1,2024-12-02,98500
bca-e7c4fb74e24c48eba7ca82f932f165ce,2024-12-02,61500
bca-f740a0f9eed9b5f0d1eb1434076b52d2,2024-12-02,40000
bca-400cb9917cfae968eccfeef2c8c83d8d,2024-12-02,-93000
bca-1766d3bfc8772e0ddd7d88ca5a0a0ac4,2024-12-02,34300
bca-4f97f16e2060da39a517d418a79ccaaf,2024-12-02,52300
bca-ff86359841bb12a3ab842b89c8ea12f1,2024-12-02,5400
bca-dd0a923a9811dc49e53be96d9f338a30,2024-12-02,74600
bca-494e354a3b47a1070ca034540c17bad5,2024-12-02,-65500
bca-46987a780388137c3521794bc7351be2,2024-12-02,61000
bca-e63af68dc7a4aed064c93024882773ec,2024-12-02,4700
bca-f8e5b778e776b79adb8322509d774ca1,2024-12-02,88900
bca-7681f03597a3fe908ca2da824f4c156b,2024-12-02,94200
bca-aedf9af5397d5409273d8dbe3a1f430a,2024-12-02,87200
bca-de960735c344e523145f2665cc9081e1,2024-12-02,-18100
bca-29482fe5ac78f58f4d9ffcfb9d02c72b,2024-12-02,8900
bca-edfdbfc69246d0fcd4e28da4b0b699b3,2024-12-02,24000
bca-4499c33bce4b079539a65dccbb7efbf6,2024-12-02,6200
bca-569baead2670a787aed17a3034077827,2024-12-02,56400
bca-8166cd161ac1016aa8cf4c0271fb6286,2024-12-02,99000
bca-547fb0d4196a0c34c97adc57cce9ecfc,2024-12-02,56700
bca-8b4aa87c22c0fbe843eca8bb0f69ada9,2024-12-02,16400
bca-d6a570e4769541a4972790f0c96985f4,2024-12-02,98700
bca-ec83a4592e413e630ab8c09c9401ae67,2024-12-02,93300
bca-7f73cc15cf11dd1d24293bd9ca39d715,2024-12-02,-44500
bca-a61cc034f0dc6aa1947836ad0ef20b70,2024-12-02,47900
bca-9448c3c69ede40653024b353154a0331,2024-12-02,2400
bca-153220a669adb9717881c29f0521796f,2024-12-02,74900
bca-c95840a0bd56208bdf86f986642fdff1,2024-12-02,89100
bca-6839e051a7ef5a3e7a362683be9117c9,2024-12-02,63300
bca-1d47093a7bb360f6748e577988b44218,2024-12-02,83000
bca-695d9dda980506856039a53ecf895eaa,2024-12-02,37100
bca-bdfb3f6bbf821f710779d987502f04d5,2024-12-02,73300
bca-94b609bec81a4a47d100d8355bb8a040,2024-12-02,83500
bca-06a961bf006e61c24609e80dbfd83c6e,2024-12-02,11600
bca-f95440fe6e1a5f8b40bbf6d83342af2f,2024-12-02,54900
bca-d274ab64d45e67dab54e3a8cf1759f4f,2024-12-02,39700
bca-2da721f3902f0af95cc630cbedd8a433,2024-12-02,60500
bca-c81122f6e408e75f836b041ec9f39d96,2024-12-02,68300
bca-6b8235455cf64dd4a19609990fe86917,2024-12-02,82500
bca-40e4bebfca05770c8bcaec255b0326d8,2024-12-02,-38400
bca-b9244d297d3d46023fb242b312b38587,2024-12-02,79100
bca-ba44cd0dadd4040da24f7592e31ef903,2024-12-02,29700
bca-03f93d35b0ba98c6fff721ada6eb0e5d,2024-12-02,52700
bca-b0544445b4c2cade17c68e652d8afe69,2024-12-02,-76700
bca-beffa52bcdf00bb250fb2d565dfb18a6,2024-12-02,-31000
bca-31ec4ffc37cb12aed3fdbcc75cb96ba3,2024-12-02,-16600
bca-0f1e59599f2929283ea47234d8bb8277,2024-12-02,97700
bca-50298c5716684026eb501e9f95535f2c,2024-12-02,91500
bca-405f14140a7a935103840beb089615c0,2024-12-02,-49900
bca-c320391d1dafabc600520a1844138c95,2024-12-02,58400
bca-eb0c34c32795aa85dc88cb881e1c759e,2024-12-02,14800
bca-44c3a11d5cbf4d6c761cec0708675950,2024-12-02,72900
bca-45e36c7b509072e16c93289b707fd5a4,2024-12-02,3200
bca-dca7a478a44de8fbaa4bc1690426cb29,2024-12-02,-45000
bca-4c139144eb1d002409960bb54e8a3ec7,2024-12-02,99400
bca-fb6d210fc5c59e5e7a46d039a47b5a7e,2024-12-02,-96200
bca-19a6813fcc183e605399e642a91f841a,2024-12-02,-42400
bca-983370edee1adee9662dca078627fef2,2024-12-02,-14600
bca-dc16c50866ce8b8e11ba36ac2c7705ff,2024-12-02,-51700
bca-2bd035f655958d341458bdfb5f341aed,2024-12-02,-97600
bca-c61056dfb36452e8166248d51ca0dc22,2024-12-02,91300
bca-09cb49b1870fe46a19bab261d450cfe4,2024-12-02,33300
bca-671252af5c9ea8875ba28a32c1fdae4a,2024-12-02,72100
bca-30f64b76c8206653854df88e48592aa4,2024-12-02,97000
bca-76eeb7ca8e22e6f309b0ff2510d4de43,2024-12-02,73600
bca-872f13c7478bdc43407c6ab4c33b8c68,2024-12-02,20200
bca-1c97c3d9154abfddc96ffcd7f01c48eb,2024-12-02,97700
bca-1931f665688bfe53156ea40dd16a73b5,2024-12-02,-92200
bca-85e30d1449f206771ab667f8effc0d89,2024-12-02,36400
bca-91915764cf78c48d261a0b66f94ca38d,2024-12-02,79100
bca-ea8cbc9a34a6d59aa92c906af5d1370b,2024-12-02,53600
bca-bd6350f6592bab66eee94da2266f5325,2024-12-02,39900
bca-ae34bba7a11105077413162c65ebd229,2024-12-02,68400
bca-8600b2e8af21158bf2e8bd6751e95e70,2024-12-02,60100
bca-5fafce1c935ef6eb567741ba756744c2,2024-12-02,-9000
bca-7ffa444dbd73727aaade0c9126b4fb42,2024-12-02,36200
bca-56e39bd536b8927da350bd92cf714c53,2024-12-02,52900
bca-fee4a1d299005b63d759f23fe02b3576,2024-12-02,90800
bca-5d0ce278efaacdc6ac7254ca229081b4,2024-12-02,-92600
bca-4f63e13d35d818c6742963824c6988e0,2024-12-02,12400
bca-f2ff96d1dc1309f0769681a5f42236f5,2024-12-02,59200
bca-cc4a41b2ca98272d66f835844e3aac6d,2024-12-02,72400
bca-502b7b0362734e6544504589cbeda1a0,2024-12-02,13100
bca-5418b5bb158ddb35993f3711e2b5fbb4,2024-12-02,78400
bca-5c873cdc00f26cba52d8fcfa2a0e5142,2024-12-02,27400
bca-f46dfade547b14198ebfa3b6bfe17d44,2024-12-02,79300
bca-07096b155312ec8e2db319770bd3049f,2024-12-02,-52600
bca-657c97ef380e82ec474aae3e7937d735,2024-12-02,36000
bca-2e1fbd0c0f4d21051ab966f7ac857481,2024-12-02,-70900
bca-f3a66421490837830441446982d2c61f,2024-12-02,68800
bca-2f3b9706304dbd84e39d72e2b446855e,2024-12-02,29900
bca-c4f6465d0106e6da0e1cc4d635ea9477,2024-12-02,-5100
bca-e13ae26262dd2adf7d9420f25b634e31,2024-12-02,-77900
bca-3413368a19f20a72c1952aa95a028aa1,2024-12-02,-26700
bca-a2a3da233391a8b3fd50c3b127150fb1,2024-12-02,88000
bca-969ab4a135e717b56f8695be83966283,2024-12-02,15800
bca-975c44864561182e56e7129c98211443,2024-12-02,38600
bca-b0641bf64735c47306168c6b9b988af3,2024-12-02,-51200
bca-e79a8a8fa02c00a40c46046c8cf7b251,2024-12-02,-97700
bca-1a5277e24709c266a9a467d4ba79bc12,2024-12-02,84700
bca-5f283e55137dd2f85fc70589421fb35a,2024-12-02,6400
bca-8f6ca4105d03e30659f5290a3107060d,2024-12-02,-26300
bca-aada501cc86d1848523a37f9a0e8136d,2024-12-02,89900
bca-4bc1d869acd2c66800cc40ed450a0271,2024-12-02,51800
bca-89728fafcb0e76509492ca6dfff0509c,2024-12-02,92700
bca-b5370aa8a73ce38696fa2c924fec7ac2,2024-12-02,-40400
bca-2fa7cfe42a77a43f77da5265e8bd926b,2024-12-02,99800
bca-e272cc503398a0750abb2a8a3a409c17,2024-12-02,40500
bca-209beaba8e7d0644eb21ec523670fc31,2024-12-02,26900
bca-6f3d8241e9a22bbc6b94c8f02ef1b641,2024-12-02,52400
bca-eff3e031697cfd71206129ac11d2236c,2024-12-02,-19900
bca-f2dd5054ce7b28499bc793370b361712,2024-12-02,29300
bca-d40e465248aa389c634639e22a4802bb,2024-12-02,-35500
bca-2dccaac33e7c6fe992a3d3278bd3fb02,2024-12-02,-19700
bca-ee0c1b51afb23d53f0e02418468a2821,2024-12-02,75200
bca-f871e80753389e40f20c2e2c3874c8eb,2024-12-02,-83900
bca-8ab1a2c2baaf34eaa9d3872feb19e16e,2024-12-02,-65300
bca-163b4af25bd4689e87beed6cce84bf1c,2024-12-02,3700
bca-4bdc6a4519d1d33079677ce5d70b5a52,2024-12-02,86500
bca-41dd8c87d7731b4ab1db5148cb5b886f,2024-12-02,46800
bca-9b20108fd2e62f0a9ca404813c5df05d,2024-12-02,73700
bca-4c7bb518bfe5fb9489b4637b3fdee2fa,2024-12-02,17500
bca-65fc26d672790113bba52401b3476c59,2024-12-02,68200
bca-8c3f8105c13e6bededcb8a63b9c52abd,2024-12-02,-17000
bca-3655d1b662eefc8fd395d802c85b65a9,2024-12-02,84300
bca-3ad15d8c9841791b5c66cb40d6b0b052,2024-12-02,-32900
bca-a38639d8a7df38cc36e5dd14a4ad9eae,2024-12-02,91600
bca-b227cc13e0e57bf84003e4c2f0f63132,2024-12-02,-14000
bca-60989647c02bc96451db699f3a019ea1,2024-12-02,58200
bca-c9f5e1cb53736c9fcb774f784f9bffcf,2024-12-02,85000
bca-cb42e3711e355dc035590b73e2d3c4c6,2024-12-02,34000
bca-6b169e07b4a6778d34aa5f9f5b0093af,2024-12-02,13800
bca-1a4704d37ac785f93f282ad51e69674c,2024-12-02,-61400
bca-c5d961a9128725504042a58fd21c78f1,2024-12-02,22500
bca-87a87a1c245ae47760a306f422dfe9a7,2024-12-02,92600
bca-506695c24a7ced2aaba423b7c6bfdbec,2024-12-02,-8700
bca-5db6e1bcbae949a0da222a8fb5133555,2024-12-02,36800
bca-51163a1e70a76011a0b809f930f12d3e,2024-12-02,99300
bca-35dd81b18994358e5519c346d850aa93,2024-12-02,33300
bca-ee04e24c9d2c589493be0ceaeb09f48c,2024-12-02,11200
bca-fa4e7146f4edd8df8b7a3adaad5f06f0,2024-12-02,3800
bca-0cf375e98a4640493ef89408f6698336,2024-12-02,-28100
bca-e3c6ebb13d752ccb5d55499cb86c3f14,2024-12-02,11700
bca-2580395a2e2ae5feb746f747c6d1a8d8,2024-12-02,33000
bca-312f3fbca2ef1c90aeae0875de7b919c,2024-12-02,81600
bca-139a36e36fc8bd03124e15a0e09060b3,2024-12-02,2300
bca-94750b3f888a64be0b833c7b305ed29d,2024-12-02,74900
bca-f754eb934b310656ff618147640791bc,2024-12-02,23500
bca-c1b2c08d7c868e8391cd06276bf623e2,2024-12-02,51000
bca-02ecff267427c6cb9b6d3b7c0542c725,2024-12-02,30000
bca-4836056f85391800b68c70f8ab42fb8d,2024-12-02,58400
bca-0b7e5f641c95a63801ff24b6a223818b,2024-12-02,92900
bca-edd195e747cfaf363122be3e3aca45d2,2024-12-02,47300
bca-de1234c7ff5d083f3c8790e64e408203,2024-12-02,54200
bca-f7f238551f9d4d0417816ada06888b0c,2024-12-02,-43100
bca-57e38e71b5e856ce1cb7c065ed56e792,2024-12-02,39900
bca-025e73091323a988e7e8512f5c222b49,2024-12-02,-76800
bca-093533409c2de49723ffeea770e4ba2e,2024-12-02,39300
bca-7651518e04756b1ddfbe98b9e02c027f,2024-12-02,2600
bca-8998f46344e5125605757497a57074f0,2024-12-02,31300
bca-7db4e2a3db14221b9980a97bba4753a3,2024-12-02,53100
bca-912e35f35b026a5e61874452302402a4,2024-12-02,19300
bca-6967f833b5e0c750c6bf0d9cb7adfb3d,2024-12-02,33100
bca-a2c39bc690499eaf537120a835b4fd93,2024-12-02,15500
bca-2fbbe1c9c0de4c15d6de0a2b0ef4e90a,2024-12-02,15200
bca-833940ff2c45c3e627927f6b2ce2711b,2024-12-02,26300
bca-6f909236b945e5f9b51ab18af4970585,2024-12-02,27700
bca-70492750488bf72a93b5fc033d3542a0,2024-12-02,-53800
bca-686641786feabbfa3cf7c09949aa8c0b,2024-12-02,-88100
bca-b863dfe211c5aa6e4336f524795cb270,2024-12-02,50900
bca-7e33339ab33041389a67e1b7236a1b77,2024-12-02,42900
bca-af6c8c2f34b2ab284ef5358169d9ff64,2024-12-02,-73900
bca-5ce5fd26aedb353448755d245f31042f,2024-12-02,67700
bca-8228112fce5e59cc132e484250bcb652,2024-12-02,-15600
bca-95eb953d55290ac752df49535afbebc0,2024-12-02,15200
bca-f39d36bf0de0d3812d78be5f447526c5,2024-12-02,-94200
bca-258454dc5e9958d5789ab003b437b231,2024-12-02,30200
bca-27902dd259e8a71de2d6d0152aed63cf,2024-12-02,72000
bca-709c2b8c4bea1123e11e44169e623057,2024-12-02,90400
bca-6f2e3284c8b199651c9ba3a0a1bd5bfe,2024-12-02,55500
bca-6ef1c6ff0affc20cc619a1d0bfef7397,2024-12-02,98800
bca-8fe4482785dd9fa4930f496bc642bbea,2024-12-02,61500
bca-c9635a7183761446325400e5b26803d5,2024-12-02,-96700
bca-d3547d2602f221746b35a5ea427c89b4,2024-12-02,15000
bca-f2c74bc0d04e3f7ae5c0b7437818f86c,2024-12-02,10800
bca-3e4bd05738ce90b7f4d685ca7ce87f44,2024-12-02,98900
bca-084910fcbdee71a3ac514813851118e8,2024-12-02,36400
bca-cb8e4d3139a226c7123c8db90f14bfc8,2024-12-02,18300
bca-4197a876b45977c1cdad48810ff083a7,2024-12-02,26300
bca-6026b3d7b6ab67e667b51c383f08a7b2,2024-12-02,8000
bca-fb7e4e6dbcf4e98a9f833ceb92be836d,2024-12-02,-62500
bca-8a32f479ffdf910e436d842f81417079,2024-12-02,67700
bca-2bc7ef8f22c8328780df4dbc841c40d0,2024-12-02,-18200
bca-067445d035b55dee049456356045361d,2024-12-02,94800
bca-f8ff4d46c553ed2c73252b0ebc23d8f9,2024-12-02,-31700
bca-68a605a3be19d817fec57fe0c29a3048,2024-12-02,62400
bca-9f4cde69fdb26e39334eda3c20cd8b94,2024-12-02,2600
bca-ed4251154fe0b2249733817e8b20e54e,2024-12-02,98400
bca-be9fbc803c3a3bb7cd84bb4dc5ba1ec0,2024-12-02,44100
bca-569d1329154369b5323fe67031c6c337,2024-12-02,78000
bca-f0a7309a0e5e3b3ab77f038169fe1821,2024-12-02,81600
bca-8bdb8ed335611772a76243b05fb685bb,2024-12-02,70600
bca-f3a514a26598d44c2327e1e89441f8c7,2024-12-02,-63900
bca-7f6412baf3d076a306fa39ab2ff6069d,2024-12-02,-71500
bca-d11f4c0fd6b2373dd6ca886d0cd30731,2024-12-02,-88600
bca-6dfd976e583ba8124c39fe48156d3430,2024-12-02,-79100
bca-6a3398784e3dcab5de57d455ea1230cc,2024-12-02,29500
bca-a8926f9e143d9056e49e5f0fb7fb68ab,2024-12-02,-49700
bca-a33d61fd89fd5ed514242afd750256f4,2024-12-02,60000
bca-c07ebc23a8b8910fb81a5a8bfff28f36,2024-12-02,62200
bca-436544995d6dea040f44151aca1017f4,2024-12-02,74700
bca-0505588c48bace3bb816afc70c69ba8f,2024-12-02,-80300
bca-ec714ceff3189dd4ee2b8dedb035fcc7,2024-12-02,41900
bca-89ce7fadfce75e302e36c206513b0c95,2024-12-02,36500
bca-5b0ae704bc363a565c9d084e06eba2f6,2024-12-02,17400
bca-ed487a68986f325a85ac45390203f9fb,2024-12-02,42700
bca-622e5916641460ca12c3742ceadbbf3d,2024-12-02,42900
bca-8ef8556e2bd1d269b8f7f401a4880183,2024-12-02,92600
bca-818f1ddfeeb6f5b1e05d05aeda50eb43,2024-12-02,-16900
bca-acf0fab68cdc9fb00e888284ed5b05af,2024-12-02,80800
bca-f6d7aa5dac7bc31d56717f1e193648f6,2024-12-02,-67800
bca-5d9339374e4aed74a765796ff4357b04,2024-12-02,14900
bca-fbb9c6618690023675a4ad24b7666951,2024-12-02,18500
bca-9f8705bd52973093c8b4414162fab5df,2024-12-02,3500
bca-1aa0fb2af2ffc1d48baec12100f81a9c,2024-12-02,97500
bca-70effaa3bdbd06961cb17ff5eacf87b3,2024-12-02,12200
bca-a8229f73f9ce93225799c3bce3855566,2024-12-02,49300
bca-1f2cdde48a41ec749353cd4fb6111ba5,2024-12-02,-11300
bca-b680b9dfe9fff5bf8007eb3f737fba7a,2024-12-02,-77400
bca-a14a9faf287fcefff4d8f997a09c2b78,2024-12-02,6100
bca-6583af03ee0e1c97d9cbb6118689e43d,2024-12-02,95100
bca-a3663c80a4161548fde293812f5b3069,2024-12-02,-6800
bca-ccad060ad5807ea033e8e649f5c230b3,2024-12-02,-8300
bca-d847c3761d826e24865bde644c53b6ae,2024-12-02,36700
bca-a3afd5e6a5117891c0f6179e49cfcd05,2024-12-02,86800
bca-2b639b2606e069acd8db2a763687971b,2024-12-02,8900
bca-08047346c02456607f29303cd22e455d,2024-12-02,-83500
bca-4eac453f412c3e6656487449ab615b04,2024-12-02,84300
bca-8ed6d13520c7599ae3b8ff3e72621db4,2024-12-02,22500
bca-e8356646f923d8ef4819f65b6f2aeea3,2024-12-02,24800
bca-489b00ca6216e421c05e0313554f9ced,2024-12-02,54000
bca-b3d0af6120018069a939a86bd3c91160,2024-12-02,30900
bca-6a9b114e57906e9934c3d343095a1f0f,2024-12-02,70800
bca-e454f789a9cfee383a48dcf9a27a453d,2024-12-02,13500
bca-03d1117d9922f73b728dabe7c2f67e4b,2024-12-02,13200
bca-1fcef13a96bfb8fd26dfe43b0b585093,2024-12-02,13500
bca-04a76202d0d4a673e6d9c6f488b0a7df,2024-12-02,94800
bca-eb84ea9a0da6d9000cfca0ae7e7aace6,2024-12-02,-84600
bca-8fa070304040c4f2d0217538eddd8a7f,2024-12-02,52500
bca-4eaed06d66b264ffcedd81170fc139bd,2024-12-02,14100
bca-3e4f96c1e6a4a2a1288d4f75f90bc3ef,2024-12-02,20100
bca-3b4d3cf97436c2436dfc4df93a6c97ef,2024-12-02,-83300
bca-7b0030c8ffb6cd42a47f378040c921f2,2024-12-02,34400
bca-bc0582d3759bbf961281877aaab761ec,2024-12-02,76500
bca-34fe14582a57af4d20039a5e2bf4b10d,2024-12-02,-61700
bca-4c74937b7ebe8986f88d9194e81104b0,2024-12-02,55300
bca-9569e122d052a44c5c388e02e6667552,2024-12-02,-82700
bca-d65ae09ad2bf4069dcfd55e8c7af32cb,2024-12-02,-41700
bca-f1f5b3a708141dd424233de77fd448fc,2024-12-02,87900
bca-2d4aa7b7c1df149188229452d8f8abe8,2024-12-02,39600
bca-4bcd936469fe0328bcd2732236e06218,2024-12-02,43500
bca-2ac941acd0d84a46b5014b2c8cdc357b,2024-12-02,37500
bca-98b3625bfea1a3495952c26d2748187c,2024-12-02,31300
bca-acf57c505cbe1ae317aeeb7da78ffdb6,2024-12-02,11700
bca-6307b6e33f4560b6ae24a90cfca3f6ba,2024-12-02,-98000
bca-d1ea02a187b7c1a139583ed865417747,2024-12-02,94700
bca-c7e8afdecc3494f4f28ffe8b069f51be,2024-12-02,32700
bca-96593a884fc61d3da6259fc397c746d4,2024-12-02,-14000
bca-e8b43f50534fec7461c813ec6b0a4ba4,2024-12-02,-49500
bca-ff70feaacc7a2dbe3965a94f4e49c3a3,2024-12-02,89600
bca-5fc47ed5a7f2865aed7ed43ea2049b27,2024-12-02,95200
bca-c02ad6428174b2dbe1c7d2cfbb4c3806,2024-12-02,58100
bca-9ac988a616ed1750848e84c963d60616,2024-12-02,75100
bca-60fde987cab54b19139edf2338932c13,2024-12-02,-46600
bca-1af7a8d298df3539ad6a287b4eccddf8,2024-12-02,26600
bca-a797f51ba84c114b6a21758267ebd8fb,2024-12-02,56200
bca-04bcd3d24360ccc27d99c3717eb00abd,2024-12-02,64800
bca-4c113a4cf9406a2007387bc1f11dbb9e,2024-12-02,61000
bca-441d9350efedb3eaefa2fd54749d598c,2024-12-02,38500
bca-ae8637eb63259a5a3be1822573066dd0,2024-12-02,83500
bca-e54a2a73b1dcbe7478b411ae1f97ae5c,2024-12-02,88600
bca-c80888df5219d97f117d2addcbb14f2a,2024-12-02,60500
bca-b13cd42c9e6fdb8f866486f9eee92fa3,2024-12-02,60100
bca-8e0d803f66a79c06be882a0233e39871,2024-12-02,-19600
bca-35d1f21f490677238491df5abf8a9841,2024-12-02,-27500
bca-e70d2b3e894d293028199e7833ca8ac7,2024-12-02,50900
bca-1a07242f262b167d1e444adcae32ebc3,2024-12-02,34400
bca-c732cfe56145156c7d47e1c24b096fb0,2024-12-02,17300
bca-90a77879236f60443647caf91ef076a7,2024-12-02,88200
bca-7628c4f9c5a77f07d8504d3450da1ad5,2024-12-02,54600
bca-f794837fc4f25c2ffc150ee00d9af374,2024-12-02,18600
bca-e98f7b4d324be5f56800e149b4c44338,2024-12-02,76900
bca-05a570154e36e05ccfb516e4aba6210a,2024-12-02,-12300
bca-9ca57fc6404093d72dbc4a6803207b70,2024-12-02,-87900
bca-6551d2559affc9875e344e1bcc363bb1,2024-12-02,55000
bca-5db39f4f20fca1dc3d45f5dbeb537823,2024-12-02,44100
bca-737a1bb7bdaab09f7f3ef9712709c6bf,2024-12-02,-31900
bca-030749bd6afce49a2da30fd984072be9,2024-12-02,46100
bca-b3d06cb0a49aa6ce941ceebdf884202b,2024-12-02,-73700
bca-e66da4f20bb21ec2db5372393dcb36e0,2024-12-02,28600
bca-5d9ad07d2f356422aa089aff7354c061,2024-12-02,-19100
bca-587c74ccfa99f1145a7bf9827c4e4d32,2024-12-02,32400
bca-8ca0af6a92531ceac446a46546d6c35d,2024-12-02,98000
bca-3004a016dab0aacefeb8e68c0bcae8cf,2024-12-02,20900
bca-38ce72144178435889ef37443a4b1f81,2024-12-02,-76800
bca-044996c08f808f1da139dc4e091d5907,2024-12-02,85300
bca-f91312b3e47358c1776449ad90e41390,2024-12-02,9100
bca-817153491c83e19c0f8a3d5299688959,2024-12-02,-31700
bca-fbdea8da65623806409a54c536b3ae32,2024-12-02,87500
bca-9e44fb8fb051e0a0c2c9ccbc45aa6eeb,2024-12-02,76400
bca-c9dc8a2bf435f2b5a5da03dc264ed615,2024-12-02,79400
bca-df3c5f14f3c7a8ca43de869d9ce89d94,2024-12-02,4600
bca-c70466bd4641968c7bbaf18635f5f8eb,2024-12-02,26400
bca-76bb48dd6d2b9a1e6987cdf3296abf1a,2024-12-02,-41500
bca-e594db4a7af5c266963a2bf895624acc,2024-12-02,91200
bca-3f12f69ce73efed8380550d7741d1587,2024-12-02,-87000
bca-e7a9475ec7f0cde642b15770bff31cb6,2024-12-02,87100
bca-cad2a28e644219a9d68dabf26128c8d9,2024-12-02,67000
bca-aed540a6efcdd149c958d77760005671,2024-12-02,22600
bca-8d29f87faa77f37edaf565fe7f43d894,2024-12-02,63800
bca-d3208e348d948f35e613e1d175316a9d,2024-12-02,73500
bca-6e69940d33d3698d6edf795158341110,2024-12-02,-7900
bca-5b076c2e6e0d526175de20308d90baef,2024-12-02,17500
bca-843658c1e949477e18b7ea61ddb418f2,2024-12-02,-85400
bca-eb5c88f1e018c6f54657b6d4b74cef2a,2024-12-02,-3400
bca-7b2d6fbb25476f34084bd27604ce9f1d,2024-12-02,98700
bca-5dd822b2d6a7df9f27c74daaf9e5cf48,2024-12-02,40500
bca-718f15f48ae8ed9f0b13d5a8feabcbde,2024-12-02,-70100
bca-1f2696bea1c8a58a7769c7bb8e3905ad,2024-12-02,-16100
bca-dd4efdaa79251161e05e820c72cf3f80,2024-12-02,10200
bca-de796a11af3439ce47609525b6f7c314,2024-12-02,24400
bca-f5cd0a1c95b2dde4fdd3d23838c48617,2024-12-02,15400
bca-41a69b884bbb606353c835a34a2a753a,2024-12-02,47800
bca-0b009c00bdf7525cd46e7f3e778ac283,2024-12-02,42300
bca-6da6274ea133a78d0e5e996fa91faa45,2024-12-02,24400
bca-473e3ec6f5da4f5db1099670d54a70b1,2024-12-02,-20500
bca-5fa9a53de32ba69565e54a18296a3a41,2024-12-02,49400
bca-b7d1708faa7a8e6ba56fc59fb0642248,2024-12-02,70000
bca-8d729b59e99e74d342530875df3c011b,2024-12-02,87700
bca-8b322faac780741e248ea3b16abe97ad,2024-12-02,40600
bca-1b19258e37ec480b78d34ea185391a0d,2024-12-02,37400
bca-daa88c0295571c7343e807aa0b4a8cb5,2024-12-02,-39600
bca-5fc5130761246fa06cb6a4a751d4798f,2024-12-02,5500
bca-6aa2925af511757d5e4f912adf5b4b50,2024-12-02,24400
bca-3b9ad349b536bad77ff53c05340d6ecc,2024-12-02,-2800
bca-deb9311a3b9fdf55737518bf0b0bd406,2024-12-02,22900
bca-7063ab0089222250c61668b67fdf1a95,2024-12-02,19800
bca-6ae6d13b2e5317407e6d2ae48f57b3e6,2024-12-02,9400
bca-e7649dac5cfd908c183c0501c0ced7d1,2024-12-02,-78000
bca-d7b9b510879767db7fda65fe6ea8d8f2,2024-12-02,63200
bca-0d71f70de2272b0511733876c3e4667c,2024-12-02,68600
bca-c48e49f79cd86c84e8c8a33b824b5cdc,2024-12-02,69200
bca-e670b0ff7e2d5e1b23b1e1e058484f12,2024-12-02,-91200
bca-b300c5d69b55246a622fbe717fccc640,2024-12-02,14200
bca-4e6506a83709edc07c1f72e471629b67,2024-12-02,75600
bca-51712ffbe8652d3723ecee343899193f,2024-12-02,-6700
bca-14652d6714cd25c2a076f8fe87b07957,2024-12-02,84200
bca-c400f4c527a2e0dcf3ae5a1cd93d113c,2024-12-02,53000
bca-fe75c3f691deb2b5cbfb448964fb426c,2024-12-02,-65800
bca-3170628a8471075eee6fbd8b226864e8,2024-12-02,-66500
bca-a4ca9eefb49f00f88221eef228e4e1f3,2024-12-02,91300
bca-fb4403c5be0e1546c2300e5b1f6be406,2024-12-02,51300
bca-7e57370462a8e76a7fb89d9e864c1b0b,2024-12-02,85700
bca-3567b325828ea508fecb9dfedb41e0c6,2024-12-02,71400
bca-b3e589fcc3f4f05099d9020a6e923d30,2024-12-02,28600
bca-39a8558c0e436002403a5041c9c72744,2024-12-02,6700
bca-8eecf96255d8f63d64ab82a8a9606f0e,2024-12-02,-2900
bca-eb29dd2797dc9a24ba72cced3150ee51,2024-12-02,75200
bca-c12a7321e14aae59d1adc2ea765c96d7,2024-12-02,-15000
bca-dbef9aaa963d8026206762f981db6fb7,2024-12-02,17300
bca-933e4591cc5a2da443f41eb845a215c0,2024-12-02,27300
bca-a871948ff6c1db3dde9ce6f4888d7ca8,2024-12-02,59100
bca-a06e314f4333fee62ad7a229765d7074,2024-12-02,34600
bca-44359c4d6a4821527599e706207e5724,2024-12-02,-25300
bca-fa01038162a74efbb5a11e8320ab587f,2024-12-02,66000
bca-5c46c08564faf4144d4cd637bd4f7a7d,2024-12-02,-86400
bca-88031a9895401e8a8f01ef9107110e6e,2024-12-02,75000
bca-0344ed252ba5801f1126e97675b74a86,2024-12-02,53700
bca-25b5955586bc81ff9751511cc0217f36,2024-12-02,66400
bca-64c2ce418d0c9d937baf1e65522d5446,2024-12-02,17000
bca-ae5184b43493e1d3c6ea8c1356398e1e,2024-12-02,-75400
bca-9f1d0b12efd5edbf68f60db001134b1f,2024-12-02,92600
bca-aae8c4e391359d564f0ade2fc48fc2da,2024-12-02,59200
bca-cd9accd54c7f8509b33b76ec56cdcd8d,2024-12-02,-35700
bca-f0d5e8af5ff2f6b6f9021b63e3eb17e4,2024-12-02,20900
bca-9b0b7d8552055941c98481bac9159ad0,2024-12-02,59000
bca-ca643039be5d458eee44e9b7b95cf89e,2024-12-02,26500
bca-7323c9dcb7fd1027f9ec2e64cbe018c1,2024-12-02,90200
bca-d4f32b6a3593bfff601e81aa690d6f0d,2024-12-02,23700
bca-8a23b592db42429645c16723105375b1,2024-12-02,70400
bca-2a3698bb9f09734c3dd1f2888e6c0371,2024-12-02,69800
bca-556d53e8ee725836eced0c18b04fa0bd,2024-12-02,95000
bca-a865cc571d34c717e95e92eee7381b8a,2024-12-02,48800
bca-382418c27fe48988d8b28c8f403051d4,2024-12-02,20100
bca-decdfda123e9fed7e90263b3d9ed8819,2024-12-02,27500
bca-7bf0be4696985a32fe143ecd1a111baf,2024-12-02,50500
bca-398e05880410fced8b93bc3d02f34674,2024-12-02,16900
bca-0b6b98b9d76b207b9084529e05bc46e7,2024-12-02,-11100
bca-6dd9fbbe5f0117baf6d080dcfbf455a0,2024-12-02,-38200
bca-3902e98e6a895cd7f16c7588d21ea81d,2024-12-02,-19400
bca-2f5de00bdfffb9babe5977d4c1d15f6b,2024-12-02,39400
bca-8021d907075884936efa6ee5923e3112,2024-12-02,22300
bca-db5cda77d268d363c3d48732a4662255,2024-12-02,-58600
bca-553b83545da55187246dbba59d8fcef7,2024-12-02,-73100
bca-781b000d0cedcd36da8457b4fbafe40c,2024-12-02,-79600
bca-41d40ac4789edc6160bb3fa728895e6f,2024-12-02,48700
bca-f4f207189ef6da670c8bbf20aa3cd614,2024-12-02,-73900
bca-dc723f62ceda9e89c489ea8ab73f04f7,2024-12-02,14700
bca-7b93ed58f5208e0868ac553c7c731c1c,2024-12-02,17900
bca-269739a56093824dfc47b710bf67cbe1,2024-12-02,89000
bca-13b6ce54001737be2931b1ec03ed9354,2024-12-02,2900
bca-e3733350069500820eeda44642fdea51,2024-12-02,57400
bca-fa386c7c2fc23b586b12cb0cb6fcec1d,2024-12-02,46700
bca-190fcc277b3d0a8f3c6393efe64d3a68,2024-12-02,76200
bca-2a262e7945ad0bb74daf81df9f5f0ee5,2024-12-02,43800
bca-3bf92438eb29108559629998b3a525a9,2024-12-02,58700
bca-167ed13556c4ba33391b830859e34a83,2024-12-02,77100
bca-18a8724fe6b59dd4b28ccdeae9cbdd46,2024-12-02,56700
bca-aa410c1313108560dbd2791e61808376,2024-12-02,46400
bca-45b7f2448e20b3a4e9c8e6e15f3fb146,2024-12-02,19700
bca-0cdf7677903138bae6bb9b85cde17ec0,2024-12-02,36100
bca-4638029f76e465d49234d69cdab5a794,2024-12-02,26200
bca-488e09c8446a6c556989f19bfe9a1942,2024-12-02,-8700
bca-9499e7ecb17becc8adcf521d1212e125,2024-12-02,47800
bca-6ce625ce5e05c871acbe5358eebd900d,2024-12-02,-90100
bca-7487eda7f56e5e4fd1ef5955739a2118,2024-12-02,64400
bca-f5e453f3ea2f564cfb4c1828712c1393,2024-12-02,24700
bca-eceeb209ac2fd37b4eae640eb6b8f2b5,2024-12-02,-54300
bca-b635238e071c59e95fb87911a2967624,2024-12-02,82800
bca-45ae82a493f31b5010cb953939e4838c,2024-12-02,-73200
bca-8dae48fca56a5fe1d995af7c57fa5cef,2024-12-02,40300
bca-6902679a25d34d0b327ad624f9a1d609,2024-12-02,82300
bca-2fb69be61a2b96c7fce877963fb36965,2024-12-02,66500
bca-957e303a1736d607f97eb5824802904f,2024-12-02,21100
bca-8ae82ebec52e0ae06f516918422bc1a8,2024-12-02,14500
bca-73d16d9a5086017721446a94baa6db0f,2024-12-02,35400
bca-2115592c521fb2238569e1287e7d006e,2024-12-02,61700
bca-aacf26e410d0b662b314c3ae44bdd299,2024-12-02,2800
bca-804b12aa57ea0b106dfe0dcca0bab83a,2024-12-02,76200
bca-44f5a50abf4a3e01d85630400f53c00b,2024-12-02,-9000
bca-df9252d74adff71ad2a484ab74c363d8,2024-12-02,64300
bca-a71e496d337f77c7edf6e9ab001f7277,2024-12-02,37600
bca-b3e07fc23095aa7919b07d5519a4ad92,2024-12-02,-83800
bca-59d00c5a04958649abd7a78a8ab8be88,2024-12-02,-64100
bca-36123a3649ee770d6344481bc9c556e4,2024-12-02,69900
bca-e5a6dc77dfdcb1c6fb949de1cd38fa8a,2024-12-02,41700
bca-84b7d6013045746e56a5bc47011ec81a,2024-12-02,49400
bca-75d56e81a1eb2e8bc42bdc1bad507426,2024-12-02,6700
bca-8652a7eb0417a2edfb6ee0c737db2bcb,2024-12-02,2200
bca-411d3119c67c697a9639c6ccd5d4b5cf,2024-12-02,-1600
bca-3cfceed121d9b656d80d3b50f7322890,2024-12-02,42600
bca-4a5cb2674732cb7de6e033f4d2ed8951,2024-12-02,75200
bca-c02ae9ee44e1c5db541ab63043e29d30,2024-12-02,20400
bca-63d549a5a5fcb27dad6d3bddb743e4cc,2024-12-02,91600
bca-6ba9c33b856ec630da9b541b125d0389,2024-12-02,13100
bca-412411d41a2107963ac2534d60af60c6,2024-12-02,-28900
bca-563c201c3c575a1b0c1fcf1372f7d389,2024-12-02,33500
bca-ed1aeafdca25b9acd684541647e8fc06,2024-12-02,91700
bca-477e8902033eb3cf0eaba5e6ec6022c0,2024-12-02,32300
bca-84d66f6451def9aa2af3c071b8508909,2024-12-02,-2800
bca-b11a8d7d398897c50e9b4aa976058240,2024-12-02,-47500
bca-56bb8c15d151900de6fc35a349f6d833,2024-12-02,94900
bca-a656b99043bc9856343788887e0f2e4a,2024-12-02,82800
bca-da4b307bbb3dbcc90edc207ed5a88e3a,2024-12-02,54500
bca-e92d6c2f8c9b6fc855fd557bfe0a905a,2024-12-02,4800
bca-64e12d274ffa176c513c4a4a11802ca7,2024-12-02,78200
bca-0d66a5688364f133dd743da3a7c8cc7c,2024-12-02,18900
bca-380070b240507c6524ac411aa27b47e7,2024-12-02,-5200
bca-9132db0cd3764516ff254ea1c612a8c3,2024-12-02,91600
bca-f08290eb805eb954bcf483e95cec0358,2024-12-02,30000
bca-27eae1089ad763beb3fa04c76039775b,2024-12-02,21100
bca-c965a9d3f068e30e7bd7480aec81796c,2024-12-02,-7200
bca-d8a540764613ba06f048cc8d24fd837a,2024-12-02,54400
bca-3f6b4c3aace1a2b3dc2b07d3c431dbfa,2024-12-02,35800
bca-ad73122d080467d5e9124c4c1e925c3e,2024-12-02,89400
bca-89dd6be3010aa20e94e5677c79897142,2024-12-02,79000
bca-24da074a89e9a3cb89f7ca6cb1419c53,2024-12-02,59300
bca-ef50fc4b7acac840dfeba1becb4fa32d,2024-12-02,12800
bca-4036886e3d0a2102ced682f880a4662e,2024-12-02,97300
bca-5ed723e78a1beb5fac11aee9b8383327,2024-12-02,67100
bca-1d948db1f02bfd7076261b7f7aa507c0,2024-12-02,39900
bca-11179e8d3c29be026764e6c89ce5891e,2024-12-02,14800
bca-e062e18af1b0f9335012e889555f1c62,2024-12-02,47400
bca-3355a8ba6f83d111e25cabdf3264f7bc,2024-12-02,86300
bca-2db3a9f3a30c05e29d59525062cb3663,2024-12-02,-47300
bca-1e6493f2b6d9124529e60888a3275713,2024-12-02,92300
bca-b4fdb3d6f0ab2034646800679bb4eed5,2024-12-02,90500
bca-0287682c9b292e57bd84fe350af1a2d8,2024-12-02,-74400
bca-bc5b427f396ffe93d249b08d202ec7c1,2024-12-02,43000
bca-e133c899b8b5f31965e8aea2b7fa877a,2024-12-02,57500
bca-592e58be37c4a65c96c2165c566fc1cd,2024-12-02,55500
bca-3cf8b19591fcda3d4690f1ef144fc177,2024-12-02,-45300
bca-6e94329c8d46d7191650c2b7800ad9e5,2024-12-02,83700
bca-0b1a0d7676df727575a15a5beccb5542,2024-12-02,58300
bca-ace530a36bd82506de3fe9de5eca5c9e,2024-12-02,30000
bca-ecff376fd7dc6825aba30a8bc5fb2d16,2024-12-02,-55000
bca-fab14178646dffae939d71273425788d,2024-12-02,-75700
bca-42c3d639977f8c86d1cfb26462153e54,2024-12-02,81200
bca-189f52a3d8fa426dfb322d33495389fd,2024-12-02,48600
bca-ab791af713996eedf8381a80a7dee208,2024-12-02,75600
bca-120a3405a3c606622643a86d7d7fee58,2024-12-02,38200
bca-506ba0fe5de3d6eaba430776695b8dfd,2024-12-02,3500
bca-a319211e5c4c33fba81030a8c429f734,2024-12-02,61300
bca-e4895bf3ee552d1a4b04747938508b60,2024-12-02,98200
bca-0a0aee3e74070eb85ea0707948419d38,2024-12-02,77200
bca-b9d873bb3cafc505cb2d4d7485a18281,2024-12-02,-31400
bca-b64f7a5a453b4f4237ad35d7cba8685d,2024-12-02,-21300
bca-ae508bf8a21b61e207456ed2ae03930d,2024-12-02,48600
bca-ff3af9c829f343a7d4b4425f8bb9279f,2024-12-02,-42200
bca-e7003ffabf95e11e2aefff8a47d5e26b,2024-12-02,-93700
bca-2e6834c865ab2d7806e984ed7f9abe15,2024-12-02,8900
bca-ee28fcd7df4a421109bf94c2f3cf2002,2024-12-02,48200
bca-9b5e9d0b4cd4c05c2a25a850de29becf,2024-12-02,99400
bca-e19111284963179c51c25d164eebb960,2024-12-02,99700
bca-ad982ad4aadd3bc1fd6a2b6f487c690d,2024-12-02,87500
bca-f4d7ec61170b1bcf0f5cabeb494ceaed,2024-12-02,86400
bca-967ccdf4d5b492df4dab431ca85bb633,2024-12-02,-42900
bca-185f1ec6bb8e31e1f16e213a882135f0,2024-12-02,92300
bca-8a6f64376d3543488a5edf50f4328141,2024-12-02,-8800
bca-cb05ec16249631fceb94a9b1c1a025cd,2024-12-02,93600
bca-f52f56fa86ef4e8aa8fa3e2e762e6a6f,2024-12-02,74200
bca-bb7c355a3bbeae55276a1b7ff41f2d70,2024-12-02,46700
bca-8f40f9e9e3b20c51b46d15ceb485ed2d,2024-12-02,49900
bca-d416f8a8c3e44f77ef9c9c1f8e6d73d4,2024-12-02,80200
bca-e058034b76e8c9f28966c47c9e1aa97c,2024-12-02,20600
bca-6d5487f296677f82b643c8a46591dabd,2024-12-02,24700
bca-882ff8802cd339599f29495f43fb8a4a,2024-12-02,-93000
bca-5d158cc546a194ddcf1c27d192f2c929,2024-12-02,88100
bca-cf142d7befa6d4e9e0ac7e1a955046ac,2024-12-02,59000
bca-147c9a71607da41947f7f98899bc57b7,2024-12-02,33000
bca-8a7c294559010e522b29b481736b9c13,2024-12-02,-93700
bca-c69276ff419db72d55dc8c81ac81a3aa,2024-12-02,68700
bca-bfb4d5fd9b8515ff47745636d5afd665,2024-12-02,80400
bca-73676a3b6ae3a481dfc3889f882df720,2024-12-02,57500
bca-b2bf04c8323348014d9bee1957d16b12,2024-12-02,57600
bca-41f8312888ddb87d5a54b858a44f6816,2024-12-02,97700
bca-08dd43a6f8ea8b6c0a33e9127707a1e3,2024-12-02,10600
bca-2632a5a90da947eaadc9f2d16a5f6643,2024-12-02,44700
bca-a9e4e9acbd1434ab51f2c6b368307ed6,2024-12-02,37500
bca-3bf2002db00e06f28aee9ca8073dcd9e,2024-12-02,-42300
bca-a76f8ec607b9141bfb2b258bc1cdd659,2024-12-02,-54300
bca-33065bb1d973704c40ebfbb53908aa1c,2024-12-02,38400
bca-d0cab2e074f02e2772c95de45de03e91,2024-12-02,81400
bca-9336f2ea792f3aa7ef16d6db1ab48b67,2024-12-02,63100
bca-648baf6f369207dbbc9cb03fb72ded03,2024-12-02,1200
bca-c866db45de797e3fcc4b73dcedc61a32,2024-12-02,49700
bca-4666185210e5b9d54b914d77dbe3c8de,2024-12-02,-58300
bca-6419c856ac3719b24586138158e6d64b,2024-12-02,-61700
bca-b9bff147a63dd51ca81f44b693f9a36f,2024-12-02,53800
bca-814b94797a5bd328dea7ab88b6eb719e,2024-12-02,97800
bca-7d1b28336837ecb5e68d3c5194e0f2a0,2024-12-02,28600
bca-ea0dc71e87dfdb0680b3a1ae63170f4a,2024-12-02,58200
bca-d9e41b0586ca99f8b6143cd5645fda42,2024-12-02,95000
bca-8561d3be83f9f85da5fd7ea242f55a3d,2024-12-02,-67700
bca-47358ebbc61e347420cc7e2a4731de81,2024-12-02,-74700
bca-a696f80bb8755a616e37452f80943133,2024-12-02,87400
bca-84e5fab49c49bd08992d5331e8e4e4ba,2024-12-02,-16600
bca-1bd21dd9fb8cf1acdecdbcf632259c01,2024-12-02,-40400
bca-c51ce518eff83bb75c951acccd6ebfce,2024-12-02,32500
bca-a11bb5ecbc152adbe9c55ad3a08b32a2,2024-12-02,10000
bca-62ecd744a6a4c187c618b0611f2d48f9,2024-12-02,-19000
bca-934d20003fcebea92152d7af8299f97f,2024-12-02,-22700
bca-a2deca47019bbbb6d61d04423cfb0790,2024-12-02,-82100
bca-6327586eb56491a13566615068375792,2024-12-02,60300
bca-d2b5a2c3b5ddb65ac68afa2d9116f7ed,2024-12-02,-98500
bca-261744cb46230d77813a96a8b0bb33d3,2024-12-02,20100
bca-6bcfd70bd6d966436e9175b2c5e191cd,2024-12-02,64700
bca-523d4643acb54a16f5686e81a6572819,2024-12-02,27300
bca-0df892fa4d9cd376101870d74671decc,2024-12-02,38700
bca-dccbb2655be4b63242d5de6c7dcb1923,2024-12-02,40700
bca-124fafef3ffd3c2f6e47e1766ca90bf4,2024-12-02,24100
bca-362c19218a5d94cd8d12e719462e4e8a,2024-12-02,6400
bca-743344c09841a316e13e53efcfc84170,2024-12-02,5100
bca-3254416ab26d91fab7a2baf598ae0b76,2024-12-02,96600
bca-676504b83896b59c6ff29895eb081b5a,2024-12-02,24100
bca-d9697c52aa2891a58090b1f5648484bb,2024-12-02,60100
bca-33e1a541798a6703ef96ad04a0563d9c,2024-12-02,-45100
bca-5bc400ee02b4e736eca46150ff1c6fe2,2024-12-02,59400
bca-e9bdf790d10a5cea99de4ab673d631b9,2024-12-02,50900
bca-398753058fd0ebec6c3b504686c312e5,2024-12-02,53600
bca-6e27bd5de8b0512c2d48ec8e71144e8d,2024-12-02,39000
bca-03de08cda8df77b0369fe08eb2fea39e,2024-12-02,37600
bca-53cf3ad843e1372652752a0d631b4068,2024-12-02,71600
bca-a6ff10a2db30700496f64823b87e5b2e,2024-12-02,95300
bca-9153c970b5c6b4e21772bccb3630a459,2024-12-02,13600
bca-46a0c7d851b652c7987cb7b4cfeca365,2024-12-02,37600
bca-6be82a8c083e533dff8f9bd523062669,2024-12-02,87700
bca-fe8db33bfde1c01cf21b4e394d2a3609,2024-12-02,12200
bca-f977504292a21e8ebab8346014a9b09b,2024-12-02,4500
bca-c4d6b65cf010cef4628e9610f98eab9f,2024-12-02,31300
bca-76a144ca228c55e81a39250e0d5d36bb,2024-12-02,12200
bca-ee86fdd045a5e293f47440d5d56bbc50,2024-12-02,-57000
bca-4c39d46e0f28cf8c952c05cbf7d83b60,2024-12-02,76400
bca-86e90268299e9a247def7a0db5bc372a,2024-12-02,75300
bca-80f75893f6b63795bd6156e062a7da2f,2024-12-02,44100
bca-1fd935c329686011033ac40d902181ea,2024-12-02,82700
bca-3f82735edacc16ae7dc0d6ab0ffb4215,2024-12-02,-71000
bca-01ad12a257f8f3024e2c31eb1244cf0c,2024-12-02,50100
bca-f20c770ff13a1c42412c6f2178f5090f,2024-12-02,1600
bca-c3e296f454906f5e8512a0d710fd736b,2024-12-02,29900
bca-e587761b6f7ea08b1eae08f48324510c,2024-12-02,54700
bca-6628433277a58752a5fbfd5e5db63778,2024-12-02,-99200
bca-5b456548866dc378155839c286410c2b,2024-12-02,80800
bca-9f7e37a233631fc829863a07046154d5,2024-12-02,-22700
bca-5aac8a5a81548b4d6d95bd4d71acf54a,2024-12-02,17200
bca-ac734f6a8b3fa1845819393e862f9e2d,2024-12-02,73700
bca-a11872497a40420f23c30fca5afa8f5a,2024-12-02,38900
bca-05788058795f70f8a5d4d0477d7c2c76,2024-12-02,47600
bca-0b86345ff45657ae322af60f01fbcc8a,2024-12-02,31700
bca-ac321ed66d936ee4d40a5e82ae738b0b,2024-12-02,22900
bca-586f31bf02e2fc577f6bec9135d0da47,2024-12-02,90500
bca-3c2e47b3d0e10bb023e2e578153de59a,2024-12-02,99700
bca-cdfe296a31ee5f29269c11bb7b6588ba,2024-12-02,-95800
bca-af01617dd3c8c29c820d290cae7587d3,2024-12-02,52600
bca-b2e49b7aa49e6463ddd0aba083cb166e,2024-12-02,-70500
bca-1793478f5e6cf29c2ef0c2cef8465a86,2024-12-02,34100
bca-8a9bc74b8958793bdf3452799ddb452b,2024-12-02,-45400
bca-03938f2354a51933c7dcf4ebfece2eba,2024-12-02,50200
bca-9cf4db52c3dc377339c24d61166774c5,2024-12-02,86500
bca-a0f3793c42156882aa0ae9db1b240c6d,2024-12-02,60100
bca-b23a5d288979b43e2c89a5476a9964bc,2024-12-02,-88100
bca-9ed5285b13e1af39304b991d903bc9e1,2024-12-02,72100
bca-feb71fcc6f55c61b604d3bc941509f11,2024-12-02,22800
bca-2c56a4add9b55eb100b57c90ee930fe9,2024-12-02,30000
bca-509082bebc525d9c80a928ce53c7b525,2024-12-02,-71200
bca-ca8ddc83c9e106de2a25e1e5a3a8adad,2024-12-02,39100
bca-d8d53c9934c3f36b46e68e5667f34a72,2024-12-02,23900
bca-bcd15c76cd675ea974e275c76c5b776e,2024-12-02,34300
bca-7a1ee64a94c315900d6d54b1c25f9134,2024-12-02,-66000
bca-e974c7ca8ac9101f4c5c7376c1b8a6e1,2024-12-02,34800
bca-a5efc6419b2cf61773133731412c13d1,2024-12-02,-39700
bca-90ffdbc273f754381d384d88f9c0e8a9,2024-12-02,-96800
bca-ecffd8a21bf1380545b62696dd86bed7,2024-12-02,22600
bca-de7b548a5e4531d111c2dff5626e5443,2024-12-02,22800
bca-058cb8a044d0b667ec16fa6d9975e16d,2024-12-02,81100
bca-a003aa1ae04c0490adf5c6c61adea8f9,2024-12-02,23300
bca-9a727a6e2801ae5ae91082ce693b7ea8,2024-12-02,78800
bca-25cf7cb0a3e8542fb057d67945eb0ef9,2024-12-02,16400
bca-f62a0ca38f51cb5b570c74504a551170,2024-12-02,-86300
bca-a41cab4a58f7e712dcde1b827ccd4898,2024-12-02,64600
bca-7919abea33694dcd62d79bbae3f44ee7,2024-12-02,13500
bca-213e7f3e1874c2686ce260d2219e1361,2024-12-02,62600
bca-0d5da976dba0870c93f5c03e524fda75,2024-12-02,-63500
bca-d988a45e1d967da701d9bf458d3d2423,2024-12-02,31000
bca-7fe113f9e68eb4021b3ae780cb7821b4,2024-12-02,80600
bca-91328b4dc04d60736fc9e3bfc06730eb,2024-12-02,-5200
bca-4f776b4f3864ef7365aad393225f79e4,2024-12-02,-86400
bca-549b185b0932267770966e26c00ffa4c,2024-12-02,48400
bca-75d95c1d6aa80153e2db4f0fb4573f39,2024-12-02,30900
bca-817d673ea3741cfb6d52bc6a6f12dbf1,2024-12-02,39600
bca-d0f919ded74abecca5769e5879ea2237,2024-12-02,74800
bca-00e33c033f3be2efe73e7f65f77964d0,2024-12-02,42500
bca-f536b27313139fdaa05e57721b6221a0,2024-12-02,64300
bca-6ef2b251dde74db7c4401b1e1c9292a8,2024-12-02,71300
bca-21918cc007cafefb750473519a73d174,2024-12-02,68900
bca-3f7ea239c7e7478b0d238e5010bf7bd2,2024-12-02,17300
bca-4dfba4bef0e24470bd58108333d0d162,2024-12-02,24700
bca-61633dff7dae16d64e1ec6664f42a569,2024-12-02,97100
bca-6b749909457590b520d3e845496902a9,2024-12-02,-75400
bca-d8c3b0acf92cd19214520f5c3269fb22,2024-12-02,86200
bca-ccbdeddc26de7b598b29d7618386a523,2024-12-02,28800
bca-6dbde1dd41bbcfd44ffdbd7b4776499f,2024-12-02,-29500
bca-1c80b9a57250afea1b78968808a9ff72,2024-12-02,73500
bca-8e2032efbea30acad0693d3c0be8a829,2024-12-02,45500
bca-a13860496e8721c8eaa62ff0c5088c2d,2024-12-02,14200
bca-62d4bb7646708bf535d5acda7f6ff976,2024-12-02,-43900
bca-b9c8a5c3afefd6700ec12fd3d0afcd30,2024-12-02,-30100
bca-71d0faac213a5a73182b2c02c9d2611e,2024-12-02,-97200
bca-cd296b8b73256e381da44ae245f93441,2024-12-02,91700
bca-e4d7ea8913c370fb672cead18cc9de3b,2024-12-02,-80800
bca-040350257b16be92e664dc0e40e79ccb,2024-12-02,72400
bca-b7f5d0ff21f206a75011fc0254c2a694,2024-12-02,46400
bca-1e66875c4c3b8678a7bcf70e182aab67,2024-12-02,40100
bca-c60c1a1c6b1c6a11e4a402da355263ea,2024-12-02,28200
bca-3a13258c9a7308e91a319641f52c9661,2024-12-02,45100
bca-0e318cfbf04da0e5e3e6244ffa3b4e1b,2024-12-02,36500
bca-3d3e0dc95e0b3b08b011d9dd3805865e,2024-12-02,19900
bca-c06930cca3d2d99c8312305e64bdcf89,2024-12-02,76300
bca-af2d283407ea89d15aac14aa1456f75c,2024-12-02,92200
bca-66cd8ce7ae8c3f685d13faa1e69148a8,2024-12-02,90100
bca-34c1638a1b4b274673a5a05819aa5bfc,2024-12-02,50100
bca-a997b6214bbc0ea1e95a522594e07271,2024-12-02,25700
bca-32324e9b830b06749840f51c8ddf5063,2024-12-02,-40400
bca-a38ec1852385ac8448910c1e76ff0998,2024-12-02,39700
bca-8b952773325fcb00c3b263f6d3d0e9b7,2024-12-02,-87300
bca-f29911f61ae3f71dce4de90ba28d7dfa,2024-12-02,75000
bca-d57874241fc5e2851e01b70643b7e86d,2024-12-02,12300
bca-c2721fdcda600febd1bd7321b42335ff,2024-12-02,89900
bca-9547dca131b7167aa6c641f3be5e4032,2024-12-02,42500
bca-48e16b2354298520b84abd68cd6b9409,2024-12-02,37600
bca-69e3c8a7456781fdd842f1eb7aab94b0,2024-12-02,71900
bca-22d45dbbe6fe9254c6a21d7370ae86b3,2024-12-02,15300
bca-e414ae3a8e8e11367d88bfd64f6c8e2b,2024-12-02,7300
bca-54908a4ac8882d241f7eb79ec66c5280,2024-12-02,-79500
bca-9cfe92f53a72e140a3fe1b385edf47bc,2024-12-02,49800
bca-d1bebad9020e8df292dcb5f9e0c460c4,2024-12-02,29600
bca-f07c804c864f1dd29ada1d0a4d5c5121,2024-12-02,41600
bca-94a0736810e6ab83ce316bd56124db93,2024-12-02,92700
bca-c77795077e21fcfdd9097005d5fea1f1,2024-12-02,-6400
bca-a29a21709237f52d17d54cf67d2d6744,2024-12-02,61700
bca-61c66d37036b2fe762afd4fb750f75dc,2024-12-02,3500
bca-44fdcd753a948eecb3a56d52853cd8e6,2024-12-02,39500
bca-a770c88098ddcee44fb748fa0ae5e82b,2024-12-02,-62500
bca-2fea33b891c948534840bb80ceceff40,2024-12-02,26900
bca-2aaae0a52eb7621fc42602dd90c80653,2024-12-02,20200
bca-1229e253041d93564032be3858b1abf9,2024-12-02,10100
bca-7cbc4089d38e0c284174481e0645f818,2024-12-02,90000
bca-d75f1deb327d12054be232f8b56037e2,2024-12-02,14300
bca-8d6dee272972ee113bcd710d90f248e5,2024-12-02,-75700
bca-d13445a38bace48c8e5f5c1f2af846d5,2024-12-02,50300
bca-ae1f4285de8500f4cbc791ac40429590,2024-12-02,19600
bca-c5453bb0cc706898881887958b57ee13,2024-12-02,47400
bca-5949b4f0121bb2cc90d74585ec5df0cd,2024-12-02,6600
bca-9892b205adfc4d0ad0409890d28b4373,2024-12-02,11500
bca-69ddef0dc3e89cb8fd479c442ba3eb6a,2024-12-02,44500
bca-0e3d5b9d007ae6ad7ab231bea35d64f8,2024-12-02,80200
bca-ac0ce080908a8295e1a741abc504745e,2024-12-02,34800
bca-1d49e5381341ad270dd7ecf6e8921d5a,2024-12-02,33600
bca-e03d6fc41beb1454f54b48ef2b67e7b1,2024-12-02,74100
bca-fe608e4bee7dd9274d6a79ddafae8362,2024-12-02,95200
bca-d06a5abfddec8340ae486129eda9739c,2024-12-02,-15000
bca-1ce360a17ba30cf2bb1799134a51d0f5,2024-12-02,-90000
bca-37107245d3d49414ca975ca9a8ca0f84,2024-12-02,71000
bca-1a20bb9e02d2b7c649747872bf90c58c,2024-12-02,69700
bca-d184a1fd99640ed198e9620f3bd0069a,2024-12-02,-84300
bca-c439cbc4ec38c854fb0c97ace0fd8163,2024-12-02,73400
bca-0eb8291b18d3332f7a572d5bf1f526dd,2024-12-02,-39900
bca-4136cb551fa07a0cc1d5b1717a83b859,2024-12-02,61400
bca-adb9ba0e3b3c5e45629edaf07d61db79,2024-12-02,74300
bca-d7caebbcc7c533d5dfa0c9357fac9df9,2024-12-02,34800
bca-4828bf062d341c043ff5894c14f12288,2024-12-02,33500
bca-2cdbef7df6f9adf9f2a4ff0b3e4c26af,2024-12-02,95000
bca-10ec401eac05af1b338770fd631a5480,2024-12-02,54700
bca-3dfd139b29a19452f05cb8a6b488aef4,2024-12-02,85700
bca-6c7ceccc4f78d93f25d8610e1b4ccd4a,2024-12-02,5400
bca-29b842dcdec5026cd6d29edcabfa56cb,2024-12-02,20600
bca-2b2e206ae0d89e14398a66ff06df41f4,2024-12-02,60500
bca-84ad63c11aea467ce224de3ed295f219,2024-12-02,73600
bca-3292d3355b303a1f14eed865a8de52aa,2024-12-02,73800
bca-ecda97910bed9ee926ce938f70098ea3,2024-12-02,15000
bca-3052587b2397c9a49986ac17d55dbf3b,2024-12-02,52000
bca-c51b83c26916723c3da99724364c43f2,2024-12-02,-61200
bca-0be30e811290171fcdb0dc69afce19fb,2024-12-02,59900
bca-da023e253617f3bf952683b27102a53b,2024-12-02,24500
bca-938248f2eb5c16da88d240ffaae10583,2024-12-02,81800
bca-53621ee815c6521ce64a1e2686693b66,2024-12-02,30000
bca-fcbdb9a8695a5236decea3b19b0806e2,2024-12-02,29500
bca-548c648f0f321516d9728110f9c3f168,2024-12-02,46500
bca-faf6858f5514da54aa39248c70d616c9,2024-12-02,40400
bca-0391807ed6612611501e52936923d1ff,2024-12-02,-40200
bca-42f1fb45e6e494f8ba7666cbc668f8cf,2024-12-02,67700
bca-e8aa7651ed368d392dc66f46e0c783b7,2024-12-02,14200
bca-5bc769e804ef51e2811c690868ed399a,2024-12-02,97700
bca-7286b9dfe533fd931d547ce315370ea8,2024-12-02,94600
bca-0be714896cb4790522533c1536a94eda,2024-12-02,-36500
bca-0465d6f13b5237103880c304be016a84,2024-12-02,19800
bca-b4e81ac702c18af8c5d3025d56f8b39a,2024-12-02,88900
bca-b12d8b72c3889e5e7d287f682560f45e,2024-12-02,50100
bca-f2cb2aa29befb1459529187bfa54f36d,2024-12-02,99300
bca-ef98be51ab7fe3ec9e61104b39e1ae43,2024-12-02,99300
bca-b91af25701f7974daef32421b697d9f4,2024-12-02,33200
bca-54111cb02f3c5d9111089a9a0b9f8323,2024-12-02,81100
bca-b27a1055222aca69e0a92d3cfb8f4745,2024-12-02,39500
bca-74700b38dcc4f6549339a021ea52f0be,2024-12-02,53500
bca-f49f9c9f35900208603b892c48748498,2024-12-02,91900
bca-daffcf71f2c5467b4edb4067f7dd179b,2024-12-02,-29500
bca-73952e4136f86f200a0c4f69fdc11e27,2024-12-02,87700
bca-07d00f345de9b7e12ec2fc61b7e1add1,2024-12-02,-41100
bca-3715809a9ddaa650b6c9384a4c7e2492,2024-12-02,67000
bca-b9aeaba762a038658e67aea14aa5bec5,2024-12-02,68300
bca-960e1fcc39a8ddef4ea485f659690c27,2024-12-02,-46300
bca-58ccf1d01b017e4fd382a704247aa61f,2024-12-02,97800
bca-7a105eac07cfef56cbcf7c811de00a55,2024-12-02,64400
bca-4ed95f636dcc2c30a219683d95425e44,2024-12-02,10200
bca-96119d8582be44df7060658a053b3506,2024-12-02,77600
bca-9daab8fea6602b576adce8663f6bce00,2024-12-02,-57900
bca-4979a5ba67c5fee931e4a21d37e03023,2024-12-02,41700
bca-3416b4d80a2e6ac78bc6418b7821dae3,2024-12-02,68100
bca-68e2ee09a605ea22a6ec053e87f4c8d1,2024-12-02,-71700
bca-cc307f58e90e72f96cc814730708f481,2024-12-02,30800
bca-d11ee80cab8481afbf018e34886eecf8,2024-12-02,61300
bca-c6475ae4c87d28256137d46e2359ddc8,2024-12-02,25900
bca-01b8b00865ce7805089a5529d7791813,2024-12-02,31100
bca-8d6c12f60c580441a18a60256e94f2dc,2024-12-02,86400
bca-dfe7be6874251af6a179a9ea78d501ac,2024-12-02,85000
bca-0f0646d4c4f34d57a31217a57d3bb6a4,2024-12-02,53400
bca-c936d98175c76f44aa629fe896c5ffae,2024-12-02,13800
bca-3d73d1b58421f7c74ed3399bdb0522e6,2024-12-02,-63500
bca-35a3154118c3835d3a7062dad07998fa,2024-12-02,30500
bca-dfb3bec113384f97617d3508c8617bde,2024-12-02,6000
bca-ae3dda6fa5ba9a478973551bcd9f122a,2024-12-02,-38400
bca-3152dff1d5a8bb36bab9fe3ca1b78793,2024-12-02,75000
bca-b91ade9fae033c813a6708e5e46461df,2024-12-02,-6300
bca-7ae75e7740704d52991a34199302e909,2024-12-02,45600
bca-cc44c7ae01b11f989bd6a7a0cdfa5de2,2024-12-02,-73700
bca-cbcf11fa2fa8b0dd441b895b928a5da4,2024-12-02,3800
bca-5b0ca6b500ca14295acc0c67b34c8514,2024-12-02,74200
bca-f332d678515cc3c8d7e04ed6eb71730b,2024-12-02,57400
bca-26a6d217d4f42a5f794296b0b7ecd34b,2024-12-02,-48600
bca-11ca59274986e3acffd7990b0f85358d,2024-12-02,-38900
bca-e8603302b48373752113ccbd287f8f62,2024-12-02,-70400
bca-975a309c7c59d09a9fdac54a76e67347,2024-12-02,92200
bca-3ba7cee53ba676aa55d4e6521fc80fa8,2024-12-02,91700
bca-b6d33ebf4015721aeecb216cdf2009a9,2024-12-02,-86700
bca-15c0f6243756d9de995dd5441ec06169,2024-12-02,91000
bca-020349045165a854b22c2209696d627e,2024-12-02,-45000
bca-d6121eed9f759c3d57747e8e2d460732,2024-12-02,44700
bca-7f6697e512c434a5fcdf705b0af4231b,2024-12-02,68000
bca-38a8a74ec77d492bd6e324667eefc97a,2024-12-02,83000
bca-a18b707722c53c2255eea6e8e6120e3f,2024-12-02,-68500
bca-25b8529f0de3538bf09ac8a0d9653c7b,2024-12-02,63900
bca-34adc77f0ed2da22311a7129d03488b1,2024-12-02,52200
bca-984475a892672805b55ec97779ae568f,2024-12-02,-11100
bca-d859f7f129cd78a9cfb1451a863a0b78,2024-12-02,81700
bca-0d796733262c57811a55cef9d1d76900,2024-12-02,48100
bca-4b16853f11396e66d845539a3864f510,2024-12-02,87000
bca-4a5f4229dfcc5b842be60761923750e9,2024-12-02,7000
bca-c2856d3c93ad1b5d8382e1a8c75ad893,2024-12-02,6700
bca-3e8a5b834f046b961b3a081c4b73c205,2024-12-02,35100
bca-dec4090c2d84c4675d9fcf7ea8138975,2024-12-02,86900
bca-05aa3580def6cc94f6f6003893fc1cce,2024-12-02,78400
bca-e8a6a51ba21b49cea3aab222ddcb3102,2024-12-02,12100
bca-9ee737976682d9d803d3dab3fac34be1,2024-12-02,75600
bca-85de15474399c71f27a52e1a7bed65b6,2024-12-02,53500
bca-56a3891e085fbb4beb79d74335a0c4fe,2024-12-02,77500
bca-cab3052afbd210f8380891fc07e090c4,2024-12-02,42000
bca-434c6ba9303efed740a28ea0057e3d3f,2024-12-02,-19300
bca-45524e12ca57d71e8627930f998a6bf8,2024-12-02,-61300
bca-c1a59f2262be7ed8f459162a997d1b69,2024-12-02,-10100
bca-2fb8639444674f459f1a1ee223eeedcc,2024-12-02,73600
bca-4ecbd415ce9966ee678c2bb58931f858,2024-12-02,14800
bca-4f4425415b8014de9735d4a426d6cb6c,2024-12-02,-38900
bca-b4619ab02fa36c81ebecdfcd2fde01f7,2024-12-02,10700
bca-494a895c14fc58450e10e03de73ae811,2024-12-02,-90100
bca-2d4fb2b3f44ddff399220499db477003,2024-12-02,77700
bca-1e69fdc931b850bb3880d53545ad1cd7,2024-12-02,63400
bca-a9b55715a7d96520550000cbc146ac0d,2024-12-02,20800
bca-5db52e8071ef32760aa71a1506697a75,2024-12-02,-87000
bca-c69678c37ac280859d73925d702c8fa0,2024-12-02,34300
bca-f3ba5226c830ea71dd96438630e6b815,2024-12-02,-15600
bca-180a8285147b2dc877d52822001d3a49,2024-12-02,11000
bca-20a58a5b7f0bf07906d72a5dae4db83a,2024-12-02,45700
bca-99a1734c69f2e1d13e4bc184be073eae,2024-12-02,36200
bca-4f125e20c840f9a8f8cdb9c7a2c4c59c,2024-12-02,-36600
bca-699dfa1c0b03c6b4f27e1dc53593376f,2024-12-02,-77300
bca-e3df48014ea3cc3c4f4e4a743ce989bf,2024-12-02,35800
bca-c7fc08d88a6577e4a099dd435244d48f,2024-12-02,60600
bca-6023c1b2262c50830a6864ef5792f9be,2024-12-02,10100
bca-d1beae028399d52df0a00ac5067f0dec,2024-12-02,18200
bca-db1d404bb47767e9f757672a86d5952f,2024-12-02,99200
bca-d4eb218daeefa9877a2ffb8a35ce139b,2024-12-02,51100
bca-02b18fc6737148aaaa7e1d45c9a6ae7c,2024-12-02,57100
bca-20c3db19b5a3bd5e5ea346a05c499bad,2024-12-02,48100
bca-e84d063c7d2f566d7a575843911993f1,2024-12-02,85300
bca-eb828f916a3397e0db8ba2f4251606e5,2024-12-02,-65400
bca-314846b2e35f2e7fae30dd4d935479bf,2024-12-02,98200
bca-0adf42f3b5276fe9fa3c4781887afa29,2024-12-02,-17500
bca-4e3d2deb25de6bdb35bb1cceebb24a48,2024-12-02,67600
bca-f461c71a3f833b829eb9b31120afb01d,2024-12-02,-20600
bca-750e734fdf7f52c12737fb8f6ab02c42,2024-12-02,67200
bca-aa18042824405e9b32f0ada0c284fe1c,2024-12-02,94900
bca-5e5dfb27017529ede6fc5c7676b18475,2024-12-02,-4600
bca-fd9f14ff6a3b546385aff9d565d5c4dd,2024-12-02,79600
bca-5ac98c0cc464ef8635a80f5d9d14d334,2024-12-02,31600
bca-32350375be23048e50328a41cec12b32,2024-12-02,23000
bca-abe19a6d111b234f580ce195dc38f46c,2024-12-02,30400
bca-8a413df8ee8f4596da2cc795597b56e9,2024-12-02,96300
bca-d5a5d67342fd4b49c2d302c4bd04a416,2024-12-02,-60000
bca-bdb5f56d2f52a9b909a802abad312279,2024-12-02,-30300
bca-b87346e9702736d5715365916ca87cfa,2024-12-02,84800
bca-5f6f28f9e8d6049e7b972b613016dec5,2024-12-02,59400
bca-526ea3ec24d4cd8a5806fb27c424aaad,2024-12-02,67300
bca-fd1e85cd680fc34d64060de95afeb2e1,2024-12-02,-78900
bca-e2c585567d5bd21e05e9618a6c75cc60,2024-12-02,86900
bca-750d9eaf2d4e6dcf5e47da1d9666e8df,2024-12-02,59000
bca-0ffb766d8b4294bc29b35d30824c730d,2024-12-02,52900
bca-ccfef579ca7a1ee9627c23ae526ff8e4,2024-12-02,8300
bca-4b4a4163eeedb8fdfb550e1aec7a9711,2024-12-02,80200
bca-e380466081c5b31438a74866763268c0,2024-12-02,-95800
bca-25608378740e4be3517873fba1de34fd,2024-12-02,56700
bca-a51e4de1675d170de8d3c2875b8ada59,2024-12-02,-86900
bca-a5c62caf1440e0ff98f1aa10e7da1622,2024-12-02,15700
bca-7e72639e63cff84baf57fe4be67ca550,2024-12-02,38800
bca-3152a8a12446a42642b3d94cb1d86584,2024-12-02,79100
bca-82a947f8ad11b2c0ca13455ee3c4d109,2024-12-02,25200
bca-9c3edf496bbd31f8ff96d8954428d343,2024-12-02,73700
bca-f418934f987097204f1b9b936f15f5b0,2024-12-02,-31900
bca-2597eb3244158fd92f302536dbd42a97,2024-12-02,29500
bca-f2823a96e9c708e665ba746b2cfd1a95,2024-12-02,32700
bca-0ff1f0c0098f27e939e8dc0538a19ba1,2024-12-02,3000
bca-21a2806c605cf2ca998aeb48e31710ac,2024-12-02,57900
bca-59043100b0247f024344e581fe19137b,2024-12-02,21200
bca-5b10efb45965eebb7d550257f93c6d19,2024-12-02,-23800
bca-9d666f3c5e557e3f25892781e094fc38,2024-12-02,36400
bca-524440b78c6f82b7707cd25415658560,2024-12-02,78200
bca-efeba78931dda52fc0240a246278ee9d,2024-12-02,26300
bca-9f31af3b407f7d9309516b87cb1ee907,2024-12-02,60200
bca-4243bcb1bd2fa861c7be911a2272fcee,2024-12-02,-88900
bca-de5a0a115c90b7ed3109133fe30bfe3a,2024-12-02,44500
bca-09b7a5f4593fc99349d1bdd19a514bb7,2024-12-02,72600
bca-f28768bf499fd1226a98b2ec9db905ea,2024-12-02,-70700
bca-d8a443dacf63c480ccaf0e4028bb4a7e,2024-12-02,-33900
bca-e54f35347b346cc973a6f54d0f86ec5a,2024-12-02,-14500
bca-c0aea33947df454f5b38d245733cf12d,2024-12-02,72700
bca-1ece2d2e167d2166cd56363f60966b3e,2024-12-02,12200
bca-f16ab268045cc5122759eab4bea84941,2024-12-02,55700
bca-b7a249e8f97ffdda47627375504ba0bc,2024-12-02,48800
bca-f83ff80bbf955242d0e2b5506378ab32,2024-12-02,-3400
bca-5e29674772f6d2f3a063b0ae004c13a2,2024-12-02,37000
bca-7b1f48c0bf5e4405078947790cc1477c,2024-12-02,25900
bca-57b1ef2100eeddef410ac8cccca458c8,2024-12-02,-46900
bca-346955d34d61ec0af362ce15075e1608,2024-12-02,10500
bca-5222d3d922722a754a4fe52ed365c22e,2024-12-02,75200
bca-52fc6444e9760c22dc15d86f251b9a43,2024-12-02,88900
bca-0e3f6041648b765b0c511ddff2b7821d,2024-12-02,69200
bca-d0495acafd4c23ee1df48fe59e723706,2024-12-02,49900
bca-04e64c47f25edf8707b619b6019a211a,2024-12-02,-2400
bca-f043d86179fbf508e0af88743188e272,2024-12-02,10800
bca-eae6ba6af6648c881c5118f5f2a6460b,2024-12-02,-64700
bca-e13c75a5a8e3a278c3f72572817843bc,2024-12-02,-9500
bca-fa00a5b2fe131b5751a3cc9f8844fb9a,2024-12-02,28900
bca-51ea7e3d935080d922218c2ccb05f550,2024-12-02,-27200
bca-0626243580925896a5684f3e6db06784,2024-12-02,43600
bca-19c048042e4a41bb8ac426b4f37c9f72,2024-12-02,-88700
bca-c133fc000293b9459832885939e78ccb,2024-12-02,17900
bca-495a14903403503c189fb44ab74ea5d1,2024-12-02,94500
bca-a1532378645c94a1cb08a5ac6923d528,2024-12-02,-83200
bca-7ffcea8db735993739b92abb360b1ba6,2024-12-02,99500
bca-9896db0201db8617f8463e655f9c7418,2024-12-02,-51700
bca-c4348d417ba4eb4c789c8668baca7575,2024-12-02,-4000
bca-b8035ca0084e4917a9054862d0029dcd,2024-12-02,35100
bca-85e0aadd60242f562d265a7eb59e2d35,2024-12-02,18400
bca-10f48f4f9205f31133826e3543eb02e3,2024-12-02,82100
bca-10e3e748053a0b90fdfde1409341da17,2024-12-02,91100
bca-d6e5122148b9ce85fcc80e20bdf99350,2024-12-02,65900
bca-b145d50424d1e00f81ad1f3752c6ed13,2024-12-02,88100
bca-16de14cd9f7046eba1003ac94c08081f,2024-12-02,-81300
bca-43c622700ffc477bdbce60cb6807fca1,2024-12-02,59400
bca-c4cb675ca76a1e26d233d83537ff040c,2024-12-02,23200
bca-4d0b5ca15b22367eede36ee3a316501e,2024-12-02,38400
bca-1dbbae1de180a488f0a4d15b19d4a6c7,2024-12-02,6700
bca-a04eb9cbf5e631c631c5d7c8b36de6cb,2024-12-02,-96200
bca-5414d276cbd0cae373eb4c59a534194a,2024-12-02,-74400
bca-8ea996a3a153bbde4613e96ae6347ecf,2024-12-02,81900
bca-3aea6268ec9b3aa51dc430c03d1de2e4,2024-12-02,-38000
bca-2383de7945f677f3ea6b54c723dd2d6a,2024-12-02,95100
bca-bd4d7321e00b03893d0611d95c16c88f,2024-12-02,59500
bca-b90375f9543bf1bc639e04fbf820f3a4,2024-12-02,20300
bca-4830db51003a349eca9ee77f7e565818,2024-12-02,92400
bca-d3906a590dc8042b1b0afa2c24b7202c,2024-12-02,61500
bca-13a2769800b3aba515db01ab3dd3c74d,2024-12-02,27500
bca-d119e8dfc249aa43e8c5f3e859519a77,2024-12-02,36300
bca-60dcfe3d4efc73b3c4cba16081abf17c,2024-12-02,22700
bca-51d3b6cad4cf21342d60d0e446fc7bb5,2024-12-02,26800
bca-94c3a62263b8079b68ae40bafe96c34d,2024-12-02,-96500
bca-2afb64b32debd24fe90ed9b79f2d7105,2024-12-02,32400
bca-e49e180dfee3a8f88f6204c0b83d07c1,2024-12-02,78700
bca-411551fb6a17e640a859c706529a7f74,2024-12-02,15700
bca-a91747c7b31f1fb06fe4512e39020924,2024-12-02,-33100
bca-780c49426b0a332481aaff1296771af0,2024-12-02,51900
bca-8d697cd3148cfd7c35703195e5942412,2024-12-02,7800
bca-b2f14d2ba01c360b491b7d4189f11e5f,2024-12-02,36900
bca-6dfb1f6a4934ee56844b9bfc57ad5363,2024-12-02,20200
bca-30a32b20ba746e700a8877dd011047ff,2024-12-02,-88800
bca-cdcfbefedd6776662c86a4d0b309f8fa,2024-12-02,77000
bca-8e2c4e19a5bfa02ba01f2a581abea523,2024-12-02,3300
bca-cc0347bbc67dd40479632ef33b98c1a9,2024-12-02,63800
bca-28186bbb61e955af9a1caee01d241aeb,2024-12-02,51500
bca-01e20281ae33b923b41d74333971fbde,2024-12-02,11000
bca-2e6cb3774ad0b524583d7f70e9fc136a,2024-12-02,68700
bca-4d2941e4189b7353ba99787a640523df,2024-12-02,82500
bca-2ca8861098d6846320d6da81627e807c,2024-12-02,-32400
bca-2e4408a8a1914c72220730ef4ebbc449,2024-12-02,72100
bca-16a7d1e320c651adca355fab459ed741,2024-12-02,79500
bca-c17f6585edc6cfcfd6de3032a7433f64,2024-12-02,31900
bca-68e39afa9c4310ce11826fc1ad3da07e,2024-12-02,28700
bca-b3285c153ea727fe1eb7747b51fe9023,2024-12-02,20500
bca-94a3f9edd6be0bf6101f6fda10a72660,2024-12-02,53400
bca-68b374575679fe43e44379188aee7532,2024-12-02,-55100
bca-a1cca778673a1c385a7bdf373b571085,2024-12-02,-46200
bca-e5c78e33d74a7ef639906a621f2bea1a,2024-12-02,57800
bca-13255b11c5707d2e5f03a7d19fd0c065,2024-12-02,26000
bca-8ccb272b650843b9c0049c9ef7459a30,2024-12-02,92400
bca-8e42136cc09235a68c67b2daf10ed4a4,2024-12-02,93600
bca-7dd3efb56e43102b3e686082a5a8773f,2024-12-02,-11300
bca-abcd444e2e24746bbc9d376ff2f8186a,2024-12-02,13000
bca-e13512304d6a57e83127a2fdf7fcd561,2024-12-02,-42100
bca-72ab2abd7335975dea3f5c78f9543ba5,2024-12-02,57800
bca-4d32a66784836a7cd5e80a49b2c64ad4,2024-12-02,-49500
bca-b76f4d27cb80e7321468c66612a45c8d,2024-12-02,83100
bca-054287c3c65aad7f41a08c0ec50ce851,2024-12-02,61200
bca-dc36930ba0c4b40b2cdf6312714ece2a,2024-12-02,40500
bca-5581a934b1c7d836ce1a03fba174ca63,2024-12-02,-57700
bca-24dbc6d73d6483f4f7ec380762c92342,2024-12-02,44100
bca-f3067545ceacceb74161273e992dec1b,2024-12-02,73400
bca-dc35423ab49937ce3f78f4e027c33e68,2024-12-02,-59900
bca-46e7ee81baacb85150e2b5bda67a7d32,2024-12-02,48400
bca-12e951e864f6a3c18895ec01feff14e6,2024-12-02,-89700
bca-6b35d62c54f6b51d214d7cc1c2af4a28,2024-12-02,85200
bca-d0c13154dd3c657ceb6ac92c48b78450,2024-12-02,89600
bca-5efa9f37d64b313328a1f2ded6526b03,2024-12-02,5700
bca-4f906011dae9bcdde865946c84e6befc,2024-12-02,-40700
bca-ba5ce885af72211ce9cb3c68f546789c,2024-12-02,99300
bca-6621da2e3155c64f59a965c2d2e35e79,2024-12-02,-66200
bca-0481b42e73e4c4bc0f5836963395bc59,2024-12-02,-61600
bca-09d9c884c4ab6251a7963de92742e8f8,2024-12-02,99400
bca-23d7606042be8b87f507ba8e2ab3ac0c,2024-12-02,31200
bca-462ec443fafdb013759684c0447487e9,2024-12-02,61800
bca-2c0807f9d467ee3e1f56d807380e23c2,2024-12-02,2300
bca-5b6dafea3a19afa10793891cd5ca9268,2024-12-02,-33600
bca-50e861ac1ff26db4795bbd99e50d653a,2024-12-02,66100
bca-c4823bc716cd1669985c41c1e9343598,2024-12-02,50800
bca-5521014fc2c6ad8782701ec00a9bea5c,2024-12-02,81600
bca-ba9f08bcd007ee053a39f74fd4aad620,2024-12-02,82300
bca-b6ea7e099f55310a463ad69cbd6c663e,2024-12-02,53500
bca-09c6f705d5871d29fc0e6db3c1d31492,2024-12-02,-42800
bca-8b6ce487934909a718b9782bf0da5005,2024-12-02,10500
bca-f98b139799563e431653dea3904cd7ed,2024-12-02,24700
bca-3ebccad437e640b7083c4747a69cb73d,2024-12-02,-25800
bca-6bca5cd5ff12e6ba5a7aa76a0429b7fb,2024-12-02,83600
bca-1e2f7809f1cbb9d0699c1c0ff745f6a3,2024-12-02,91100
bca-894f0a0f9faca2023cdc912d6ebeef8b,2024-12-02,-84200
bca-6962c27e04cdf1cffb2d11d9322cabc0,2024-12-02,-3300
bca-a0d9fd1ce779bbdb5261cffbeca0bed1,2024-12-02,13800
bca-b8715755911d8ffde6943829abf96dac,2024-12-02,77200
bca-68235a21a092a0234d72359d1cdbfd21,2024-12-02,-82200
bca-1e2477c4a5c401f11099ecf3af2cdd7a,2024-12-02,14100
bca-feba12fde940d0753264dcf98f9ca972,2024-12-02,-47600
bca-dee9d3dca8a2e5a15a89d765471f4049,2024-12-02,-68200
bca-1b9c45d3dcbff86df11b5c4e6915205f,2024-12-02,16600
bca-35764cf122169b32eb412fd8875b2685,2024-12-02,17700
bca-3c89c89cac36cc7a8879cf86f24c068d,2024-12-02,15900
bca-e32867f97415afdabf5f2a7a02ff4c8d,2024-12-02,49800
bca-4fefd7a4d7944d5d2176c1316182930a,2024-12-02,-82000
bca-21663c920b83a6520b28c56de0d549b9,2024-12-02,48700
bca-c83ea7e6d9fc1fcd21585ac63f0c0cad,2024-12-02,-88000
bca-97f410ebda3ab877fa8cc08d045cc453,2024-12-02,-60000
bca-8c4318b1e35d9583c8e7606a51f8b42d,2024-12-02,77100
bca-d253046a1dfc061386b2835a3ca9181d,2024-12-02,87600
bca-3816b3563517ba0fe94ba10a641e1268,2024-12-02,19500
bca-7e03d8960dbf8b0ab8b7283741d947cd,2024-12-02,5000
bca-9bd8d351080ceecb8e8f76066dc8451f,2024-12-02,71400
bca-3444c51fb994147befac5077a8579d61,2024-12-02,44200
bca-1d3a6873e4007788c78a0cb5d7fc79a4,2024-12-02,16800
bca-f6c44f32aca475542cf82db1744c768f,2024-12-02,62600
bca-fdbb8745a323d33c60e4031eeafcd851,2024-12-02,-10300
bca-3e15d615cd4dc2f28b8635c9efa648fd,2024-12-02,64000
bca-2404652cef9a9a3408c367bade801a8a,2024-12-02,64800
bca-b1b2bdcc3cb2f72b52e4c50ae5994819,2024-12-02,72300
bca-3d328c1927ca7f734cf7a68ba223657f,2024-12-02,68100
bca-c11831b787ae6483b0d9d62e867963ef,2024-12-02,13100
bca-bd0d9080a3770a3b70aaca7a28f263bd,2024-12-02,70600
bca-a579b66e253ae3baa74639b03c720949,2024-12-02,10300
bca-37d817f29d6326a84647bf8d1463d097,2024-12-02,67500
bca-d74ea730178139696618fcdaeffa2b33,2024-12-02,63700
bca-e6f4f36886dc3b4afe780cc0b07ad10d,2024-12-02,-72300
bca-eaacefdc01af4439442139f289974d19,2024-12-02,-70400
bca-4a7b566d831a8e861678179356f5418e,2024-12-02,60300
bca-0d004dcb38360ac7e9e45c19b2b6b796,2024-12-02,34200
bca-4852222ef5e68acadb38369c3990db4e,2024-12-02,4600
bca-08edb242a2cd91b1ada4426b759f4d0e,2024-12-02,-72400
bca-5400233cbd9406732fa27dacf9288553,2024-12-02,-26200
bca-eb60577304e408beae768525d5eb495a,2024-12-02,93600
bca-f2bfb59ffea26069eb2f6a14f368845b,2024-12-02,65000
bca-49a2a6cbbf602c7ed68a288413aab2cb,2024-12-02,-84400
bca-58f4bcc368375a7bdeefdd5308631909,2024-12-02,33800
bca-201b0ec6659c7c2b53a75d3fcb8c3ba7,2024-12-02,56100
bca-a1751f0c8fa5337da45986792adc433e,2024-12-02,18000
bca-50bd69bb0b59dca6bd1ec1e6550ed227,2024-12-02,-88900
bca-0314be3972a53b617a10e90e72487e0c,2024-12-02,-81300
bca-77f2c723ce3d5d86cd5ee950af2d8b18,2024-12-02,56100
bca-40068e982ce21dbcc047be9ce3bed5ec,2024-12-02,37300
bca-005104dd4204d0cfc4a961dcf7588707,2024-12-02,8200
bca-5401a8597e3f61f4765213576461f3cc,2024-12-02,42600
bca-b821d85c0f946fc8b09eda564dd28dc5,2024-12-02,20400
bca-ddb7d61cc17b5ea9f9ae847c5e28cd22,2024-12-02,4500
bca-1abbde239394a741ea290ccedf319e29,2024-12-02,29000
bca-d6046df76c1ab5b2074dd6d89cf7fd60,2024-12-02,-10700
bca-a60c72680c4eed2f7bfae0e1469c1cb7,2024-12-02,-79200
bca-bf755b9c84e0e2fea97b1662b8ac712b,2024-12-02,-4700
bca-17be3f73f6308b56a9fb24cf1ab7ce09,2024-12-02,92400
bca-e336bcdc721744a83b793d9a2ab4fa80,2024-12-02,98200
bca-4d74b1f9b2f4ccaa6e51858233cbf371,2024-12-02,32400
bca-6e87e7159635fd13e985ab334653715c,2024-12-02,75700
bca-882d4ff4388b6d124eab0ba0c90aa346,2024-12-02,-48500
bca-82eeab548ebefae3c36a6a8f92b858b9,2024-12-02,83800
bca-28ece7143e2e685ba057f2886025d584,2024-12-02,87700
bca-a4e88185f0c60053ef239535c6d88dcf,2024-12-02,-14800
bca-8b62b7d2a9ccd088c9e73ffff43fb8cf,2024-12-02,18000
bca-97014218ad0b292db04f4212649a9cce,2024-12-02,22500
bca-1d9b0167854c07bc5c4810d587da4834,2024-12-02,-18300
bca-b4297569c747b44021ba0537f028509a,2024-12-02,43300
bca-daf0b7d0d704303fada2400b15bea6c3,2024-12-02,5900
bca-0b4b71008c31f92e6a099dc534745482,2024-12-02,34100
bca-c3ed5d3997a9a34bb6bfeb453b501144,2024-12-02,1300
bca-97bb0fe18b4d937565b1b2785fc5ddcb,2024-12-02,22200
bca-9960a9946cb26c9dd6c9ac3ed70cf178,2024-12-02,48000
bca-72b24af532fac7718d75a0957becf68d,2024-12-02,66500
bca-82dfcc4c0a2e172fda6a260a33739d93,2024-12-02,99000
bca-88cf756c8323df9fdec0223880c86732,2024-12-02,-6100
bca-a40dbf3c188f9bde093a43336766d560,2024-12-02,-55600
bca-d96a9b81c928b9712c50ed00560b8d8d,2024-12-02,-28800
bca-9334aa9393a6f0c5f372fb4ad6765eb8,2024-12-02,47500
bca-cf321a7a8acdf92d08046ca7440c20df,2024-12-02,33100
bca-6bb1a1c11f0e43b772010b2a6ae9c832,2024-12-02,93500
bca-e01c1e10da3891c9aca499fa12c07652,2024-12-02,40700
bca-4cd9a02fd941b551280acc238396c6d9,2024-12-02,-90200
bca-76c8cdf600a876179f2ed2b3206d64b6,2024-12-02,66200
bca-9c4bc91c687378c5ada9fbb04d758b41,2024-12-02,-48500
bca-b1320d8ff3e71a831f08227fa43acf3a,2024-12-02,82600
bca-f6c745196f0ef2f45ac29da689867785,2024-12-02,44100
bca-7bdcc78fa35412750462b028e553f468,2024-12-02,99900
bca-0cf2eb6995f509f48a9991fa0f63db04,2024-12-02,4600
bca-3b63d63a57b9de6cc5d8a472f3105b38,2024-12-02,75500
bca-76d0cbe8dcc3edc92239903352c4a36c,2024-12-02,50500
bca-cb76b2cb22b79b47d23cb35bc3552532,2024-12-02,18000
bca-c6311b5f791279570ab75197b9570c94,2024-12-02,12500
bca-5b9cea1f384f5903e4cc2b4d05076858,2024-12-02,28200
bca-b719dd87c5407aa7a7a9757cec7a47ed,2024-12-02,-99300
bca-8172035f635322176b1153653b246233,2024-12-02,37500
bca-7dce4ca869fe26374f56c248b7b8fc1f,2024-12-02,-13700
bca-c1ca3e48de8c67964cf02db541742673,2024-12-02,34000
bca-c29dcabf27af0c36b233c762e4dc6f74,2024-12-02,33900
bca-f715d5f9722484ce16ec96ed24e9ddb2,2024-12-02,66000
bca-f49c22714e28368a047fae2da3f55068,2024-12-02,94000
bca-f96adabe8246d7b5c0e8a43d50eb168f,2024-12-02,-62800
bca-4212cd42002212c4912e7e2caa1bf0e3,2024-12-02,-83200
bca-93b8fad8d7d3cc5d5d69f5190716dbc4,2024-12-02,83600
bca-2e9e957f5452fde32b263c20ee6d8b04,2024-12-02,-4600
bca-9f1c3fce2bf7c90c53faa9de98282c2e,2024-12-02,11800
bca-f1592b0bd428f857f8d1b32cf946e62b,2024-12-02,24600
bca-46b209da98bb4039dd55b5a500d00df4,2024-12-02,25600
bca-96259f00924c159807ceced13631a2c1,2024-12-02,5800
bca-99deeaaa291cad278e5a7629635a2825,2024-12-02,86000
bca-b7665866cd370e694e7051881250f318,2024-12-02,99800
bca-134bd1e71a1803aa163e1471c64e7762,2024-12-02,44400
bca-8e779c88bb5d52d6cc830c4972784e18,2024-12-02,15500
bca-8f2c38aa8cbb2413777fd3ddad0ea717,2024-12-02,-49500
bca-258f7350e62a231a14b97195227ceed4,2024-12-02,39800
bca-070b16963b2c84a04fb5ef9c030c2fba,2024-12-02,43200
bca-81dc8e034a34349ba7907b2ce54a3f9b,2024-12-02,63800
bca-c336a11a72d14348ae357f91b6faf35d,2024-12-02,91500
bca-df3e2fb082eeac4865f8a541eeef6f73,2024-12-02,56000
bca-830a4444ffe3bedc976e1c8cdaf548a6,2024-12-02,77100
bca-b74e4e677f597b8e0a3a24fcb9c306e4,2024-12-02,96500
bca-ee32a7cdc3055617558af2dd55f5fa62,2024-12-02,-23200
bca-e256c07667801c37017366c1b8aa07cd,2024-12-02,-18300
bca-ca9a5783e9fd81cd66859c6ef0b98815,2024-12-02,-25400
bca-db78a08560373dcc337eca03460a51b5,2024-12-02,74600
bca-52cd6bd8444135b99ffb32c56b3f5545,2024-12-02,43000
bca-ad3d6c271af48be3f5b8e09a7a71c1e6,2024-12-02,40200
bca-8033ec8fd5d1b42896c307db38b63aea,2024-12-02,88100
bca-3e4bf5392e94d182c7042f6f114b2892,2024-12-02,7200
bca-0b349b155916f4e6e416a76c17bcc533,2024-12-02,-67800
bca-c3ec6c81fc8088a03446d8e08ab96f06,2024-12-02,85600
bca-ba7e4fc47020d265e2664f4994d966a9,2024-12-02,77800
bca-42e32ff44812d84af5798ed97b81b3bc,2024-12-02,85500
bca-54f6f93feeea9d671e3d50428d4ddf1c,2024-12-02,-9600
bca-b27b9b0daf7ddf89d06406f5c64f102b,2024-12-02,36200
bca-4aca9bded19350a7c59669326faffb9a,2024-12-02,62000
bca-bbef89d8b198c218b7953962c0038f21,2024-12-02,53700
bca-1112849b4b03cdd5ee0c97768871c9aa,2024-12-02,90900
bca-8a75afbb61db31e7be8891d0b087ecf6,2024-12-02,12200
bca-e32da5eec877915eb68885d7ede527d6,2024-12-02,16500
bca-9fc5ee42b5a56fb303a190e9daa7c837,2024-12-02,22700
bca-4d7bf991d67b4e3fe1f686f86ec97307,2024-12-02,57500
bca-80d31995f10f8a8393c71a2d90cf6dbc,2024-12-02,-74100
bca-3fc1f14c18ae0ff7f239a66b52b56099,2024-12-02,4700
bca-8e8bffc8996439b59c68ccb8127c0da5,2024-12-02,3400
bca-80d933f465108307753af2eb2db25dac,2024-12-02,64700
bca-0c801dca08b9873df41b3c7d4bc30250,2024-12-02,-92300
bca-0664071cb8d504a57d962ba24aa6fec4,2024-12-02,98000
bca-0db99eb96da3a5033492e369d8bdb008,2024-12-02,-48700
bca-02c401452557398dd7e8085a85518f4b,2024-12-02,29000
bca-6eac40279c8ea459755f5ddfe95b61ab,2024-12-02,95500
bca-6a18fc767c59865fae578dbba0ca31f4,2024-12-02,6600
bca-0d43ff7aded93f9643d802d446d26af9,2024-12-02,46300
bca-634bd78033443f0e7bd702d59f40738d,2024-12-02,8500
bca-9d338ee81ac93a067e3c68cdf0abdc35,2024-12-02,8100
bca-cf66eb85c7aa0558a5b6427f7beb0911,2024-12-02,14100
bca-bb7450f6b404241795d6d974f17dbd43,2024-12-02,58000
bca-8923dc7c1b5cfa37b241ddbfa9204657,2024-12-02,-4700
bca-ce363761507ee565299815ff55a0640a,2024-12-02,36400
bca-6d237ac9cdf417911e98181ad61a7420,2024-12-02,94300
bca-94c39e44750b6570b782184db733fa95,2024-12-02,-28200
bca-2562954a3d120e8fe7b317cc2978c140,2024-12-02,7700
bca-0fa83250da627879a9fcf84dfd08ff3f,2024-12-02,85100
bca-46b44b38ecf8c71fe585bc288d262bdf,2024-12-02,-95500
bca-93a881b406ddf889e40771778ab9d9e0,2024-12-02,12400
bca-b61b28066bf158c6364182c241ad68e8,2024-12-02,-90200
bca-2d3854fcffc719dc206bdb2b45fb629a,2024-12-02,98000
bca-db4edca57beae3f4dd12ca49e1cf5fc6,2024-12-02,59700
bca-885cbd60c4226b4d25423c40279b2129,2024-12-02,61400
bca-fee020eafd49e0ac3f930cb665c95fc7,2024-12-02,67000
bca-7d206129d55d6d2b5dad154418e7a011,2024-12-02,70000
bca-80e44f087ffea84d066d7b614d34a348,2024-12-02,64500
bca-01d2462eb8bf6c6ba134b3d2a4b43ab6,2024-12-02,50100
bca-b598b16c0a3ae7d6cd24dc761638d594,2024-12-02,74800
bca-71a5e0e09d1c03619cd3e3b4023be8b0,2024-12-02,64100
bca-b86180bd17f06644b0070d0ef16429e2,2024-12-02,-50300
bca-7ad08bc644d179bb5dc134ae624d81f1,2024-12-02,59800
bca-0de8b99132cbf38e8044c7100d357c53,2024-12-02,52300
bca-098e71e4635e2e3c0eff62b159534db1,2024-12-02,-94000
bca-f5e2e557593e5bf12653f8f9b2a04733,2024-12-02,17000
bca-fc23019bcc3da07c09ba0d8af7616889,2024-12-02,62100
bca-694da01293587ea36ea036bfe11ba28c,2024-12-02,35300
bca-75e336355603b7c1adc49e6c0f897586,2024-12-02,77800
bca-6efce587f0a36afbbbd2b95ead5af8b0,2024-12-02,60500
bca-2f1d8b1d16f736016b7a6b351ca56252,2024-12-02,-90400
bca-58271aeee87019058100638d46d776af,2024-12-02,30000
bca-2c39d109d3d15f2bc24c56245dc5ad21,2024-12-02,76800
bca-3da0c4d5d388676eef602ae93571565f,2024-12-02,69000
bca-58f3ecf8405824c34f57732a211def99,2024-12-02,-42600
bca-6b88dd3a2293812ba3e8f64f9d37b7b3,2024-12-02,-95200
bca-e78992b722c5515e0fd70f1dc2dae573,2024-12-02,4400
bca-ac97174e0253ff5f816eda46e2ce20bb,2024-12-02,40200
bca-f11d98e10caed5fc74ce9715407ad57d,2024-12-02,55900
bca-11a3622a56b73fda9d6a02f019ecb8cc,2024-12-02,36800
bca-de0006c229f54950d93b06afcd3f595e,2024-12-02,38700
bca-ce20cf6c2137910608f42a6824de148b,2024-12-02,72100
bca-399f098c2e120c7c11e7924c85dfee85,2024-12-02,94100
bca-6abebe5e6f9c0be2d69d67b7d65bd752,2024-12-02,83200
bca-3db3802e294156ef428743c824978209,2024-12-02,76200
bca-aca1f59101d2714b8e9a14dc923f2b27,2024-12-02,75900
bca-0a5f1d3296be00ad981b8b41fe2c2ef5,2024-12-02,61100
bca-c1dd7237147bb6d1e37f2d4e345ac5a7,2024-12-02,76800
bca-a145c98668ad50d6ee42e97cf0ea6b20,2024-12-02,-93000
bca-add8e190e836f2c6c3c3749ca18e8f4a,2024-12-02,16000
bca-7407af57d472f23f7a3f6c710006f324,2024-12-02,-81100
bca-3111f32c28388290b1a49a5462d0a16d,2024-12-02,33400
bca-a1d61dca5d4d61fb8445394541a5b27e,2024-12-02,69300
bca-a75386e7ccd4059cd39e070ab0d8b54a,2024-12-02,74300
bca-a1905698fd08fd738f7de0a9a82c1db9,2024-12-02,59000
bca-7291656e343c7a648dbc413645b87edb,2024-12-02,86900
bca-54f5a8e040fefbf0c0a44bf66b88c14c,2024-12-02,-46000
bca-e6aa8e606dc4449351d9ed75bf0abb46,2024-12-02,74700
bca-01700d7e4454ae1098be39a80636993d,2024-12-02,68900
bca-4b506c77eb055f21f3ef7126b561b95d,2024-12-02,92200
bca-0d9c3d56321a6d15c1d5e7698609825c,2024-12-02,15300
bca-0ea971417cc6ef356205636065487e14,2024-12-02,50700
bca-deb5af30b6163cd39577b2a593946878,2024-12-02,39000
bca-2d4823a747e614ae0e52bf331bd57773,2024-12-02,6200
bca-7816face7f300957a1d5c952643be69e,2024-12-02,78500
bca-65ae161f8c6e374ac6850632325ec4fe,2024-12-02,28800
bca-f682b7b65e1a6cdf25b069a05a49055e,2024-12-02,99200
bca-9742efe94db033093120881d5564d84c,2024-12-02,76600
bca-6b17e93a99db0e96947fb4d51519ec37,2024-12-02,-27000
bca-3969bcf2e57e8a56031b7527eb4ad1ef,2024-12-02,75200
bca-4ffe774d389073edc881846a24c98a8e,2024-12-02,79100
bca-a2b25cb4f88d3cfd11c79fd773bd0c67,2024-12-02,71700
bca-08ac2fab7bdbfe0c974c68f3906936b5,2024-12-02,8000
bca-62bd48fdce3643cf78deb0bf7971dc3e,2024-12-02,73700
bca-ef34f7b1fe5c9dbb2ba7b2da10b333a2,2024-12-02,23400
bca-018c9eb2a77f037dcab32dd2a10c9a53,2024-12-02,1500
bca-9fba09fac360e9bc57f59484deadd476,2024-12-02,88600
bca-e32519e982fbc3a217a8d3d9a314c0e0,2024-12-02,67600
bca-57c9037d9defd35fce921bd85bf99315,2024-12-02,12300
bca-a9a73069257d7119cd5aaadb17dab78f,2024-12-02,-23600
bca-b6475189ee03f47a1dec0d3531e1babc,2024-12-02,80600
bca-bf943f2cd2d6422bbebd35376870bd68,2024-12-02,54200
bca-34dcc85226b0ee067e6dda48b536d69c,2024-12-02,-15500
bca-a5c25e56f0d3540a480ea05f78be2d39,2024-12-02,52700
bca-99c063298f249b8c0ec6ae3bab6a288e,2024-12-02,48600
bca-e9342635f0e546fe63e2b0da50a70c29,2024-12-02,46800
bca-28ee6f0fb1eab290e2dffaf9f0b31943,2024-12-02,5500
bca-125f0d2ab36e041fce5b8a9980fcba65,2024-12-02,34400
bca-677eea85ef9b09e8c39c407bf15a6c6d,2024-12-02,19900
bca-3eae3f36d9ba8d0388586981b251474d,2024-12-02,6700
bca-a36b14701553efdb863f950b3c67c267,2024-12-02,-79800
bca-f769c3eecae354a231bcb5af3d060915,2024-12-02,27600
bca-c9d9b8660631393c90a6d204045e67c9,2024-12-02,77500
bca-4f0593b2590bd6c1bfa24011e453df20,2024-12-02,46500
bca-c1522ffdc29eb9b82919f1b6ff2fe7f5,2024-12-02,67300
bca-c773c5c6d2fcbbe57dd786694f1ee82f,2024-12-02,47900
bca-06aa501004799ab5563ad0d4e6d73f52,2024-12-02,-26600
bca-3e5b899281641befdca735181cd2d14e,2024-12-02,24800
bca-8552eef60ea9c8ede2a39fe660a327ff,2024-12-02,15300
bca-d712379cca01f6e17f1b9427d22e1a3f,2024-12-02,15900
bca-4f2583da52c1240233bfe0b1d3549d59,2024-12-02,79100
bca-349aca047c94e4cc0799d68e2d801fe7,2024-12-02,17900
bca-951c5f372a698140b66b5b4bc37ce6f2,2024-12-02,66300
bca-c7f4d6c933c29afa585dfe5750cf3b3c,2024-12-02,33400
bca-d8a2731e4d9daa8c2276c66a76da01e5,2024-12-02,25500
bca-af58a540b15e6858510a0c82b1592914,2024-12-02,80600
bca-22c632bce2e840210707707d32d70e17,2024-12-02,-36300
bca-99bfcd02f4f90f4496a8509894cc5086,2024-12-02,79900
bca-bc8845e57f75a063467db3a307fb140b,2024-12-02,99500
bca-d685e7d3adb678e7dc84219607de330d,2024-12-02,-30000
bca-b80990d840f0fa1be036ac22ba304582,2024-12-02,12200
bca-3892c75d898d39d6db73f6c0a351128e,2024-12-02,22800
bca-b41266290aa237203c6fa0980586393d,2024-12-02,28300
bca-c05677ed57954c04d9acc4dfffd3cae6,2024-12-02,88800
bca-0282d55e19dc6b1d48d3572093634169,2024-12-02,42000
bca-4289f3854540e8387e4cf187c73a0aa2,2024-12-02,-1700
bca-55852123990da743d82988047d9f46c1,2024-12-02,98200
bca-044e1984136ad08cdeb090ae44aab8ca,2024-12-02,10100
bca-1909f9303cd592e1270a6160fbe89f11,2024-12-02,10600
bca-7daa4cb27587afda1b6470022e0db90b,2024-12-02,32200
bca-4aeb02e5243c1a3b5f3cf1f866137542,2024-12-02,-59600
bca-c494d82f20cc0dd8203bda87d75422ed,2024-12-02,90400
bca-2bd072085e4270f3320f92df657f4dca,2024-12-02,60700
bca-fd6568a259a25657f73fe66941387717,2024-12-02,-86200
bca-b518584af5a38bb08262d175b0af48fa,2024-12-02,-62000
bca-db220011aabd4e9c32c100da4424e8ed,2024-12-02,-27700
bca-8efdf02cb2eb9d860fe092f871565b21,2024-12-02,-72900
bca-dc57ea68b1a6bfbb81f7707f62fff611,2024-12-02,70400
bca-5a1e21991edff68f671df5f76f9df276,2024-12-02,23500
bca-ad2c8393048c944aba7a3a9641a1d76c,2024-12-02,97800
bca-94a1ffb23eeda5bb47c36665b1d0816f,2024-12-02,84000
bca-55ec68ce2023a5c4958597ee5b03d21a,2024-12-02,67800
bca-0003723ec534c3d2ea2b2a98dfe690e9,2024-12-02,85000
bca-fe180dab3b1cacfc5a92d2a2dfcbc4b6,2024-12-02,-55800
bca-59a33249d2405a5c398e3623487e4e46,2024-12-02,11800
bca-2633a45736444a82bc8828c1ba586c10,2024-12-02,83600
bca-8a65fc234377d73b97df179de818eba2,2024-12-02,-6000
bca-1335b967cb145940b2d368a82f2da0c8,2024-12-02,-43200
bca-667591e4209c11710a82f6c35a08182e,2024-12-02,41300
bca-5358bd3970eabdae7942029efeb8f8b7,2024-12-02,61900
bca-caa48cbd3fe24d44db3188ed01a147c6,2024-12-02,65800
bca-2eafe86617d8f9663feac8050e6dca29,2024-12-02,-2400
bca-0aeef62e4af36eff745af78089ff7b90,2024-12-02,58700
bca-5d9c0e8b8783ebf0e4baa4f6855b9ed1,2024-12-02,38300
bca-1c4f7c8ba34e56dcbd6651b09c33bf4e,2024-12-02,48800
bca-5a17351d3526d57a6bd8a2b3384895bf,2024-12-02,59800
bca-18cc23d9b5992d062954a53a78ca0bc0,2024-12-02,-23100
bca-a739e772d16fa6cbf7b25429c5196663,2024-12-02,53600
bca-7a922b59559fccc18645e330ca4981b1,2024-12-02,2600
bca-32976536b0659103de93c3ed249c2f19,2024-12-02,-16900
bca-0720e58105112792de2ef65ded44279a,2024-12-02,-76900
bca-c4f3fc23aaf9e4ec0f4e43e5eafa4712,2024-12-02,20700
bca-e4a17344982fac737e18ed5b58f8a0fd,2024-12-02,58700
bca-6afb04dda22d47beacf86f7ea1b8ae48,2024-12-02,20900
bca-149674f8b364eb0a6aad8fdd3c2bf6bc,2024-12-02,23300
bca-7c81cff1a8ff0f9c9c823df82f63e425,2024-12-02,-39500
bca-ef9684c5653caec1eeba2ecfbc29778a,2024-12-02,55600
bca-f6be9af71eeb8798145b5d9feb53d090,2024-12-02,62500
bca-2413e3b147331279c8b7e10d53e88f8a,2024-12-02,63400
bca-49090da0219fc0f51bd870b45cee1e93,2024-12-02,87300
bca-95e941ed9964fe57936ca7ea76f5ba9b,2024-12-02,67600
bca-1aa07adb40949ee502b2f55865218418,2024-12-02,25600
bca-93eed91c2171ba85bb45ea9dc55b1abf,2024-12-02,45400
bca-f90dce9e3f19e1f1ca6dce1ec36eca3e,2024-12-02,-67400
bca-f93cbd28442ab08bdb08132febdab6a4,2024-12-02,44700
bca-d4762a89211c6b67cdd97d0c343cbf64,2024-12-02,32000
bca-4be65e6c159bfad9b5e625def113a591,2024-12-02,-18300
bca-f954e6f69ce96d2253dfe1a9884e2cbc,2024-12-02,68800
bca-619dbc0875aa3e266ccc2f7c50fd0f67,2024-12-02,42300
bca-40c9ad8eb09e12c6543e45c061e89367,2024-12-02,26200
bca-0269685b6f228e7fefae61eae37b952c,2024-12-02,39500
bca-8d06634734d6a834becf5e469023404c,2024-12-02,65500
bca-b93643ec8b70d515b50348e1a7befefc,2024-12-02,-89200
bca-42bae852f26ed2adeca956313513eb76,2024-12-02,-80300
bca-87697200f87b470a9f12d7cd42792328,2024-12-02,-80300
bca-1ed8db1da83116479659ea783be9ffd5,2024-12-02,74700
bca-53ff5db90d0766892afd353b644d19d5,2024-12-02,97900
bca-1a102fe39951d9428773b5adbec7fb19,2024-12-02,28500
bca-562cb852e86824487d0bf447ab87359f,2024-12-02,72000
bca-8f7fa103fc4ef5978e98dc3a8d6f3876,2024-12-02,96900
bca-7ed76cbacf445ab77ad4aef970ce67d1,2024-12-02,97100
bca-302e98d05f2f3b7dcefa2b3d881b2b2c,2024-12-02,48800
bca-1091ae6560e896e26003608edd1ddce4,2024-12-02,18800
bca-fc5272127106b7abb20292f962543a78,2024-12-02,-68400
bca-2d7597a71bf4d661bc45f7ace1e6971a,2024-12-02,65200
bca-3dbf4917599efe3e2bdc99b809e93e10,2024-12-02,37900
bca-25c913cbbdf8eb2b4941c889fcc45d40,2024-12-02,-93000
bca-72120193c6f05bbd192b919fd01e620f,2024-12-02,13000
bca-8b0c9aa79449c40aad6054714b5da4d0,2024-12-02,3400
bca-6552ad639fd518998e919b50eb592d15,2024-12-02,31400
bca-90f3def497897401ad7feece92256d59,2024-12-02,36400
bca-108d77b6e15f30e1fd976965dca337dd,2024-12-02,45500
bca-96400d81caa2c6ff5c0a8fdbc95d8a8c,2024-12-02,-45800
bca-335d51458178a817538f8647567bbd5a,2024-12-02,-94300
bca-079d9825ceaa89adc0afd4bd1ac7acef,2024-12-02,41500
bca-b47cf337eb24f3027d5a58262cd5d4dd,2024-12-02,9400
bca-3f1a7180d44fa234b0deb5ef97cf252a,2024-12-02,83800
bca-183c483329e0a0a8f021d2f3f15b7752,2024-12-02,72700
bca-f9c253e2ff1e48cf2e6440c82644ff9c,2024-12-02,25400
bca-3ae02ac42e50554f6341fdd59df6c943,2024-12-02,5600
bca-c6cc6be1be013218a32dc1fc4659e444,2024-12-02,75400
bca-80870951724ed32731b2b017e184775c,2024-12-02,-87600
bca-53cf57aeb566db44a3ccaef92eac0681,2024-12-02,85600
bca-950aabade0d322eddbf051e24c9cfc21,2024-12-02,4500
bca-8ae405852f7455440513934ca322692d,2024-12-02,-73800
bca-7628266b0d94e124f2178390e6377953,2024-12-02,46000
bca-1bc293fd40c7c70c503c272cfcbfda0d,2024-12-02,-92100
bca-dde22e0ab1e483ae3793f1957df9b28d,2024-12-02,38100
bca-5adcb9743ebd8eb17247de38213f0745,2024-12-02,87600
bca-8e4164e05a3304fb752e26e4af95b1df,2024-12-02,98300
bca-7aa8293b14bf5455416781d962629b24,2024-12-02,34700
bca-340a6a61e293f346cc2efa07b6ae1e92,2024-12-02,52500
bca-ec912a3a763c5e518cb3c49be7048e9c,2024-12-02,-45500
bca-600003e3ebebe3032f3381b66e689828,2024-12-02,3500
bca-e7386502710ef1be81306bbda0e4a4bf,2024-12-02,39200
bca-721f394c4a6e49fb4eb5e4291a02250c,2024-12-02,74600
bca-9b454f7baea65af2a1c41346f7ed2110,2024-12-02,29700
bca-bbc4255aced469bfca841aebed999674,2024-12-02,29800
bca-8b9bf454cb6708a9a4041794f6b49b72,2024-12-02,98000
bca-c13f190caf276bee6580b04941c5fc9b,2024-12-02,46100
bca-39ec072eb4aeac66471f5baaab580430,2024-12-02,47100
bca-0e2b2e0b9aab2a873b6f565ba6f1c1b7,2024-12-02,28400
bca-25f51f60eb693487004ba544cee93b08,2024-12-02,79600
bca-30ed10c6073ce70707d3c3341edf8778,2024-12-02,57100
bca-7192cc5defb23c84d6e6a4d04635d007,2024-12-02,9200
bca-416f5174dda066297e9f5c51af10b4f6,2024-12-02,18300
bca-40056bd724061380ac20404a65c29e2d,2024-12-02,24600
bca-4c949a8305cb2d0bdd654ce51574123e,2024-12-02,-90900
bca-a66cb6049a3d8924ac77dae082587cfd,2024-12-02,52700
bca-209dde67a9fbd9525d268031035d2a65,2024-12-02,83400
bca-6e0fac2b2c511fd1fbbf9b7da0ea7aee,2024-12-02,-29000
bca-feac503cf55ad5d713c72d0986b457ae,2024-12-02,55100
bca-5db8c8edd38777273459eecbf7d41aff,2024-12-02,43700
bca-6c583e904dfd173fb3cf07240ffe5b12,2024-12-02,50500
bca-aa10f5eea643527cecc70c9b6ec7183b,2024-12-02,-17300
bca-1b23c00cf5f43c6878c3f355ab4f0e8c,2024-12-02,96100
bca-c60ed89aa42339b4ff373c796be2bd77,2024-12-02,-76900
bca-70cc5f3c57133cec75c63fced40ab3fc,2024-12-02,-46600
bca-ee27f2f76905045433926848f9b09cb2,2024-12-02,30900
bca-26170d017d42bce0f0e0b5fa184fcb20,2024-12-02,13600
bca-9f7dabf53a576595154fae682ca8cef9,2024-12-02,56400
bca-aa1782c8348d813f0850b49b394ba8b7,2024-12-02,-65700
bca-4b96a67dfde52c7f0618d3980930c4d7,2024-12-02,31500
bca-e249db87797d8728915ed688c982795a,2024-12-02,37500
bca-ef739bcca9601ee7114ab2013902611c,2024-12-02,20900
bca-697ab02568a655f9a6e16f94ea4dce17,2024-12-02,34800
bca-3da5f6f47c4b69b5e67394417f207fc6,2024-12-02,26800
bca-56c5973a375eb08a64be5f35e7a26a20,2024-12-02,68700
bca-c38ebb196f0ab4496439e506cfd03c37,2024-12-02,23900
bca-57819d3ee5e0a7ab883a8bcf180cbc09,2024-12-02,-86000
bca-9a8167a5909de2170e1f4fe6f5126e10,2024-12-02,25200
bca-6825db932f07963e40885e913dc521fd,2024-12-02,10300
bca-78e0994320aeadd96ede59303a1cdd10,2024-12-02,-76200
bca-248856a4be6f5849b07ee8351f2cba62,2024-12-02,36200
bca-62ca94255fc93329a0390b8b2e13e5c5,2024-12-02,-51400
bca-db09d030727e7f660ac271703e02d72b,2024-12-02,75200
bca-aca62d483e57f9f72a2c1bef4b8b8169,2024-12-02,27000
bca-4be2870965fd915db493ec783ba5a969,2024-12-02,53000
bca-85869a20cdbf0eeb0c8d0642a0ffdb28,2024-12-02,52000
bca-5d6c6eccbdaa5b847e3286fef13b20cd,2024-12-02,72000
bca-a4f9351af90953778b760337ba6815fb,2024-12-02,38600
bca-b996f8cd8ffd17225f5708736aab9654,2024-12-02,85500
bca-5e9d38da110f64ee8241410adba597fc,2024-12-02,91200
bca-5e2345b55d55c6415caa8319062d3808,2024-12-02,54900
bca-8ea40dc373df3740d2a88311e7f03a88,2024-12-02,-43500
bca-ac6c7cb3e6e0fbc6e50ad26028d5d06e,2024-12-02,12200
bca-3f1da5a5d61948ee67ebb4f85bd9ab55,2024-12-02,35400
bca-97198d23434285c24a6c81276cb63c99,2024-12-02,18900
bca-3e2e2edf82ad33f18355f487be5345de,2024-12-02,-58300
bca-e152021eab3c034efb4e42f27eeacf44,2024-12-02,16100
bca-4880827f355d048e3f82dd824744b9e8,2024-12-02,7000
bca-2d8a9c18141634532b257ebf600ad20c,2024-12-02,51600
bca-f8ac2d06a2a22f1481cdae5aa8c6933e,2024-12-02,85700
bca-1f71f364ecab8c71a1329d3b40bd981d,2024-12-02,-81300
bca-d2cfd55c42ec4aeb9f99cce79039ba70,2024-12-02,-17900
bca-621cb557184e8ffb764f505113ab063d,2024-12-02,59300
bca-d93d707af31422af016d6d8d768c03fd,2024-12-02,10700
bca-ae3a9b49164eba5f0de34ad96bcdd08f,2024-12-02,-58100
bca-901e7660893fbfb3c03c2f7719b1e204,2024-12-02,9600
bca-ccd93f487e8c19acaef61f6d0a545c6f,2024-12-02,7200
bca-b572ea6ecab2f416821fa2443d87d08b,2024-12-02,93300
bca-88563dfd090f16891501c9d4b89d7095,2024-12-02,99000
bca-c183cf627442d9cc9ae3484f67446b22,2024-12-02,75500
bca-83a79a37ae816d294d4b72213c1a3464,2024-12-02,89100
bca-2ec71ba765e0c520d9473c10a482aa90,2024-12-02,5900
bca-daef5cd917faf3aee5a7b432635dc646,2024-12-02,85500
bca-7fdd0f8e315f26f7cf7be6b0fc769de5,2024-12-02,97700
bca-5fb95ca1d73f7ddf264d4b5a845aeab3,2024-12-02,50000
bca-b8e45915aafaa4b19e48a41c6c7ef955,2024-12-02,86300
bca-4e208a023a153ee1fea9620c672628b0,2024-12-02,98100
bca-9c1bd6cca16a298d7ccc9b5ee902352b,2024-12-02,-18700
bca-ed5b45e40fa8803bebc83c54af7bcefd,2024-12-02,98000
bca-c387470d344e04b2158ad46028242478,2024-12-02,60600
bca-a45c5660d27ffcad156ce2a05896363b,2024-12-02,-45600
bca-56a37084322b45777da75cb1a6ae3600,2024-12-02,95200
bca-e3ea140e1a549f2041b37a8793c60107,2024-12-02,74700
bca-b3207d9a156e481d6e6de9573901892d,2024-12-02,-11700
bca-781d0a558bb3c7dcef38eafd654a7060,2024-12-02,65800
bca-bc8ff64d1020c1cfbe6f40dbe98f68b9,2024-12-02,52300
bca-06e48aba3957c79d1f4751f45461888e,2024-12-02,35100
bca-60bb95e95b251283ebcf0e440b96b6d0,2024-12-02,67200
bca-8cfbb75e7831997cf3a2273ffe3104a9,2024-12-02,55100
bca-5bb829c9df28f652f67202f1955f68ca,2024-12-02,9800
bca-238bfedc7c720a7fb65a68e94f4a90b1,2024-12-02,-98100
bca-005c46f933dde26639a07ea21e4905ed,2024-12-02,95500
bca-b9c8db88a8a8477a301ceb22be61c8b4,2024-12-02,95100
bca-5c9575024051781a2f396fb0d81cfed0,2024-12-02,48800
bca-43db296ddab432eb11d497bda3a05969,2024-12-02,65700
bca-04294ecf003332aa006c681c2d1959e6,2024-12-02,24500
bca-aedccd268e1987c9276f307e59e47e31,2024-12-02,-87400
bca-a20f7542feee0f47b8dcb18eaad1e631,2024-12-02,37900
bca-5bde9b56124c1adef703e113661faf06,2024-12-02,33500
bca-8d7205a47b525e8af50c73a63db956dd,2024-12-02,-34400
bca-83e5a5a43540d5ef38002eb156e4b335,2024-12-02,-92000
bca-2ea8a778dd6afca017dc75b701288a89,2024-12-02,51500
bca-561b8008d45883e64cc8a494a3210ed5,2024-12-02,57200
bca-cde3ffb7c098db113a670e99e65dc198,2024-12-02,83900
bca-5ff0b9b0e72898f60014b0f12d95d259,2024-12-02,93900
bca-49c055f8b0aea8794e1c253c4a90ac03,2024-12-02,59200
bca-fff4f3e1e960198ac4bf33dc79c04e68,2024-12-02,54300
bca-7838ca86dbff4e8e3095a66c9f58ba20,2024-12-02,36800
bca-f072946775402a145518e7c4482d01cf,2024-12-02,71500
bca-088ed8b780c5399a1a0cb81a69959b40,2024-12-02,33900
bca-7ca56aa09c2c2ddbe23428d62d0ed1c9,2024-12-02,85900
bca-944df86fdad4ead02cc33dfb63364f06,2024-12-02,10600
bca-b2932da7574978762d1fd991fd6c9653,2024-12-02,-34400
bca-eb496013d8455f7882ffb8a9b628b332,2024-12-02,27400
bca-35bc3b0ab6fdfa77da589e799cc3e374,2024-12-02,36500
bca-2f420df8ee30b3cf1defd93209db2126,2024-12-02,42700
bca-0d18fe14bb3505a710bc841b44f0954b,2024-12-02,82600
bca-9e2f6e959ebfdd9d9a5a18ff34fe1fb3,2024-12-02,-92900
bca-828279d555ac4ec48ec5d3b9cc0b1784,2024-12-02,34400
bca-de8875f59f49e06a5cf3f82787c1189b,2024-12-02,-9600
bca-1cd158f3f19c68cee30801e82ce218de,2024-12-02,93200
bca-f992b0a173811682ba6dbe3ba17572d5,2024-12-02,30800
bca-3f42e2e69c030ef37e0f666f0316fff2,2024-12-02,63000
bca-d662b0790a128db00a31d80665a3acd5,2024-12-02,14200
bca-f68ebceb3d1eebff509c77544d42e212,2024-12-02,79700
bca-524178d674be75f4af8a11b2e2ac0626,2024-12-02,20100
bca-856c9183696ded1098000f0176e34dcb,2024-12-02,52200
bca-10c1b1b9ac6e2ee9e1065c4bacd60592,2024-12-02,13700
bca-00e56b3e19dbb1f5fdb7d85c446d3de3,2024-12-02,94600
bca-234926334c65ac0320d35f13c07d2187,2024-12-02,40200
bca-1c1a924f6e6896a34d033c193ed234f2,2024-12-02,51600
bca-e24bfcd8c796c6f7c5597222d7d9f6f9,2024-12-02,64900
bca-cd949e9874888ec49277bbdc3c8686e3,2024-12-02,92000
bca-5ea06062adc339a92de6486fc3d63364,2024-12-02,42400
bca-5a31f9cdb1500047445d6f5a28868306,2024-12-02,58000
bca-ff02e28a47fe956ac18aa4cd954288f9,2024-12-02,70800
bca-15b662611eeba8f5998a011979b1ad17,2024-12-02,49300
bca-73ea2e6d09b4b97804e1b5b4cf5865e9,2024-12-02,89800
bca-53e422340fab6fd9bf4924b468c22492,2024-12-02,46200
bca-32ca9c0b955cc4961a64116af36ceaf3,2024-12-02,46500
bca-2d81377c01398801c25c3399e3975b62,2024-12-02,-13800
bca-d258aeae6c6e281c94203b7396069ede,2024-12-02,84700
bca-3114fd4f31f7ec55191bf43da138f53a,2024-12-02,30800
bca-2c59e7c5f6d59b2c357dcb4be80f1984,2024-12-02,95600
bca-d50f5941edaa68fe49864560603ea150,2024-12-02,-85700
bca-93fd46d81ccfabf869893b9b3a17c20a,2024-12-02,-17000
bca-468bde7e9d9c4e8427105dcdcb4c77d4,2024-12-02,7400
bca-c4edba4fe7e2849abaf6acbc49a7809c,2024-12-02,-86900
bca-918a7fe7fc7cb0fefec60286e5254c9f,2024-12-02,55300
bca-94c07b8c0afb1c9a3621a72ffa805232,2024-12-02,-44700
bca-a28ad73b85834ad63c14ff92192a0db5,2024-12-02,82500
bca-285246ea469ff10e2e0519a5b8b51fd5,2024-12-02,15700
bca-cf5ddc611656bc8f31af282c8725c010,2024-12-02,16400
bca-61083f811a8700e3ca29d5325debac9f,2024-12-02,11700
bca-f629da85568700f805dcb7bce2b61331,2024-12-02,-97700
bca-f407e1b7819df2625d2e236f4c138825,2024-12-02,92400
bca-55cc73f33cb06b2eabceb210fcea877a,2024-12-02,-99700
bca-7d58e4a3709cfda0665990f749bd6d51,2024-12-02,82000
bca-a880d53688df3a9aa68a674555a29eec,2024-12-02,14700
bca-d34aac5cc5e71644cc07c9758bc10114,2024-12-02,4700
bca-e9f1b73d79b1f87c2cf1b6cdaf23db46,2024-12-02,31700
bca-e32d85666af942e09ac8b2774545addf,2024-12-02,27400
bca-3bbd9f9550cb8edaccf6b8a9f5f8341d,2024-12-02,91900
bca-fdcc16febc4a3bb24f28c3d9bfd10c33,2024-12-02,15500
bca-a98d0ba1ae6f4935f4d29fa76c68bff6,2024-12-02,35700
bca-5ee642f0361a75ec3335cb13e760bc64,2024-12-02,-91800
bca-3f535d403a51b8e911ab0baf4a8be653,2024-12-02,24600
bca-649ebcc9e8825f05397ee0dab042bde0,2024-12-02,39800
bca-37424d3d24dce127bc5b53725ba408bc,2024-12-02,-6400
bca-d75691e6c447a1c5a7836d48d4014362,2024-12-02,99900
bca-650cee1bfc0633c384d40c837dae29b9,2024-12-02,28400
bca-f48e653906ed04b406fac5ba52f1ec1d,2024-12-02,17100
bca-acb04e2cd1616828d11de2627c983ad3,2024-12-02,15800
bca-d69e22995b150c114048ec831d5e19ad,2024-12-02,56100
bca-c1634ec1586084f60b32db431ff9d4f4,2024-12-02,94100
bca-1cd8dfb913e597be76833422e90b13aa,2024-12-02,71000
bca-1b1e02210dfac38433518f2908730472,2024-12-02,41800
bca-c88157c22ff8716edcce1dc944536cc5,2024-12-02,61900
bca-a959d2bb817f1fe5482fec737d0240c9,2024-12-02,38300
bca-ac5b1a10f3533db0e0b1a6c102270031,2024-12-02,43400
bca-adfad631e8731d96fe88da1bd84fc0dd,2024-12-02,-32400
bca-8de2741bfe23d4c1ae485e58e3dc86fa,2024-12-02,-62400
bca-886baf530450fa0eb0e83464f2037b62,2024-12-02,-35000
bca-3452d436374b8d1af87d29859b430046,2024-12-02,-53900
bca-31881fb06e832f7125dfeb442b785f00,2024-12-02,31900
bca-3623ed3b16289a7892bcfd1486dcfc7b,2024-12-02,17300
bca-95b6920aef7d1b75397ad58231fda570,2024-12-02,-76000
bca-837ede024df4ae46a706e5aaee97b4ef,2024-12-02,34200
bca-85b95ca7d52a68b1577876b64e02b52a,2024-12-02,-32900
bca-ede2cefeac8870bf4cf4a05234bfc899,2024-12-02,67300
bca-18886a0efb8ac49380838954ab215039,2024-12-02,65000
bca-6ed42c8c595181312c11f016da1e675d,2024-12-02,57500
bca-0fede1277239011359c829924595abc9,2024-12-02,22300
bca-5ff4e4f07e04597b99af05f01416b839,2024-12-02,75900
bca-5b9aefd5627dc4271ab2376bc5891cbd,2024-12-02,58700
bca-84926546f8ea3a05097b51bb1dedb3f3,2024-12-02,5500
bca-33870d411fc07d00a3e0ce1c92588329,2024-12-02,99800
bca-c7ef96c2de445f8addc7a6503f3640bc,2024-12-02,70800
bca-a4459a06735f9ae2700615a2c4d24d1c,2024-12-02,71700
bca-cc96ac3fce9f56bfb21b591f4ec6c154,2024-12-02,62700
bca-14f25e8479977093a3abc23719167459,2024-12-02,35600
bca-cf69b51cb6b1656bc1af6fa7013924fa,2024-12-02,-16900
bca-834a646835be3b150375874f478362b6,2024-12-02,51000
bca-6598c3cfd2f9ee6061fe19611ed0830e,2024-12-02,42600
bca-a62c3513db4742136306df5b2118152e,2024-12-02,40200
bca-032aec738ffe58cf88eae3afd8ddc6b5,2024-12-02,36400
bca-75a83ab83989a8847184149efe5b99aa,2024-12-02,40100
bca-0194e976603854c07ccd0071c35c8978,2024-12-02,84000
bca-0943431c9d0083b1e64b08292fecf1cd,2024-12-02,89200
bca-715994807f5c5752bdf81c5de5af5055,2024-12-02,42100
bca-605d738121155a1f7adb15caa62f194c,2024-12-02,39500
bca-f825a042063672897d8f3367f2cdd2b4,2024-12-02,45800
bca-56d9cdb238b7075eda49727750a7e4e1,2024-12-02,-31000
bca-2699b35a831d3e881c611b814362f358,2024-12-02,98600
bca-698b6fc8ca6975db083251ad72fccfd9,2024-12-02,1200
bca-22a3c4d69cacaeb0346b6ff8efc3e830,2024-12-02,25300
bca-13ac9ba57078b1b503b04edbe8a2138a,2024-12-02,62700
bca-b82be34e162992ec6a83874845b8b583,2024-12-02,84700
bca-60e8150136d816bdc075b55954c38795,2024-12-02,-22300
bca-7ff38aca8b1b6ab547727523a4945d23,2024-12-02,54300
bca-bfe080acc8e0db481d67947e778bdb5c,2024-12-02,5700
bca-e7441b9c76d632c2a6d19c3aa851cbab,2024-12-02,53100
bca-b850ffbf25e81cc152c8569f852fa9b9,2024-12-02,-26600
bca-c5c177fe8714bb2da5557d7b27c305b0,2024-12-02,36800
bca-39a61e2f876bed185fb6de93a247f563,2024-12-02,37800
bca-d0a84def6b9303ed30c0d1b27927ecae,2024-12-02,-17500
bca-c45978c9b6ca5a6f38e5feebdc688ac0,2024-12-02,5900
bca-f1edc71d80fd3dace8472d87c48f24dc,2024-12-02,51300
bca-21dec093ca63b3f0ab0cd7a2123e87d6,2024-12-02,43800
bca-ae8b7f246a43083e2277a07352203ed8,2024-12-02,13800
bca-fc235cfdef405be455cac6248b65e798,2024-12-02,15400
bca-491cbb5271105aaab72699e0bedc52b6,2024-12-02,96700
bca-3beb0bb68f58cedfc2819c4bde5e6562,2024-12-02,53400
bca-fc119f6c7b999b9bf942091a15249759,2024-12-02,35900
bca-519bc3460e01c9c4adebbb29dc988df4,2024-12-02,61200
bca-55009b450920a95be80b8a2a09a90e6a,2024-12-02,-12100
bca-4b504bd8a918529c5e2b32bad7f979a8,2024-12-02,66900
bca-a3b1cf85b2c4bdbf5cbc1ff91fb689d5,2024-12-02,-16300
bca-a0b3bc04ce7d6e4a02eaf7657a0950bc,2024-12-02,-47700
bca-b56d87c149efed1377896b0420d93952,2024-12-02,98900
bca-aaaa9a521ef5ef23d85962d6fe94a6a7,2024-12-02,-48000
bca-ece57f9575de73677d51fae2c21561d2,2024-12-02,58000
bca-2728e7c59f4efa8f26428fdc47cb0f7c,2024-12-02,-54500
bca-330e43cdf078acb98a9b21d332c910ef,2024-12-02,53200
bca-9b2bbb2c869328432e28d49f5f6bcca2,2024-12-02,-14400
bca-de6a2c13562fb558f3edf16e1d29d1ba,2024-12-02,31300
bca-9f1fdc71da6ae2d1e4d01147c23d7e78,2024-12-02,13300
bca-631107262e1672827dddb9a0934b89ff,2024-12-02,60200
bca-ea74a1ac3c620568583b702c5eed3acf,2024-12-02,2500
bca-2ffcb569800e28daddadd4533666c64d,2024-12-02,-17700
bca-072d6740d90a7fda91fd0c781e9d362b,2024-12-02,13600
bca-584bdebaa310b63f93078a33fd13ec7b,2024-12-02,42600
bca-bddc0380fa9ad797a5754113655f0cc7,2024-12-02,53600
bca-b460d0622639694c754079dfc42737cc,2024-12-02,72900
bca-473a2f6121cfab9732712e56eb73bb65,2024-12-02,-69500
bca-3f24220dfba2aa4ce646b6ae9180bd50,2024-12-02,47700
bca-5d73cfd634084a760f9897c1c868c8b1,2024-12-02,-18300
bca-2bf75479fe73bdba8d581d542aa9c592,2024-12-02,66200
bca-cfb64f215f3de3063994156157ff1f71,2024-12-02,68800
bca-78388e3da3557def19de344a6b3e147b,2024-12-02,3400
bca-25d4ae6fcdfa1c8b9b04204f7ab80f8e,2024-12-02,-23400
bca-65c4588660bb5ec7f028f540ec373f3f,2024-12-02,74100
bca-abaf1c2815fcbc0e9f0b59cb565bed9a,2024-12-02,27700
bca-51b1a31b561dd56e6775b9c1a1761810,2024-12-02,-88200
bca-8ba6febda9c6f7f17077c2ece5f8c94d,2024-12-02,34400
bca-977f5ec57798d3b6fa0cec5d93748a1a,2024-12-02,63500
bca-58f989ad5730a90aba9f5e32d13ea2b6,2024-12-02,27100
bca-9f12ee083d436e0a8f50837ddf11b953,2024-12-02,63100
bca-872ffc53db8e40dd3614b129046d2786,2024-12-02,-65700
bca-ec9a5e493cf62afd99181b4027b523a3,2024-12-02,27900
bca-cbe8c08bbb0997ed111e6f9d28434bbe,2024-12-02,49600
bca-68ec0c37109c263a0cb0d81d78a7d4c5,2024-12-02,94600
bca-30e3a317b006a86fcf12ea17358e54c9,2024-12-02,-65900
bca-c68816ccb7207c6860d22c3d3be489fe,2024-12-02,92500
bca-8dfd9c46e26e77d4727254b39538fc33,2024-12-02,11000
bca-4fdc401f9308b105dc05ea0fda7148d5,2024-12-02,80500
bca-ba71f82d2b22c937a3d98d1d16647684,2024-12-02,91500
bca-b03f53f39dbedf7b76169c9a914adcdd,2024-12-02,33000
bca-3c95b335b61dbd054c8e2e7916910c18,2024-12-02,-6400
bca-58e7a7250de69454cf76ad315d431bed,2024-12-02,-61700
bca-f20a8ba4af4aa10e91f15199acded0ab,2024-12-02,-47500
bca-d141893bc008c1accfcea18a5048d72e,2024-12-02,-52500
bca-bc2a2cb9f286c8464f3be77956c1028a,2024-12-02,51800
bca-8b26d6457c9d4ef79cd03729f9f6d188,2024-12-02,46300
bca-75dcd3b77f4497775523fafcd1d3a711,2024-12-02,46200
bca-67f74e1772c6ab8d70859ed1fc2bbf51,2024-12-02,52700
bca-ab1887f30f1dca1fd0ec77a670b353af,2024-12-02,49300
bca-a22fe8ccd0c75a23c641c11ebdac2904,2024-12-02,86100
bca-1946c580d63ef700b9be536ccc366130,2024-12-02,63900
bca-90fe3d34d1f8f4a1e218ee0158e92824,2024-12-02,15600
bca-a00bf44d8be67f1e6d321258440b4dda,2024-12-02,50400
bca-c7afb3ec31619cc5865e1943facc57b5,2024-12-02,60900
bca-7c3933c9d57058e221ef9b93602ec166,2024-12-02,19700
bca-f2f3dc34abb98bd87eb5761ecf9ccd14,2024-12-02,95400
bca-485fafda218935e92c091ea521400cf9,2024-12-02,82900
bca-6c3e493dc8b83126d0b48d51f912a3d9,2024-12-02,92100
bca-4f6e6245f3863b66277794275394b134,2024-12-02,31200
bca-91d5b218f83e8fd8e610fb7650621426,2024-12-02,-20400
bca-7095c9115c1d1cda410222279f659c8b,2024-12-02,22700
bca-01a2233efeb9307ab8dbf652d8134829,2024-12-02,-44400
bca-8fc8de1cdb2fb845120e2fd85392a0ba,2024-12-02,86000
bca-19100d2806cd3946fb14f5450e802298,2024-12-02,1600
bca-602b111fc26b0a7170ebf7a576dbd6a6,2024-12-02,33800
bca-05657b3e49d6c5278bf3e5c5f3224461,2024-12-02,70500
bca-39bff4af607e693b63618be45ee8d806,2024-12-02,74800
bca-4ca1b5fa7cbebda22bfb7f5d603eed69,2024-12-02,-20200
bca-e4f532949db14d724b307c4b16162ce4,2024-12-02,-60600
bca-2b146e240717738d04779cb79ed71d91,2024-12-02,31000
bca-d3b90f4370d1592c32873c2b8320699e,2024-12-02,70800
bca-f760ec3ef3d772d758dc99baeaa80311,2024-12-02,65700
bca-18cdfda422d5221033a78eb0a7b4e428,2024-12-02,-26300
bca-33390cbf2327d6c92909604242cc0132,2024-12-02,61200
bca-431675fed33b952af4375447bf8039c5,2024-12-02,-73800
bca-ded9fd898cec85aec3cfbeab2b5d1b08,2024-12-02,70500
bca-6e77516bbea7f5e7fc1705b041c8ee46,2024-12-02,41100
bca-6a69241a6e5b3d34a5fb08e9bbbbde9d,2024-12-02,68200
bca-f77ddfb00445ecd3837f18d3b1310cd9,2024-12-02,5700
bca-54a5dc2dfbdd9a1001614ddf47c0e116,2024-12-02,58200
bca-9858a249176ce85df315d897ef709db9,2024-12-02,11200
bca-58a4c0251355ef731ff81dd1077dc7c1,2024-12-02,47200
bca-75da1de238f30a91f0fd315e27774fcf,2024-12-02,71500
bca-46d0fd5014e3f4c4bbc5e59702347d8a,2024-12-02,37900
bca-b52b35c8bcd4ca8b2ac4984c40d7f6dc,2024-12-02,39000
bca-578ae8c72514419a5d3c47808356d7b1,2024-12-02,35200
bca-bb7055db26a19adf410c57d73ad3b440,2024-12-02,85100
bca-f4084455e0ed1a4e760732f23442d3c2,2024-12-02,65300
bca-57c0eccf55209fc6d98efe0ee838ac7d,2024-12-02,-27700
bca-b526d3a5d781593e278847647b620831,2024-12-02,81300
bca-b210793e38ef37426b47c138e7c0e898,2024-12-02,52800
bca-cafbd24cf027544ad27a90d7e84f150c,2024-12-02,87200
bca-e8ccd5607eee1fe439f9db85b567eacc,2024-12-02,-17900
bca-3f4c5d220c337cbb1c1d22ea015525b6,2024-12-02,-89800
bca-97833000353e7e6bfc1eb7de9a50cc12,2024-12-02,98900
bca-5d97f32f67b43756b4acb26e929d51c0,2024-12-02,60800
bca-8137b17d6782687eba465f303cb7c16b,2024-12-02,66200
bca-860c40ec18fbe7eb3a41e055477bf16b,2024-12-02,62000
bca-17948b3e185d4a91532b56ba80536259,2024-12-02,78400
bca-5e8fad89ec9f6ffa8f82da72ff893261,2024-12-02,33500
bca-14f70a09a402dd954a354f94f3d8b7a0,2024-12-02,-85200
bca-b9ef3bda5d08e02c878ee91f5b85cd45,2024-12-02,38000
bca-ca689bdd57830cfdd696df7c403ee4fd,2024-12-02,97400
bca-7e9ba8aeef45aa35950917aafb5ef2e9,2024-12-02,77200
bca-cbfdc0f2f45609caee2f5588873068ad,2024-12-02,12800
bca-1e3ad95c22ab0b28a86bbe004bc370a4,2024-12-02,65100
bca-43010948fe2a05dc07524f7e8b46d8c2,2024-12-02,62400
bca-68e2b70fa15c0413d830f2b87e304198,2024-12-02,43100
bca-49dd728df6dbfbd97cad23f3cb335612,2024-12-02,-29400
bca-9fdc8b2f82abd73b58251e19bbea55e2,2024-12-02,13400
bca-2c7ba22f17f712e9af1fc03849c06fb5,2024-12-02,80400
bca-442283e72e6a35abe06fe6dfd976b194,2024-12-02,90600
bca-a9d87a59702248b50d3c2808881d0fff,2024-12-02,59300
bca-d635fdfc4d090ba4b0f4be4085a968f0,2024-12-02,12800
bca-e02e0be82574401fe7a25f134dc95cca,2024-12-02,-98500
bca-55ed3cc3239b7805f08f2ec01ab6ab2b,2024-12-02,-81800
bca-599f8942f79e8490b597863cc18015dd,2024-12-02,52600
bca-7c4d115dac152c2ff3c1e9ccec2b57c1,2024-12-02,-40400
bca-aa60641a41aee43ae5571b89d970a6e5,2024-12-02,86600
bca-546276535141e0ad6f0bdf9e21a6893f,2024-12-02,-1600
bca-8baf5261f5b46f83b256222e69b2de80,2024-12-02,27400
bca-9e1fe1f9a8d32d9e217abb2a6a245920,2024-12-02,44200
bca-2373b70009d8a98ef09e5d9398b02c36,2024-12-02,27200
bca-fd2097205568f96f5216c1c0fff53e76,2024-12-02,4200
bca-213932d5913b68ed62ab7da450c17471,2024-12-02,13300
bca-b590d13f6c88c61865183898464530a7,2024-12-02,97200
bca-de00d554c35f5e5b996166eb64ce3407,2024-12-02,-43700
bca-3a9209b90ca397f1bd5b1cc7737281f0,2024-12-02,36500
bca-f04692a369f53c2788b14b4df290c0d8,2024-12-02,-76200
bca-fb02ab96ec09c3cb6ec00f198d71eaa2,2024-12-02,93100
bca-92fda68d18fbbdd47ae799a0b17b2404,2024-12-02,14800
bca-69186896547408cb54ad90131d7cae7f,2024-12-02,9600
bca-12fa54b11e2344b60011e4c4cdac6d6e,2024-12-02,-34600
bca-9aea119652dcf70f9f09134dccdd66e3,2024-12-02,97600
bca-40994523e8ac76a0f0ca19c6acf2f56f,2024-12-02,-11000
bca-edb7bce3559a75ddb93cdd62a2919ab0,2024-12-02,30900
bca-d78c24197c81e88bc2cfb5ea40c6442f,2024-12-02,37000
bca-1c13485064e706e4de1202ef00b5b901,2024-12-02,-35200
bca-c6fa591b6c53e135289ebc4659d1066b,2024-12-02,94400
bca-22de702c00c5f08f3b3d15a216652150,2024-12-02,44300
bca-b2819cae08fd1bd1d44f65d87b981abb,2024-12-02,69800
bca-e69493b438ea31004a6ad08e74100a18,2024-12-02,-57300
bca-12d3458365fef340dd5016575edc0266,2024-12-02,71800
bca-c92acbe4bde79ddd3a4c3b8209895ad0,2024-12-02,7200
bca-97a1b647f7d2b84ca14e0d63317b71d3,2024-12-02,48500
bca-58e45172703471fd896d293cfd141088,2024-12-02,-73900
bca-c281bf0541d59cd6ef3717d13216191e,2024-12-02,39300
bca-4111c4f1661cddc124319e229b99312c,2024-12-02,99800
bca-601218f939d4ae4aa5d1cb9ef6ebb48c,2024-12-02,49400
bca-82706a2b708d827057a61e3e519cb7ae,2024-12-02,-52800
bca-432952b67d7a800efc067036855f2139,2024-12-02,-90700
bca-ca8ca8035f58e9ae9cfe208c56b77119,2024-12-02,-97200
bca-ac554496cf4bd94f6650f436ffffc501,2024-12-02,43000
bca-e2517e4e1aaa2f6bfb1be6fcbbe481eb,2024-12-02,91800
bca-c2300f72da4dede4c2c28bc0142b4d6d,2024-12-02,46600
bca-fc5b253120a1eb0a16041a2fb26ccfc6,2024-12-02,84600
bca-9c319415d2070abe216152603b5c9e67,2024-12-02,-50600
bca-77892b6fc681ac57349db05d5a3eb6a7,2024-12-02,95800
bca-f759242fd5755475a11885fbc5c5540a,2024-12-02,87900
bca-2174baa245a22790c0fe838647f51c94,2024-12-02,-16200
bca-4966d1be1ec554435094b4b82d362550,2024-12-02,-21700
bca-fd545bbd09609eddb62480dea43552f5,2024-12-02,-66000
bca-1173bafbccd6103d19bcc9bb4cb70e75,2024-12-02,83600
bca-67ef142447d9850526e34ad1a855b16c,2024-12-02,-62000
bca-121ed4b0d71a45bf320d84bd3d6ac93b,2024-12-02,47600
bca-b63b65621b33ec7f19d5dc339a8db299,2024-12-02,94300
bca-63744c89c9fff8c404a7df226ddf57dd,2024-12-02,33800
bca-433977006d7fa08458eb3cf49423e522,2024-12-02,27100
bca-fff6a3dc1bf86484b3a3c196c21b6843,2024-12-02,30400
bca-5087e983cb3406678dc5183d23cec0c8,2024-12-02,51800
bca-7d6e622a4dddde6598abc477ebf62660,2024-12-02,26000
bca-4ca125c31542ffc4b2deac885eb9671c,2024-12-02,-2800
bca-d725f531f4e795f4b19122e0855552a7,2024-12-02,-86700
bca-a6a7012abd58c02062ae0f0104d3f3b1,2024-12-02,-25200
bca-76d25d727c0a545c2ecf6f87fb4601a9,2024-12-02,9500
bca-f22de1651ca6d70cb8c4f8439b86fc6f,2024-12-02,78000
bca-62c5fee619089a2187d136ab086b08b0,2024-12-02,46000
bca-be2ac6a707fcc30a7975e021ecf360a8,2024-12-02,92700
bca-7ba4df36bb71076d172672025aa44836,2024-12-02,96400
bca-4b5521f1a50b6bc4e55a5b90eac47020,2024-12-02,32000
bca-cb60682addce8991d887e4b8e7187ccf,2024-12-02,-19100
bca-1d51c5a61b2ebc568cd445388300b27c,2024-12-02,79900
bca-9b037d3754cff39c5177499833ef15fe,2024-12-02,-42800
bca-3d705126581f48be2b8e8a2f4206455b,2024-12-02,44600
bca-3c3fac2d783de603a28345a939c6454b,2024-12-02,-17900
bca-c158f2e2633b45b3cfbc523ad3bbb952,2024-12-02,-71700
bca-b891b8d06b75cc725bb9dbd43cc1744b,2024-12-02,53500
bca-052dcc6b60b629da2b14df27dcda2026,2024-12-02,71200
bca-0a1d96dd8502b871965b53280a1f1bb5,2024-12-02,17300
bca-d5e884ce56cb022f6cc95fcdea759d69,2024-12-02,97700
bca-83857864da1839edc7367c6e03b7dd54,2024-12-02,-14400
bca-df9f0fabf6dfc4495fd397c8a42dc340,2024-12-02,28300
bca-c8e6caa28a0c93a8ea110154a26f08e2,2024-12-02,61700
bca-886213d346ebacd333fcffe8b56d4c92,2024-12-02,74100
bca-992fb2131dfd79ed50c063545c9e0432,2024-12-02,14100
bca-ee90fffbbfd025fae4cada19eee373b7,2024-12-02,89800
bca-daa5e73ccebb32d8980a055bbae4c901,2024-12-02,31600
bca-b46ecee7cf984b789e45e4b0c9f4a610,2024-12-02,72400
bca-fd2eaceec38f08231d1d54a428f40f36,2024-12-02,-37300
bca-872c7ab0c4832e7b5cd369efe368de60,2024-12-02,-6100
bca-58809faec772e5b4a0eeef04d9482034,2024-12-02,48500
bca-f7f89ba01e481ba492a65143b76cac29,2024-12-02,52900
bca-5e6c0d15da75b6c8c6c3a6142b35e089,2024-12-02,-8000
bca-95c508914e9c2508b3953daa45e79c81,2024-12-02,32300
bca-de530c17341b2aed86e2c922bf707661,2024-12-02,33500
bca-7afff89f1645e3117d89244408b6ede4,2024-12-02,94800
bca-5240ebb198f263c417af3a386da694e4,2024-12-02,-93100
bca-42056b61d251f95427dbb5d25e8316d7,2024-12-02,-79500
bca-52f88439dd8a084e9239e1153d57fe9f,2024-12-02,-57700
bca-81fe2f90ead13637e01d6129e103460c,2024-12-02,86300
bca-54f6e5fe2ff3ec86eb1363209b0205c1,2024-12-02,41300
bca-182f4c4d72b536961a5ea69527840c45,2024-12-02,69900
bca-3e78ce2a288651512500182e4a5564d5,2024-12-02,-78300
bca-7a3d68f9871b38d95dfe6fe84115569d,2024-12-02,-98800
bca-091ae071c71a67fc3f81a1bd9d451bd0,2024-12-02,21100
bca-3231dc409981b4a8983c636551750908,2024-12-02,-72300
bca-e3b6419e28e3934676a3c27860c32faa,2024-12-02,28100
bca-c4c35177f4b540eed284901c7a924a1f,2024-12-02,56700
bca-a076e4cbbf9b912383118944cb2cbba7,2024-12-02,68200
bca-628c21c6ed0f9a7d739e755c0fb1765b,2024-12-02,64900
bca-4c7ae4addff2a570719fa886fac67d86,2024-12-02,43600
bca-6f0755ee772ca11bc486965bc4fab61e,2024-12-02,80500
bca-7bf738742f424a8f012700b508ca7abf,2024-12-02,45400
bca-796ff1db723c77abb66840e2c19bfb65,2024-12-02,51200
bca-7a311709981bd3322e9ee1e9bfa2d491,2024-12-02,60900
bca-8fb6be079a0e8209431185097f0a7ffd,2024-12-02,59200
bca-47fcdaa499f54008d1fa9735277f329f,2024-12-02,84100
bca-96c89de0d874a0ed710e8786f0136e74,2024-12-02,46800
bca-6f3fc5d2cf5c689d4243e4ee90869e3f,2024-12-02,99500
bca-bfc0d6c4c467fc7f19f0fb2d1b198bf1,2024-12-02,-76000
bca-fc3dc98e713528e7daccc8aa9f962304,2024-12-02,6400
bca-61250e508523037d35859eb0f90baa96,2024-12-02,-14500
bca-d4004b52d7dac74a4b76d95896150a2c,2024-12-02,60400
bca-578474e6ee70a9bf32e707c19baff383,2024-12-02,-60600
bca-9a9b02fb26aec631c7f039c1ef7ba06a,2024-12-02,70500
bca-ba8e4a43ebb1f48dee4d3ce3a9107429,2024-12-02,46800
bca-90d337e9f307768e25800d22ec429962,2024-12-02,57500
bca-a1e54eddb9b1b46073c794faa0ebc329,2024-12-02,75500
bca-7f9ba02d2d89b271e639624d7cee446e,2024-12-02,91800
bca-d4cbe32866dcd7b0b8df60c4d378bf70,2024-12-02,-67000
bca-64f4808a8f9ef3a57e468999d7c69d5b,2024-12-02,85900
bca-b56c44c8395fa6b5d7a19337c3f54ab6,2024-12-02,18500
bca-8b772d9d3980d2009fe124a09f0ab30b,2024-12-02,81800
bca-2c4dd8e9c810922f34208533aa304aad,2024-12-02,-56700
bca-288507d528f5620fce7ca2da60001d7c,2024-12-02,29200
bca-5a4e08e68862cda9f18c7ebfd907e40b,2024-12-02,8300
bca-bcac2f556962f80c1d5d975d485c01a2,2024-12-02,58200
bca-2e9ae4e394c080ba726a31dbee0ae8ac,2024-12-02,61300
bca-8ab3de6ab113b8efca3417a522e323e5,2024-12-02,-59600
bca-7f7e7781a93116d3744b699b82954b99,2024-12-02,42300
bca-83e614b85165b7578fb650c6c04bbe2e,2024-12-02,15000
bca-d00e08aa3061c7e06b57f6db1a1defa7,2024-12-02,39000
bca-226784da73a86faccc169de27ec532eb,2024-12-02,-64300
bca-44b91c2206b707b9c09b4ea9c912dbe6,2024-12-02,52800
bca-63bd45ce1ec55431c2e8929d7f939a65,2024-12-02,-38600
bca-989b5c13e23a5e5e9311ce5c00942100,2024-12-02,7500
bca-0f74519eecebad631128003acafaa724,2024-12-02,-63600
bca-0181010110410a5d6baf1f19665948d4,2024-12-02,11800
bca-67efa383c6afe87d9cec3d6fad6ddc32,2024-12-02,73600
bca-1c326d6c65aed32081326c8f4452d1c4,2024-12-02,61300
bca-87527aa39ebbe36db7ca4584d7be84c3,2024-12-02,80100
bca-1ccbbb1ddde6fd0d4d2a651d255393ce,2024-12-02,25400
bca-725a68607cddcdd95bd5ca26cf98e9b4,2024-12-02,8100
bca-a0aef91249a57653a52a782af104a51e,2024-12-02,14500
bca-219f3fdec375157a74b21522ee24ecff,2024-12-02,53700
bca-25910d8d98fd1b7c8b0f724e2d1ea97c,2024-12-02,-45000
bca-7e70f8a8a2fbd960b0c5928dc308eae3,2024-12-02,76000
bca-a745d04985c9623d0354684564cda485,2024-12-02,52200
bca-1aeceae6abb8057f56fbc578f3dbb028,2024-12-02,87500
bca-565d6dbcfe904739253a94904eb33e13,2024-12-02,-46300
bca-0759e83516a57e69178b43b8441a0834,2024-12-02,8800
bca-020293eb30eb018639173007f80cdb01,2024-12-02,42900
bca-0e68555187ec1c29c0a4fd3cd390fcdc,2024-12-02,97000
bca-7b39002220c920748bed6d5114dd3f51,2024-12-02,6000
bca-f1909ab8cbb6f91e83e7a6986a35b97d,2024-12-02,99700
bca-a7c96030638959c46dea2d69ab4ad077,2024-12-02,66600
bca-73d7127bd20f9534c95264059df6b2e4,2024-12-02,90300
bca-d92bbd78331a38df5f3eed1d89a02f51,2024-12-02,2600
bca-29498b4aaef2e77323370697f29c8145,2024-12-02,27600
bca-3d50db6ebe3858baa183854ad32be437,2024-12-02,10400
bca-595dd2982082627fd0af421ba636dc3e,2024-12-02,-45000
bca-1510e9d3339958acd461e649818d2f6e,2024-12-02,-80300
bca-5ba3146a8171416c9ab8a4c146f30f96,2024-12-02,-19600
bca-3fda2785ec62ee15e3211e9d25ae1ad3,2024-12-02,47100
bca-44b1d8ee5b69b0ecf7400b9c05741c41,2024-12-02,16500
bca-af1753f955c9e38a0d09f1c9634058a5,2024-12-02,6100
bca-dec89359b122968433b4b27e88e6a9af,2024-12-02,48700
bca-a623a7a8dbb39b08e3590e8d25ef320e,2024-12-02,72300
bca-5cd855e862a60dda8f2de19a32ba24f8,2024-12-02,51100
bca-6e184ca85cb16c6de9474eaa5ea87b85,2024-12-02,15300
bca-e5c20dda3aeea47513e65ba4df5e78ce,2024-12-02,86500
bca-2dc4646392a12dd2beb4d1289e6ecf78,2024-12-02,11400
bca-014869120405d8b3c7a1b04d9a484ae4,2024-12-02,57500
bca-4123007d8dba35169c25d1d01b860193,2024-12-02,61600
bca-e9fd46ee285d5becb5772fcfa6939e41,2024-12-02,48600
bca-4f6349b560b4bb9b01e8f4e91c5a9420,2024-12-02,-85000
bca-8ee60566635fc471cafcc39fb6d7b2e2,2024-12-02,13000
bca-f53e5efed96e4ab41f17eaeffdd3603e,2024-12-02,-30700
bca-9b843d9ba9325db1671891d913c958d4,2024-12-02,9200
bca-fde3ebbc6fc0ce57c7c875aeaf0618ce,2024-12-02,3100
bca-1996a42df37b68fad1967450c50439e3,2024-12-02,33100
bca-aa00fe7f8f598134ee9b865d19f895e8,2024-12-02,28300
bca-416258e5c41750e8bfbcd1a686e0a69f,2024-12-02,65600
bca-19f5eb76527a5b77b20719bd49e7a329,2024-12-02,53900
bca-60aa35e9977b6590ff76ce122cbf77e0,2024-12-02,2900
bca-4008ecc7a47b906f9cf7978481f60c3e,2024-12-02,30700
bca-8440d38f13e73ab571d423991554c160,2024-12-02,-43500
bca-cf6d6cc6d9e043c98f0639064dda3803,2024-12-02,-62400
bca-9be410dc19e8c2d4cdafacf534887512,2024-12-02,22500
bca-a2ea8ca6af4637d5cf9893fe5365bfee,2024-12-02,79900
bca-ec851867c4a0a81f8b850c98343ae135,2024-12-02,81400
bca-29beb69fe5bd02d459499042493162e7,2024-12-02,53900
bca-005509ae3f9f4ff01d66dbbff6392526,2024-12-02,77900
bca-e9e574d0403420d6d04a4c8c0011b3bf,2024-12-02,93500
bca-297b5982b56e64ac41590b60bb857ac5,2024-12-02,70200
bca-e223a6c26381e448e3c569f173f26a21,2024-12-02,86100
bca-19f2b0ee2eaacd8548824da3bfa351a7,2024-12-02,-62000
bca-353c54759cbf393457d4c9e037591021,2024-12-02,10200
bca-359f3177fb945d8ed35ef12a6a0354cf,2024-12-02,36300
bca-bab223c56804e7fa6de1a4ce6402add4,2024-12-02,25800
bca-b0ba5d03c5bef54645b0ae1bc9ed6247,2024-12-02,-60600
bca-a7b61783c39f4fa27528792b4a01f0a6,2024-12-02,46100
bca-de9af4c2859a38e29142fdc60fa4772a,2024-12-02,4800
bca-2cd8dd92301f6633122101daf575156e,2024-12-02,-84400
bca-d0edcc9371679f0f04082599431b6bd4,2024-12-02,-36500
bca-064b7a528527036e53df3dc995acf357,2024-12-02,37300
bca-983c52ac7cdf688a379b623e909df3a5,2024-12-02,84300
bca-0663bf0ea33c68fb3674e9341c786360,2024-12-02,33900
bca-8cb949240eb761ef21849ae474a60a0e,2024-12-02,42100
bca-f7b99f53a19ac5558c9a13dcb082255b,2024-12-02,89600
bca-1c0c322895f20f85a15cf59034873f29,2024-12-02,67900
bca-d86f6ba967332bf6f3df3e9ecf99e44b,2024-12-02,-79300
bca-2e7e95a377f5f44b5b2974e7c93bb559,2024-12-02,11200
bca-960226f9df8c2d89fff155b7f013a857,2024-12-02,78500
bca-b5df693ca67275591e7c6c8b415c0f9a,2024-12-02,33500
bca-754cad2268b90229ca9c79f387259a4a,2024-12-02,80600
bca-e8e37ffc86d53fa40a1edda6d7f7248d,2024-12-02,-3000
bca-c8e94c010e9626b9286663ed8621db79,2024-12-02,25300
bca-c932601fc216a10aaa70de6f594d7a4f,2024-12-02,-18500
bca-9608e31bdd2e07c046c8c8741f08001b,2024-12-02,19800
bca-992e5fa44127a7a25eef256c8516fb5b,2024-12-02,9000
bca-98b6f4a3f5022d082c8000c5621641b1,2024-12-02,-36000
bca-14617f52061eb9e1e9dba1e642ab7b1d,2024-12-02,90200
bca-87f0707794a6565a18d3c47cf5bf0c52,2024-12-02,-87100
bca-39b248012f8cb9de210161b0efd38ae1,2024-12-02,89700
bca-0c2dcfdd9485bb48eb3706b043fbd01a,2024-12-02,20600
bca-15078875fe5a348cfbdd122de9f3a9a8,2024-12-02,65800
bca-cae7e84c53553dbb9d264caf7d2c16d5,2024-12-02,80600
bca-1d6b8a3535cc45e9c3c9eefbe63e0145,2024-12-02,23100
bca-7278a0b77c119f416206b0ea8bb7d255,2024-12-02,-62800
bca-6c26916285fe5f2b47b3f1f4239b8042,2024-12-02,84700
bca-0b56f7309583d905fda022ad32bd3495,2024-12-02,53100
bca-e91ce57a6eb4f2b5fa5de26956b5a341,2024-12-02,60400
bca-c01484d0d4397626b6d35143067243e8,2024-12-02,18800
bca-9a2fe3ab6c85e73074c08cd00f7acc98,2024-12-02,52700
bca-c7e17762e91df4ce098fcc16dbd1687e,2024-12-02,33200
bca-2662f14402131b63938a63d7dbc75bb9,2024-12-02,45500
bca-7d40b85e059671de7e3da963cafa8138,2024-12-02,59300
bca-118e5e5b46f60e66e02b3a8ebb2d3ff5,2024-12-02,23700
bca-e75b92705c3d9b4069042cd185d55ed7,2024-12-02,46300
bca-0dc0a377841748aa5c3ae8da9b707743,2024-12-02,32400
bca-66f97ab271b900adf07ab7ba42068419,2024-12-02,-6000
bca-67bd452fba61142ad7ab4fc30951ae25,2024-12-02,29000
bca-e4c61824c179ce72a34d59b02ca46746,2024-12-02,-48400
bca-dc302432358484b57f9ca5098c13359b,2024-12-02,38800
bca-369d76cad0b7b196a122f9df8ef76bed,2024-12-02,19500
bca-bba51924befe01a379d398c0027c145d,2024-12-02,19800
bca-39e808156ae4fa7fca2e9701cca62c3d,2024-12-02,22600
bca-960877c2c37234264494ea847fc75fe0,2024-12-02,-6400
bca-97aa3ddb716b6cf62a4042a0461477cb,2024-12-02,-70300
bca-9b70a75cf89a8d479f16008e8bce28c6,2024-12-02,-57500
bca-d6463645a2f26313d5bda52dc43a18e0,2024-12-02,-18000
bca-976720dbbe75f2df965d7538fa9c3f90,2024-12-02,15400
bca-a1a94934f8a3091b4064bbc69f663244,2024-12-02,-42900
bca-6e5316ee1165597ebaa87fb3d61e47db,2024-12-02,27700
bca-007b48f2958ccf501a815bd3273c566d,2024-12-02,-44700
bca-bdcb97a7855def9a237d757901ed1a95,2024-12-02,74600
bca-3974a94e23b6a3cade24041492af110f,2024-12-02,-31900
bca-efbc68080e0a01c5d906b6022d3a2ddc,2024-12-02,98700
bca-d5844ecd5236237b966341b4c1232130,2024-12-02,57500
bca-7b6e7c4df0d0a5a4c8cacca377bc188a,2024-12-02,61600
bca-e3a5af11e14058a6293c01ee23d91b4b,2024-12-02,71000
bca-534223cf4cd60fcada21ab09aa77835e,2024-12-02,92900
bca-662111b4ba497fe697ed5605c19e7783,2024-12-02,90600
bca-5f65dcf3a2711ad3e68d58d1e928f54f,2024-12-02,95900
bca-6b89d810f0b079628d7a0d4efa615ba9,2024-12-02,94000
bca-07e1185948a57aa3564561019f80de58,2024-12-02,1500
bca-66a82051cc8f22eb6a66a34d8189dd7e,2024-12-02,-49300
bca-6495773b7c3a30ea2a4392d9fb4872ef,2024-12-02,64000
bca-c3b4f73725c794fd1cdc9a97f330244b,2024-12-02,67400
bca-65ab58ac69a22a62f601c69aa257be2d,2024-12-02,-57900
bca-47865a7f692428578b266492dfbb9c8d,2024-12-02,-19200
bca-a9f9e5ce9d2456414cc26319d484bc47,2024-12-02,-3600
bca-4d375c102ffa54b1ecb02569239c21e0,2024-12-02,-76700
bca-9f4e1883db136335514b487471957116,2024-12-02,96200
bca-43463250e0a6d4057856b5e9bec19cc6,2024-12-02,50500
bca-a032145b0b93408fa504bad059c47c5d,2024-12-02,60700
bca-b38c5119538a9e6bed4d95b9ec04fc45,2024-12-02,26600
bca-389bcd2545d7d05a1db9bb3b0276918a,2024-12-02,81200
bca-970a1c0e1d9db5e0fcb28b32d05819e7,2024-12-02,60700
bca-5211235bad60aeaa331de449e2d5b94f,2024-12-02,46400
bca-4a45dc892c8e7264a71b6eff681e1b6a,2024-12-02,43300
bca-3293221662f2bbe04c91cc98c0fcdd8e,2024-12-02,-4300
bca-817e87d4ed4fade146cd07e7e2986975,2024-12-02,34400
bca-2e6ce78c922cfd56f538c91259cb040e,2024-12-02,41000
bca-0e3b51dc8856be7170e1d5cb741f2499,2024-12-02,-60500
bca-5f34ac722ae32a5dfe5ff28a74169786,2024-12-02,-91000
bca-8bedeebdafc99c3dfe97e6bc2cfd6e53,2024-12-02,24700
bca-0f6d7b496108ce67bc6dc087a84f3439,2024-12-02,-42400
bca-fcc53e1f2a1cf452ba028b9b984522af,2024-12-02,26300
bca-1122c46b0c697457a72214eb5196b356,2024-12-02,-97900
bca-dc893cdea60e172c17dd3e4a1d6a7076,2024-12-02,77800
bca-e93acf9ba0c04ceb301f080959f999ca,2024-12-02,90000
bca-88ab97e9d0c075c58deb9647a176d969,2024-12-02,52700
bca-4484df2cf5f591a3612ef6285a480d8a,2024-12-02,99300
bca-42128ab429571c934c01874b1d512cc1,2024-12-02,30300
bca-52a7ea63625c66a53533cc92f8177c89,2024-12-02,86800
bca-3bc6847d00e7843376aadba54441ffbd,2024-12-02,55100
bca-b74cc5771f32daefb71383dd7d83aa04,2024-12-02,73100
bca-9774f11ee36d2ab7ca4c87a0e397a191,2024-12-02,68800
bca-1a6ee90b7a79a78dbc56f4b1bf7d402a,2024-12-02,58600
bca-859d0ca46d78874f6eb020b4cda2ab16,2024-12-02,-55400
bca-75536fbeb3cdc0bb76cab7b1dc89f05d,2024-12-02,69300
bca-0542565ff02012d85cfdcb230b0fc6b1,2024-12-02,57600
bca-0326a4aa68a68a58c6dcc8bf764dd94c,2024-12-02,3200
bca-b2d0f0ed53447d254794941bd63edec4,2024-12-02,9200
bca-ed5b667c319f35a5cdf550c90a16b33d,2024-12-02,68000
bca-7172a670a9089e7090e359839852512c,2024-12-02,51500
bca-eca7ab57b959627b9b718604c71f09ba,2024-12-02,75600
bca-c846a3842ce77c65f97a5bdf2d74a6a8,2024-12-02,1500
bca-58df73acca226d22b446eec80ab9447f,2024-12-02,14500
bca-d0038365831d50192e804a57a5e6de0b,2024-12-02,94100
bca-46c9ffa1696493da60a74e86c61c83ec,2024-12-02,95600
bca-0bdf54b52ffbd80d447c38eda606cb40,2024-12-02,47700
bca-473c3cd0a32ca9be5ea823848597c448,2024-12-02,6400
bca-6f7a23a222de051cb933890464ac6222,2024-12-02,31300
bca-773539530bddc368b0aed82b40756fe8,2024-12-02,70600
bca-1e71674c5d7c0ddc11957884546db7b7,2024-12-02,53100
bca-c0f1a2cfa237ef58db9d50c06b323454,2024-12-02,28300
bca-76f6d8737826aca70ba1d96415373548,2024-12-02,40600
bca-b7c5699c281154aa1b4b8bd2ba33674b,2024-12-02,28700
bca-f19f3688b6c6f90cd52f3052f07c0ec8,2024-12-02,-16300
bca-99da1569a06f403af4bf426493e67a8e,2024-12-02,51000
bca-03a8dbf21166c5b44adc172a1c926a8f,2024-12-02,76400
bca-b3fe452c6f4382729337bd22951d1a5f,2024-12-02,80200
bca-74f426b9c6901e6bde0d699d880a4022,2024-12-02,23300
bca-883b616d15dada498dbf15c97e3c81be,2024-12-02,17100
bca-fa136dceba841140570020567a19e623,2024-12-02,-25600
bca-ef4c8c56d7c738b30cd3dd80a0d61931,2024-12-02,-26600
bca-dd300d9b669ebaae6ba05d4599b5d834,2024-12-02,4000
bca-7ee3c3ec3b9285642c94ba947d673780,2024-12-02,8800
bca-8f3f6c207edd76e86e71c55e4fe8546b,2024-12-02,98500
bca-7c88496edb2c633cbbf2251c95b370d1,2024-12-02,8900
bca-9012f1a81b36814e6a5ab7d73364a962,2024-12-02,45800
bca-a330031ea929377068409399c3a18cf5,2024-12-02,97800
bca-58b5d0a17a669c16b39e288a275328dc,2024-12-02,59500
bca-31e595b391de9c1abce1f609a7748ac8,2024-12-02,-17700
bca-1983beb0907e83310b8ce35cc2478048,2024-12-02,-84600
bca-fbacf1b9403b295801bc2780b2ba862a,2024-12-02,12000
bca-03dabdfa0a26408d6d87f6e219129bb3,2024-12-02,5100
bca-d565b7f4599a0f567a53968111fb7fd7,2024-12-02,-30900
bca-af5a5a6c7c55b1697c33ccbad2166f97,2024-12-02,22200
bca-a8f64a7f94a56f9877dcbe19ccfaaa25,2024-12-02,76600
bca-944f713ba388eb9105b5898256d8fa80,2024-12-02,83200
bca-076708ac22d784f83a6bcbffc64c7a79,2024-12-02,-98700
bca-f4f4d2a6d55e4f3a3d2673bb66099031,2024-12-02,35300
bca-5aaead90b7cae95087ac8302d60be3ee,2024-12-02,25100
bca-cfbd19a60915ada9917ca77c952b7d9d,2024-12-02,88100
bca-63fcbf138eb8a9e2fa20d16bafe75004,2024-12-02,19400
bca-7b6545444c46f41cac61562582f8af2e,2024-12-02,-52200
bca-5d48b2cdcf496cd0f734b4374051f4de,2024-12-02,81800
bca-6b4d37a5f5f355d357c238aa9b940daa,2024-12-02,94200
bca-05bd835bda835b68c425d5522ee1f41f,2024-12-02,66000
bca-412bfa6d6ae3accd10b054c6e468c9ba,2024-12-02,-14900
bca-1924c4ddd05d28231194b56bd8647156,2024-12-02,55100
bca-f6f1f14a229b69392a7f884695c9df46,2024-12-02,85200
bca-292c5c4f6c97dfb1c4139273bca4b8d1,2024-12-02,29200
bca-a2db43234281cbdce98ac21d15a45f69,2024-12-02,67200
bca-9cb48042fdb213ccba3a5a31a53e86be,2024-12-02,-55700
bca-ad888aa0ed0324e472350a9e4e7c2e89,2024-12-02,78500
bca-12e78ac2170124ff8d31c1e0193de1ad,2024-12-02,-61500
bca-abc070095aabcd24666029889d59766d,2024-12-02,5100
bca-a74c98025b68b7c519d2c96835f6dd6a,2024-12-02,-89700
bca-f49a921543d91a7dbb49269538aa882d,2024-12-02,68400
bca-654d025317dd2b5218f1d0dca17187f8,2024-12-02,60100
bca-a889943b5fa2397b634d65dcfe4d8169,2024-12-02,79000
bca-77080dcae76c85d7319f3f95172f9d44,2024-12-02,-10300
bca-3a80cd212e6a2d028c64d95096dd4326,2024-12-02,-57300
bca-d75b095cd0baef032f2d56f2e033cecc,2024-12-02,26600
bca-1651fe5fd56de9e26b16b431d1f4813e,2024-12-02,-83800
bca-b8a3999ec13d3dfb5da8f879490872ba,2024-12-02,35800
bca-b4c5f8478311cde8d02beebdbfeb37d9,2024-12-02,10200
bca-218a9ea125f46f51106e95a8fad43164,2024-12-02,25600
bca-ef98a4b47b0df91b3eb1190246f10f7a,2024-12-02,-29900
bca-571c38ad7aeb84c9d05cd93136a8030b,2024-12-02,61700
bca-d4550c64e78952e331c27a7df7b006ff,2024-12-02,30800
bca-b767afdfc407d753d6d0338e2fdc3849,2024-12-02,63300
bca-8d52381f77be1be28f58dc9820a9443b,2024-12-02,44200
bca-1edce3d76943459b8a9ae487217b747d,2024-12-02,-51700
bca-c4c25cdf1ec9b66e01f907a4363eee2e,2024-12-02,12300
bca-7602c36f79dfe810126bb03127f36428,2024-12-02,76000
bca-5130c1010ee196822a13f221826f2488,2024-12-02,85400
bca-0b11b6e1c1b132589d3aa0bb7ce85dac,2024-12-02,56200
bca-7b5a131c5f624f1e61ed2a0a3e836ab6,2024-12-02,26400
bca-9d39e26565abd104007ae4822f3dbe8d,2024-12-02,92300
bca-815e3ad43f0792ac41a53a8954ead34d,2024-12-02,50600
bca-1cff1cf262f7d2f3d1a1d97341af8a29,2024-12-02,-85200
bca-5e9964363c22b2281e029f7be6bf099a,2024-12-02,73900
bca-182f36f19066b203539581f2e75f032a,2024-12-02,-81500
bca-65d3abb308244d27b412d5c2c5c8e34d,2024-12-02,45700
bca-8d3b2034f1f9724fbe97c7402c9f2568,2024-12-02,98100
bca-b8c82879bb45dd79fd1b96c94c3e4f9f,2024-12-02,-9700
bca-4654e997665c0aba1242b5fcd99e7f02,2024-12-02,39000
bca-c89775e818b95eb711a23ae26c975762,2024-12-02,10200
bca-39bc6a6d8a1fb90666cf1cf48fdd13a9,2024-12-02,41100
bca-d0479aa65e299771161e4467fe1f9b1b,2024-12-02,23400
bca-1459261eb45efda672915554d2b3099f,2024-12-02,35500
bca-fcb2a654199dfb14ad90ef9a576ab939,2024-12-02,-24900
bca-246e75d0f3670dd30674f83841b43680,2024-12-02,-60100
bca-68290252ad1865377401b19fec92b90e,2024-12-02,97200
bca-3c83ee0c7e2ab7ab761fae2adbf00468,2024-12-02,80500
bca-46a56d66ecee42605ad6fad038352aff,2024-12-02,47500
bca-da53b371e19fb9dde0cff3bf887f6458,2024-12-02,60900
bca-e68210fbee3802d0b26b2ac65998387d,2024-12-02,67000
bca-97bd29cc8b019eeb2cffa44754ac21ce,2024-12-02,13000
bca-34730ad0c9a99370c489abafa880c7fc,2024-12-02,40100
bca-641bbf202154a81a898610edd9feeaaf,2024-12-02,43000
bca-898aba307183a1a4d6807f4a4c6a6f5a,2024-12-02,34000
bca-ab20cf5a3279272b804b05a78871129a,2024-12-02,54600
bca-8f38a180b68f3d4372286a2f3a18e05f,2024-12-02,49100
bca-7d0417727f632a0963c9233366387592,2024-12-02,95000
bca-30fca062a1ee97311a369a014806b303,2024-12-02,74000
bca-8ebf16d673a9384cc772ff85d5a55ad6,2024-12-02,-76400
bca-1b681871bb510cb68b6e7003ab3149a9,2024-12-02,93600
bca-3b8bae07ce0389235504dfca2674054d,2024-12-02,3100
bca-5ba53f6ddba1e8ff1d671bdc7825af32,2024-12-02,4400
bca-3bcc0c9ac5fb756cb704193eac66de6b,2024-12-02,29900
bca-6481df3b2c521cc680af1fd7b8f8ea5e,2024-12-02,96000
bca-d7caaf77b6ec74a5fad3a39084643893,2024-12-02,67500
bca-74450d803ac8912824d8d88785bbd0b2,2024-12-02,14300
bca-3795f6621cad94205f904ceb57820894,2024-12-02,58400
bca-f1a4fe59bfbcf147e2851d9327ec1619,2024-12-02,64100
bca-01b97926de41a81512bf2e35f8a03796,2024-12-02,95100
bca-438630484227d521ac43e76db78762d0,2024-12-02,40000
bca-ec532b1a52e5de510cfe0aa854240d96,2024-12-02,38700
bca-d8e6c502a2e852ee467632c6a5c3edd6,2024-12-02,-23900
bca-08250461413d4fc1ceda27b6d9f9d9ee,2024-12-02,-61900
bca-2f64db1590f69b0eb2519911cc29c1c3,2024-12-02,24100
bca-e2b01212945d3adc849c034029462cf6,2024-12-02,98500
bca-615af47f16821c4eaa2e8d545e8b81f5,2024-12-02,62600
bca-8634275b4abe0a72f40a9bf46e586a4a,2024-12-02,63400
bca-18b7a70a4fb55f29ebc66b9eff1b2d5b,2024-12-02,-9800
bca-4d41d0ccfe78681ac274d56c0a8d5b63,2024-12-02,6300
bca-27e961b9271eba739deb6d517fcf43da,2024-12-02,8300
bca-fd9d79695de0b66ca057af454cd3d26f,2024-12-02,-88000
bca-472733664df53ea60d1a9f0bdff4f851,2024-12-02,90100
bca-dcf24bf32933729e7d3c3a3d97fb28e7,2024-12-02,-16100
bca-ea865ef02c9d48930cb93f61a0c9e616,2024-12-02,-20900
bca-8b8949cb86722212ee4e6c74f32a6f51,2024-12-02,7200
bca-42a3f90dfd05295ae9329860661a5741,2024-12-02,27900
bca-f4e4eb63f16c13676f6dae8322f00ba6,2024-12-02,85000
bca-4ddb05b2443e85716f77a9b4141ee91b,2024-12-02,-79900
bca-b40c37a9ce8fefccc1feae96afc4d4fb,2024-12-02,83600
bca-74c0b1a4bc1e5edfc5d3df07d86cc9df,2024-12-02,67200
bca-b136b78d7055c795ef2e8a60163dcc93,2024-12-02,-46600
bca-cc2599c3d7dbb5bc317e80dbd2eb82f5,2024-12-02,5400
bca-0d9944a92158c7b2944a570de18357ab,2024-12-02,90900
bca-1311e4ab9bd209e6de2f03925c64f107,2024-12-02,88700
bca-41ae6d96abe94f4e8dacc06d8030fb06,2024-12-02,21300
bca-fd604aee2516158fbf5a306294fe390c,2024-12-02,-5900
bca-5b2f13dcc1870efdcc70315b2be68dfb,2024-12-02,87400
bca-74f6762b8710a7af741498e484e559bc,2024-12-02,-95900
bca-701d8c18ed67975e79cbc8d2c1240a4c,2024-12-02,87200
bca-a8f15e5e6adb63fe1914b3d1b3152e40,2024-12-02,79400
bca-8e287b4f31852e07990d6cc764f7e14a,2024-12-02,22500
bca-8ba6d0948e1bdb847a30cef92a328f89,2024-12-02,35900
bca-3df3788945782d1ac75cb97cd66755f4,2024-12-02,95800
bca-da9b1f9150ec006a3f20f680aa80e68e,2024-12-02,90600
bca-c13cef7e9cbdd90573d472d7de4118ef,2024-12-02,34200
bca-deddda3253939e8292722fdfc1c4471a,2024-12-02,41000
bca-fa9013d84853c792122372b886940643,2024-12-02,-44800
bca-063dd84ca2a53a079455430f53b82a9c,2024-12-02,99000
bca-1fb2351ea0333b93880ff28ad98e02c6,2024-12-02,-1800
bca-29cdaba7006f53932410beea8ced18e5,2024-12-02,92300
bca-7e7b784ba004901ebfbf56c689fc6eaa,2024-12-02,94200
bca-028a0e59ce476ab226fbfc8718476308,2024-12-02,-22900
bca-4c49073f0416d576af0ce8cf20c587d1,2024-12-02,36200
bca-745ed51415bc332a06810f4288ee6d11,2024-12-02,90100
bca-8de3853e6daa73b497232fd01b39bfd9,2024-12-02,-73300
bca-1c60c3d05fc71a224c50515f435f8cd5,2024-12-02,53400
bca-7e040f5f128e40a6dcedba4ec81b306d,2024-12-02,68500
bca-4732c65734336879d0ae3eef0f1a251b,2024-12-02,-50100
bca-7ec81138028c56ba6d95d5ae59b4c2e2,2024-12-02,11900
bca-97b72763fb351ecaf9aadb287f4e4a0e,2024-12-02,-5800
bca-c30bfe76bc4222839594333c51ea35b4,2024-12-02,68500
bca-505e1a372fd116b080a4cf93f6d710c9,2024-12-02,-93200
bca-9b8fbd2df066ff1a711cbd29ff9c88fe,2024-12-02,83500
bca-f4eabbcab32ac7f6ee43b1ea9ddc358d,2024-12-02,51200
bca-3a34be24cdf74b12a6a6f8010ff7b0df,2024-12-02,-2200
bca-7baa969981ee23a8861c2140f8678bfc,2024-12-02,24600
bca-99a358365b40c2be3647b0aa27fd50ee,2024-12-02,14400
bca-e815e8c5258513efc9b0578c8396458f,2024-12-02,46800
bca-b0b1cf015d4f3a2ea79f6447aa9f2462,2024-12-02,28200
bca-e87a22af368404b35b62eefda15d77e0,2024-12-02,49700
bca-1b70be45d136774bf82883495fba1aba,2024-12-02,36400
bca-e690b464965fa42b3b7c327da6f1b459,2024-12-02,-82600
bca-638644e3a5a1725791e4b6a33bbc98d7,2024-12-02,23000
bca-da266af18f6bf03ad618b229ecf67476,2024-12-02,14900
bca-5dc836984c476037c4948e219927a157,2024-12-02,40900
bca-6c845ef80df69eaf242bd7c6a18a869e,2024-12-02,-81100
bca-2c23537a04619b7a940ca289b4c84e1f,2024-12-02,-37300
bca-02ab247b7d3c910818b58693fe178e1e,2024-12-02,73000
bca-27672d99eaaa86ed1c0b5c3315569947,2024-12-02,-91400
bca-ff1c343c1f81649b5d257c47a768d95f,2024-12-02,75400
bca-59282bd7ccd95e86f89a29d03de1d9e1,2024-12-02,72700
